SensorId, TimeStamp (s), FrameNumber, AccX (g), AccY (g), AccZ (g), GyroX (deg/s), GyroY (deg/s), GyroZ (deg/s), MagX (uT), MagY (uT), MagZ (uT), EulerX (deg), EulerY (deg), EulerZ (deg), QuatW, QuatX, QuatY, QuatZ, LinAccX (g), LinAccY (g), LinAccZ (g), Pressure (kPa), Altitude (m), Temperature (degC), HeaveMotion (m)
3, -0.0000, 0, -0.2306, -0.9540, -0.0353, -0.7062, -0.2050, -0.0577, 0.0000, 0.0000, 0.0000, 0.0000, 0.0000, 0.0000, 0.7204, -0.6794, 0.1339, -0.0391, -0.0155, -0.0144, -0.0055, 0.0000, 0.0000, 0.0000, 0.0000
2, 0.0000, 0, -0.4809, -0.5737, -0.6558, -0.6088, -0.5557, 0.7650, 0.0000, 0.0000, 0.0000, 0.0000, 0.0000, 0.0000, -0.8771, 0.3746, -0.1716, 0.2467, -0.0050, 0.0011, -0.0047, 0.0000, 0.0000, 0.0000, 0.0000
3, 0.0100, 1, -0.2371, -0.9551, -0.0294, -0.8299, -0.3424, -0.0753, 0.0000, 0.0000, 0.0000, 0.0000, 0.0000, 0.0000, 0.7204, -0.6794, 0.1339, -0.0391, -0.0089, -0.0133, -0.0116, 0.0000, 0.0000, 0.0000, 0.0000
1, 0.0000, 0, 0.3225, -0.6114, -0.7249, -1.6434, -0.2193, -0.3954, 0.0000, 0.0000, 0.0000, 0.0000, 0.0000, 0.0000, 0.2965, 0.0593, -0.3671, -0.8796, -0.0005, 0.0006, 0.0016, 0.0000, 0.0000, 0.0000, 0.0000
3, 0.0200, 2, -0.2392, -0.9611, -0.0327, -0.3425, -0.5624, 0.2274, 0.0000, 0.0000, 0.0000, 0.0000, 0.0000, 0.0000, 0.7203, -0.6795, 0.1339, -0.0390, -0.0069, -0.0073, -0.0083, 0.0000, 0.0000, 0.0000, 0.0000
2, 0.0100, 1, -0.4814, -0.5729, -0.6597, -0.6453, -0.6473, 1.0601, 0.0000, 0.0000, 0.0000, 0.0000, 0.0000, 0.0000, -0.8771, 0.3746, -0.1717, 0.2467, -0.0046, 0.0005, -0.0007, 0.0000, 0.0000, 0.0000, 0.0000
1, 0.0100, 1, 0.3240, -0.6128, -0.7262, -1.5890, -0.3204, -0.4475, 0.0000, 0.0000, 0.0000, 0.0000, 0.0000, 0.0000, 0.2966, 0.0593, -0.3670, -0.8797, -0.0019, 0.0023, 0.0026, 0.0000, 0.0000, 0.0000, 0.0000
2, 0.0200, 2, -0.4834, -0.5745, -0.6591, -0.4835, -0.8196, 1.2052, 0.0000, 0.0000, 0.0000, 0.0000, 0.0000, 0.0000, -0.8771, 0.3745, -0.1718, 0.2468, -0.0028, 0.0023, -0.0014, 0.0000, 0.0000, 0.0000, 0.0000
1, 0.0200, 2, 0.3221, -0.6123, -0.7277, -1.5000, -0.3353, -0.5175, 0.0000, 0.0000, 0.0000, 0.0000, 0.0000, 0.0000, 0.2966, 0.0594, -0.3669, -0.8797, -0.0000, 0.0019, 0.0040, 0.0000, 0.0000, 0.0000, 0.0000
3, 0.0300, 3, -0.2454, -0.9664, -0.0341, -0.1563, -0.5904, 0.6833, 0.0000, 0.0000, 0.0000, 0.0000, 0.0000, 0.0000, 0.7203, -0.6795, 0.1340, -0.0390, -0.0006, -0.0020, -0.0065, 0.0000, 0.0000, 0.0000, 0.0000
1, 0.0300, 3, 0.3241, -0.6139, -0.7268, -1.1315, -0.2634, -0.5017, 0.0000, 0.0000, 0.0000, 0.0000, 0.0000, 0.0000, 0.2966, 0.0594, -0.3668, -0.8797, -0.0020, 0.0037, 0.0030, 0.0000, 0.0000, 0.0000, 0.0000
3, 0.0400, 4, -0.2539, -0.9665, -0.0369, -0.1050, -0.2123, 0.8908, 0.0000, 0.0000, 0.0000, 0.0000, 0.0000, 0.0000, 0.7203, -0.6795, 0.1341, -0.0391, 0.0077, -0.0019, -0.0037, 0.0000, 0.0000, 0.0000, 0.0000
2, 0.0300, 3, -0.4872, -0.5692, -0.6584, -0.4359, -0.7681, 1.1265, 0.0000, 0.0000, 0.0000, 0.0000, 0.0000, 0.0000, -0.8771, 0.3745, -0.1719, 0.2468, 0.0008, -0.0029, -0.0020, 0.0000, 0.0000, 0.0000, 0.0000
1, 0.0400, 4, 0.3225, -0.6117, -0.7268, -1.2052, -0.1477, -0.3274, 0.0000, 0.0000, 0.0000, 0.0000, 0.0000, 0.0000, 0.2967, 0.0594, -0.3667, -0.8798, -0.0003, 0.0017, 0.0028, 0.0000, 0.0000, 0.0000, 0.0000
2, 0.0400, 4, -0.4850, -0.5720, -0.6609, -0.1745, -0.7164, 1.1078, 0.0000, 0.0000, 0.0000, 0.0000, 0.0000, 0.0000, -0.8771, 0.3745, -0.1720, 0.2469, -0.0016, 0.0000, 0.0005, 0.0000, 0.0000, 0.0000, 0.0000
3, 0.0500, 5, -0.2570, -0.9631, -0.0377, 0.4900, 0.4681, 1.3454, 0.0000, 0.0000, 0.0000, 0.0000, 0.0000, 0.0000, 0.7202, -0.6795, 0.1341, -0.0392, 0.0106, -0.0052, -0.0029, 0.0000, 0.0000, 0.0000, 0.0000
1, 0.0500, 5, 0.3249, -0.6111, -0.7282, -0.8532, -0.0918, -0.3813, 0.0000, 0.0000, 0.0000, 0.0000, 0.0000, 0.0000, 0.2967, 0.0595, -0.3666, -0.8798, -0.0027, 0.0012, 0.0042, 0.0000, 0.0000, 0.0000, 0.0000
3, 0.0600, 6, -0.2611, -0.9586, -0.0374, 1.2658, 1.3765, 1.5906, 0.0000, 0.0000, 0.0000, 0.0000, 0.0000, 0.0000, 0.7202, -0.6796, 0.1341, -0.0394, 0.0145, -0.0096, -0.0031, 0.0000, 0.0000, 0.0000, 0.0000
2, 0.0500, 5, -0.4847, -0.5723, -0.6594, -0.0112, -0.9187, 1.0609, 0.0000, 0.0000, 0.0000, 0.0000, 0.0000, 0.0000, -0.8770, 0.3745, -0.1721, 0.2469, -0.0021, 0.0005, -0.0010, 0.0000, 0.0000, 0.0000, 0.0000
1, 0.0600, 6, 0.3250, -0.6122, -0.7272, -0.8361, -0.0404, -0.3816, 0.0000, 0.0000, 0.0000, 0.0000, 0.0000, 0.0000, 0.2967, 0.0595, -0.3666, -0.8798, -0.0028, 0.0024, 0.0030, 0.0000, 0.0000, 0.0000, 0.0000
2, 0.0600, 6, -0.4845, -0.5724, -0.6558, -0.2422, -1.0227, 1.0701, 0.0000, 0.0000, 0.0000, 0.0000, 0.0000, 0.0000, -0.8770, 0.3745, -0.1722, 0.2470, -0.0024, 0.0006, -0.0044, 0.0000, 0.0000, 0.0000, 0.0000
3, 0.0700, 7, -0.2660, -0.9551, -0.0301, 2.4142, 1.7297, 1.5284, 0.0000, 0.0000, 0.0000, 0.0000, 0.0000, 0.0000, 0.7200, -0.6797, 0.1342, -0.0398, 0.0191, -0.0131, -0.0101, 0.0000, 0.0000, 0.0000, 0.0000
1, 0.0700, 7, 0.3255, -0.6113, -0.7250, -0.6960, -0.1264, -0.2769, 0.0000, 0.0000, 0.0000, 0.0000, 0.0000, 0.0000, 0.2968, 0.0595, -0.3665, -0.8798, -0.0033, 0.0016, 0.0008, 0.0000, 0.0000, 0.0000, 0.0000
2, 0.0700, 7, -0.4799, -0.5704, -0.6591, -0.2243, -1.1640, 1.3148, 0.0000, 0.0000, 0.0000, 0.0000, 0.0000, 0.0000, -0.8770, 0.3745, -0.1724, 0.2470, -0.0074, -0.0013, -0.0011, 0.0000, 0.0000, 0.0000, 0.0000
3, 0.0800, 8, -0.2668, -0.9623, -0.0236, 2.7821, 1.8613, 1.7053, 0.0000, 0.0000, 0.0000, 0.0000, 0.0000, 0.0000, 0.7198, -0.6799, 0.1341, -0.0401, 0.0194, -0.0057, -0.0161, 0.0000, 0.0000, 0.0000, 0.0000
2, 0.0800, 8, -0.4833, -0.5730, -0.6569, -0.1721, -1.1332, 1.4911, 0.0000, 0.0000, 0.0000, 0.0000, 0.0000, 0.0000, -0.8769, 0.3744, -0.1725, 0.2471, -0.0042, 0.0015, -0.0032, 0.0000, 0.0000, 0.0000, 0.0000
1, 0.0800, 8, 0.3232, -0.6116, -0.7268, -0.8201, -0.0425, -0.2594, 0.0000, 0.0000, 0.0000, 0.0000, 0.0000, 0.0000, 0.2968, 0.0595, -0.3664, -0.8798, -0.0009, 0.0020, 0.0025, 0.0000, 0.0000, 0.0000, 0.0000
3, 0.0900, 9, -0.2624, -0.9683, -0.0199, 2.8893, 1.8617, 1.6190, 0.0000, 0.0000, 0.0000, 0.0000, 0.0000, 0.0000, 0.7197, -0.6800, 0.1341, -0.0403, 0.0146, 0.0003, -0.0194, 0.0000, 0.0000, 0.0000, 0.0000
1, 0.0900, 9, 0.3225, -0.6110, -0.7250, -0.8003, -0.1604, -0.3462, 0.0000, 0.0000, 0.0000, 0.0000, 0.0000, 0.0000, 0.2968, 0.0596, -0.3664, -0.8799, -0.0002, 0.0016, 0.0006, 0.0000, 0.0000, 0.0000, 0.0000
3, 0.1000, 10, -0.2537, -0.9667, -0.0196, 2.3287, 2.2007, 1.5069, 0.0000, 0.0000, 0.0000, 0.0000, 0.0000, 0.0000, 0.7196, -0.6802, 0.1340, -0.0406, 0.0058, -0.0013, -0.0194, 0.0000, 0.0000, 0.0000, 0.0000
2, 0.0900, 9, -0.4861, -0.5716, -0.6541, -0.1000, -1.2364, 1.5633, 0.0000, 0.0000, 0.0000, 0.0000, 0.0000, 0.0000, -0.8768, 0.3745, -0.1727, 0.2472, -0.0017, 0.0002, -0.0058, 0.0000, 0.0000, 0.0000, 0.0000
1, 0.1000, 10, 0.3259, -0.6067, -0.7255, -0.9934, -0.2311, -0.3277, 0.0000, 0.0000, 0.0000, 0.0000, 0.0000, 0.0000, 0.2968, 0.0596, -0.3663, -0.8799, -0.0036, -0.0026, 0.0010, 0.0000, 0.0000, 0.0000, 0.0000
2, 0.1000, 10, -0.4861, -0.5685, -0.6564, -0.1888, -1.2178, 1.4555, 0.0000, 0.0000, 0.0000, 0.0000, 0.0000, 0.0000, -0.8768, 0.3745, -0.1728, 0.2473, -0.0021, -0.0027, -0.0034, 0.0000, 0.0000, 0.0000, 0.0000
3, 0.1100, 11, -0.2380, -0.9639, -0.0202, 2.0329, 2.7447, 1.4307, 0.0000, 0.0000, 0.0000, 0.0000, 0.0000, 0.0000, 0.7195, -0.6803, 0.1340, -0.0408, -0.0102, -0.0041, -0.0185, 0.0000, 0.0000, 0.0000, 0.0000
1, 0.1100, 11, 0.3230, -0.6090, -0.7260, -0.9068, -0.1802, -0.2584, 0.0000, 0.0000, 0.0000, 0.0000, 0.0000, 0.0000, 0.2968, 0.0596, -0.3662, -0.8799, -0.0007, -0.0001, 0.0013, 0.0000, 0.0000, 0.0000, 0.0000
2, 0.1100, 11, -0.4859, -0.5692, -0.6566, -0.2245, -1.2535, 1.5240, 0.0000, 0.0000, 0.0000, 0.0000, 0.0000, 0.0000, -0.8767, 0.3745, -0.1730, 0.2473, -0.0025, -0.0019, -0.0032, 0.0000, 0.0000, 0.0000, 0.0000
3, 0.1200, 12, -0.2448, -0.9599, -0.0226, 1.8235, 3.3032, 1.4600, 0.0000, 0.0000, 0.0000, 0.0000, 0.0000, 0.0000, 0.7193, -0.6804, 0.1338, -0.0412, -0.0037, -0.0080, -0.0158, 0.0000, 0.0000, 0.0000, 0.0000
2, 0.1200, 12, -0.4878, -0.5711, -0.6567, -0.2608, -1.1316, 1.3833, 0.0000, 0.0000, 0.0000, 0.0000, 0.0000, 0.0000, -0.8767, 0.3744, -0.1731, 0.2474, -0.0009, 0.0002, -0.0030, 0.0000, 0.0000, 0.0000, 0.0000
1, 0.1200, 12, 0.3207, -0.6123, -0.7267, -0.5735, -0.2126, -0.1721, 0.0000, 0.0000, 0.0000, 0.0000, 0.0000, 0.0000, 0.2969, 0.0596, -0.3662, -0.8799, 0.0016, 0.0033, 0.0020, 0.0000, 0.0000, 0.0000, 0.0000
3, 0.1300, 13, -0.2482, -0.9621, -0.0262, 1.9273, 3.9745, 1.7707, 0.0000, 0.0000, 0.0000, 0.0000, 0.0000, 0.0000, 0.7193, -0.6805, 0.1337, -0.0415, -0.0005, -0.0057, -0.0120, 0.0000, 0.0000, 0.0000, 0.0000
1, 0.1300, 13, 0.3213, -0.6095, -0.7271, -0.8376, -0.0772, -0.2417, 0.0000, 0.0000, 0.0000, 0.0000, 0.0000, 0.0000, 0.2969, 0.0596, -0.3661, -0.8799, 0.0010, 0.0006, 0.0023, 0.0000, 0.0000, 0.0000, 0.0000
3, 0.1400, 14, -0.2478, -0.9629, -0.0290, 1.8735, 3.8356, 1.7887, 0.0000, 0.0000, 0.0000, 0.0000, 0.0000, 0.0000, 0.7192, -0.6806, 0.1335, -0.0419, -0.0011, -0.0049, -0.0090, 0.0000, 0.0000, 0.0000, 0.0000
2, 0.1300, 13, -0.4871, -0.5723, -0.6562, -0.4209, -1.1663, 1.3602, 0.0000, 0.0000, 0.0000, 0.0000, 0.0000, 0.0000, -0.8767, 0.3744, -0.1733, 0.2475, -0.0019, 0.0015, -0.0034, 0.0000, 0.0000, 0.0000, 0.0000
1, 0.1400, 14, 0.3226, -0.6106, -0.7275, -0.8729, 0.0954, -0.3473, 0.0000, 0.0000, 0.0000, 0.0000, 0.0000, 0.0000, 0.2969, 0.0597, -0.3660, -0.8799, -0.0002, 0.0018, 0.0027, 0.0000, 0.0000, 0.0000, 0.0000
2, 0.1400, 14, -0.4869, -0.5704, -0.6560, -0.3332, -1.0650, 1.4332, 0.0000, 0.0000, 0.0000, 0.0000, 0.0000, 0.0000, -0.8766, 0.3744, -0.1734, 0.2475, -0.0024, -0.0003, -0.0036, 0.0000, 0.0000, 0.0000, 0.0000
3, 0.1500, 15, -0.2481, -0.9642, -0.0318, 1.6621, 4.3918, 1.9402, 0.0000, 0.0000, 0.0000, 0.0000, 0.0000, 0.0000, 0.7191, -0.6806, 0.1334, -0.0423, -0.0011, -0.0035, -0.0061, 0.0000, 0.0000, 0.0000, 0.0000
1, 0.1500, 15, 0.3238, -0.6116, -0.7266, -0.7496, -0.0069, -0.2948, 0.0000, 0.0000, 0.0000, 0.0000, 0.0000, 0.0000, 0.2969, 0.0597, -0.3660, -0.8800, -0.0014, 0.0029, 0.0016, 0.0000, 0.0000, 0.0000, 0.0000
2, 0.1500, 15, -0.4879, -0.5708, -0.6568, -0.3671, -1.1826, 1.3446, 0.0000, 0.0000, 0.0000, 0.0000, 0.0000, 0.0000, -0.8766, 0.3744, -0.1735, 0.2476, -0.0016, 0.0003, -0.0027, 0.0000, 0.0000, 0.0000, 0.0000
3, 0.1600, 16, -0.2491, -0.9661, -0.0259, 1.6101, 4.5664, 1.9385, 0.0000, 0.0000, 0.0000, 0.0000, 0.0000, 0.0000, 0.7191, -0.6807, 0.1332, -0.0427, -0.0005, -0.0016, -0.0120, 0.0000, 0.0000, 0.0000, 0.0000
2, 0.1600, 16, -0.4856, -0.5678, -0.6576, -0.6684, -1.3011, 1.2117, 0.0000, 0.0000, 0.0000, 0.0000, 0.0000, 0.0000, -0.8766, 0.3743, -0.1737, 0.2476, -0.0042, -0.0025, -0.0018, 0.0000, 0.0000, 0.0000, 0.0000
1, 0.1600, 16, 0.3238, -0.6120, -0.7255, -0.6957, -0.0222, -0.3647, 0.0000, 0.0000, 0.0000, 0.0000, 0.0000, 0.0000, 0.2969, 0.0597, -0.3659, -0.8800, -0.0014, 0.0035, 0.0005, 0.0000, 0.0000, 0.0000, 0.0000
3, 0.1700, 17, -0.2449, -0.9730, -0.0191, 1.4533, 4.8298, 1.9004, 0.0000, 0.0000, 0.0000, 0.0000, 0.0000, 0.0000, 0.7190, -0.6808, 0.1330, -0.0431, -0.0049, 0.0055, -0.0187, 0.0000, 0.0000, 0.0000, 0.0000
1, 0.1700, 17, 0.3189, -0.6105, -0.7255, -0.7663, -0.0752, -0.3118, 0.0000, 0.0000, 0.0000, 0.0000, 0.0000, 0.0000, 0.2970, 0.0598, -0.3659, -0.8800, 0.0036, 0.0020, 0.0004, 0.0000, 0.0000, 0.0000, 0.0000
3, 0.1800, 18, -0.2391, -0.9730, -0.0166, 1.0365, 4.6511, 1.4788, 0.0000, 0.0000, 0.0000, 0.0000, 0.0000, 0.0000, 0.7190, -0.6809, 0.1328, -0.0435, -0.0109, 0.0055, -0.0210, 0.0000, 0.0000, 0.0000, 0.0000
2, 0.1700, 17, -0.4859, -0.5718, -0.6604, -0.3124, -1.3733, 1.5207, 0.0000, 0.0000, 0.0000, 0.0000, 0.0000, 0.0000, -0.8765, 0.3743, -0.1739, 0.2477, -0.0042, 0.0017, 0.0010, 0.0000, 0.0000, 0.0000, 0.0000
1, 0.1800, 18, 0.3212, -0.6091, -0.7249, -1.1332, -0.2312, -0.3971, 0.0000, 0.0000, 0.0000, 0.0000, 0.0000, 0.0000, 0.2970, 0.0598, -0.3658, -0.8800, 0.0013, 0.0008, -0.0004, 0.0000, 0.0000, 0.0000, 0.0000
2, 0.1800, 18, -0.4885, -0.5699, -0.6607, -0.1661, -1.6076, 1.3686, 0.0000, 0.0000, 0.0000, 0.0000, 0.0000, 0.0000, -0.8765, 0.3743, -0.1740, 0.2477, -0.0019, -0.0000, 0.0014, 0.0000, 0.0000, 0.0000, 0.0000
3, 0.1900, 19, -0.2387, -0.9653, -0.0189, 1.0246, 4.3464, 1.0441, 0.0000, 0.0000, 0.0000, 0.0000, 0.0000, 0.0000, 0.7190, -0.6809, 0.1325, -0.0438, -0.0115, -0.0022, -0.0187, 0.0000, 0.0000, 0.0000, 0.0000
1, 0.1900, 19, 0.3224, -0.6094, -0.7263, -1.1309, -0.1934, -0.5894, 0.0000, 0.0000, 0.0000, 0.0000, 0.0000, 0.0000, 0.2970, 0.0598, -0.3657, -0.8800, 0.0000, 0.0013, 0.0009, 0.0000, 0.0000, 0.0000, 0.0000
2, 0.1900, 19, -0.4883, -0.5698, -0.6546, -0.0045, -1.7450, 1.4788, 0.0000, 0.0000, 0.0000, 0.0000, 0.0000, 0.0000, -0.8764, 0.3743, -0.1742, 0.2478, -0.0025, -0.0001, -0.0046, 0.0000, 0.0000, 0.0000, 0.0000
3, 0.2000, 20, -0.2501, -0.9563, -0.0228, 1.4676, 4.1190, 0.8400, 0.0000, 0.0000, 0.0000, 0.0000, 0.0000, 0.0000, 0.7189, -0.6810, 0.1323, -0.0441, -0.0002, -0.0111, -0.0148, 0.0000, 0.0000, 0.0000, 0.0000
2, 0.2000, 20, -0.4913, -0.5670, -0.6533, -0.1478, -1.7300, 1.5261, 0.0000, 0.0000, 0.0000, 0.0000, 0.0000, 0.0000, -0.8764, 0.3743, -0.1744, 0.2479, 0.0002, -0.0027, -0.0057, 0.0000, 0.0000, 0.0000, 0.0000
1, 0.2000, 20, 0.3247, -0.6091, -0.7260, -1.3619, -0.1470, -0.4491, 0.0000, 0.0000, 0.0000, 0.0000, 0.0000, 0.0000, 0.2971, 0.0598, -0.3656, -0.8801, -0.0022, 0.0011, 0.0005, 0.0000, 0.0000, 0.0000, 0.0000
3, 0.2100, 21, -0.2546, -0.9565, -0.0221, 2.3327, 4.4394, 0.8454, 0.0000, 0.0000, 0.0000, 0.0000, 0.0000, 0.0000, 0.7188, -0.6811, 0.1321, -0.0445, 0.0041, -0.0109, -0.0154, 0.0000, 0.0000, 0.0000, 0.0000
1, 0.2100, 21, 0.3253, -0.6092, -0.7242, -1.2020, -0.1951, -0.5368, 0.0000, 0.0000, 0.0000, 0.0000, 0.0000, 0.0000, 0.2971, 0.0599, -0.3655, -0.8801, -0.0027, 0.0015, -0.0015, 0.0000, 0.0000, 0.0000, 0.0000
3, 0.2200, 22, -0.2601, -0.9626, -0.0193, 2.7201, 4.8498, 0.9857, 0.0000, 0.0000, 0.0000, 0.0000, 0.0000, 0.0000, 0.7187, -0.6813, 0.1319, -0.0449, 0.0095, -0.0048, -0.0179, 0.0000, 0.0000, 0.0000, 0.0000
3, 0.2300, 23, -0.2661, -0.9672, -0.0203, 3.2680, 5.0528, 0.9542, 0.0000, 0.0000, 0.0000, 0.0000, 0.0000, 0.0000, 0.7185, -0.6814, 0.1316, -0.0453, 0.0153, -0.0002, -0.0165, 0.0000, 0.0000, 0.0000, 0.0000
2, 0.2100, 21, -0.4887, -0.5723, -0.6563, -0.2738, -1.5927, 1.4346, 0.0000, 0.0000, 0.0000, 0.0000, 0.0000, 0.0000, -0.8763, 0.3743, -0.1746, 0.2479, -0.0028, 0.0028, -0.0026, 0.0000, 0.0000, 0.0000, 0.0000
2, 0.2200, 22, -0.4940, -0.5661, -0.6523, -0.2214, -1.4372, 1.3494, 0.0000, 0.0000, 0.0000, 0.0000, 0.0000, 0.0000, -0.8763, 0.3743, -0.1747, 0.2480, 0.0023, -0.0033, -0.0065, 0.0000, 0.0000, 0.0000, 0.0000
3, 0.2400, 24, -0.2661, -0.9651, -0.0155, 3.1602, 5.0518, 1.0755, 0.0000, 0.0000, 0.0000, 0.0000, 0.0000, 0.0000, 0.7184, -0.6816, 0.1313, -0.0457, 0.0151, -0.0022, -0.0210, 0.0000, 0.0000, 0.0000, 0.0000
2, 0.2300, 23, -0.4900, -0.5683, -0.6559, -0.0970, -1.2965, 1.1795, 0.0000, 0.0000, 0.0000, 0.0000, 0.0000, 0.0000, -0.8762, 0.3743, -0.1749, 0.2480, -0.0020, -0.0009, -0.0027, 0.0000, 0.0000, 0.0000, 0.0000
3, 0.2500, 25, -0.2671, -0.9670, -0.0103, 2.4904, 4.8518, 1.0186, 0.0000, 0.0000, 0.0000, 0.0000, 0.0000, 0.0000, 0.7183, -0.6817, 0.1311, -0.0461, 0.0160, -0.0003, -0.0259, 0.0000, 0.0000, 0.0000, 0.0000
1, 0.2200, 22, 0.3232, -0.6123, -0.7262, -1.3263, -0.1635, -0.4666, 0.0000, 0.0000, 0.0000, 0.0000, 0.0000, 0.0000, 0.2972, 0.0599, -0.3654, -0.8801, -0.0006, 0.0047, 0.0004, 0.0000, 0.0000, 0.0000, 0.0000
2, 0.2400, 24, -0.4910, -0.5679, -0.6553, 0.0473, -1.4674, 1.2542, 0.0000, 0.0000, 0.0000, 0.0000, 0.0000, 0.0000, -0.8762, 0.3744, -0.1750, 0.2481, -0.0014, -0.0013, -0.0032, 0.0000, 0.0000, 0.0000, 0.0000
1, 0.2300, 23, 0.3255, -0.6016, -0.7292, -1.1866, -0.2327, -0.3445, 0.0000, 0.0000, 0.0000, 0.0000, 0.0000, 0.0000, 0.2972, 0.0599, -0.3653, -0.8802, -0.0029, -0.0058, 0.0033, 0.0000, 0.0000, 0.0000, 0.0000
3, 0.2600, 26, -0.2665, -0.9689, -0.0048, 2.1181, 4.5076, 1.0526, 0.0000, 0.0000, 0.0000, 0.0000, 0.0000, 0.0000, 0.7182, -0.6818, 0.1308, -0.0465, 0.0153, 0.0016, -0.0312, 0.0000, 0.0000, 0.0000, 0.0000
3, 0.2700, 27, -0.2655, -0.9702, -0.0030, 1.6565, 4.0075, 1.1044, 0.0000, 0.0000, 0.0000, 0.0000, 0.0000, 0.0000, 0.7180, -0.6821, 0.1307, -0.0469, 0.0141, 0.0030, -0.0328, 0.0000, 0.0000, 0.0000, 0.0000
1, 0.2400, 24, 0.3182, -0.6121, -0.7332, -1.2942, 0.0576, -0.3805, 0.0000, 0.0000, 0.0000, 0.0000, 0.0000, 0.0000, 0.2972, 0.0600, -0.3652, -0.8802, 0.0045, 0.0049, 0.0072, 0.0000, 0.0000, 0.0000, 0.0000
2, 0.2500, 25, -0.4903, -0.5665, -0.6554, 0.0290, -1.3450, 1.0967, 0.0000, 0.0000, 0.0000, 0.0000, 0.0000, 0.0000, -0.8761, 0.3744, -0.1752, 0.2481, -0.0023, -0.0026, -0.0030, 0.0000, 0.0000, 0.0000, 0.0000
2, 0.2600, 26, -0.4916, -0.5671, -0.6562, 0.2071, -1.2392, 0.9810, 0.0000, 0.0000, 0.0000, 0.0000, 0.0000, 0.0000, -0.8761, 0.3744, -0.1753, 0.2481, -0.0012, -0.0019, -0.0021, 0.0000, 0.0000, 0.0000, 0.0000
1, 0.2500, 25, 0.3235, -0.6093, -0.7285, -1.1146, -0.0044, -0.6253, 0.0000, 0.0000, 0.0000, 0.0000, 0.0000, 0.0000, 0.2973, 0.0601, -0.3651, -0.8802, -0.0007, 0.0023, 0.0023, 0.0000, 0.0000, 0.0000, 0.0000
3, 0.2800, 28, -0.2674, -0.9710, 0.0000, 1.0778, 3.5849, 0.8053, 0.0000, 0.0000, 0.0000, 0.0000, 0.0000, 0.0000, 0.7179, -0.6821, 0.1305, -0.0472, 0.0157, 0.0038, -0.0354, 0.0000, 0.0000, 0.0000, 0.0000
1, 0.2600, 26, 0.3210, -0.6113, -0.7297, -0.9407, 0.3062, -0.6799, 0.0000, 0.0000, 0.0000, 0.0000, 0.0000, 0.0000, 0.2973, 0.0602, -0.3650, -0.8802, 0.0019, 0.0044, 0.0035, 0.0000, 0.0000, 0.0000, 0.0000
3, 0.2900, 29, -0.2727, -0.9651, -0.0021, 0.8357, 3.8697, 0.6091, 0.0000, 0.0000, 0.0000, 0.0000, 0.0000, 0.0000, 0.7179, -0.6822, 0.1303, -0.0475, 0.0209, -0.0021, -0.0333, 0.0000, 0.0000, 0.0000, 0.0000
2, 0.2700, 27, -0.4898, -0.5690, -0.6556, 0.1343, -1.1030, 0.9612, 0.0000, 0.0000, 0.0000, 0.0000, 0.0000, 0.0000, -0.8761, 0.3744, -0.1754, 0.2482, -0.0033, -0.0000, -0.0026, 0.0000, 0.0000, 0.0000, 0.0000
1, 0.2700, 27, 0.3204, -0.6115, -0.7293, -0.9570, 0.3770, -0.8199, 0.0000, 0.0000, 0.0000, 0.0000, 0.0000, 0.0000, 0.2973, 0.0602, -0.3650, -0.8802, 0.0026, 0.0048, 0.0030, 0.0000, 0.0000, 0.0000, 0.0000
1, 0.2800, 28, 0.3191, -0.6117, -0.7284, -0.7468, 0.5512, -0.8739, 0.0000, 0.0000, 0.0000, 0.0000, 0.0000, 0.0000, 0.2974, 0.0603, -0.3649, -0.8802, 0.0041, 0.0052, 0.0020, 0.0000, 0.0000, 0.0000, 0.0000
2, 0.2800, 28, -0.4926, -0.5692, -0.6514, -0.0260, -1.0851, 0.8683, 0.0000, 0.0000, 0.0000, 0.0000, 0.0000, 0.0000, -0.8760, 0.3744, -0.1755, 0.2482, -0.0007, 0.0003, -0.0066, 0.0000, 0.0000, 0.0000, 0.0000
3, 0.3000, 30, -0.2805, -0.9611, -0.0009, 0.3484, 4.0726, 0.2890, 0.0000, 0.0000, 0.0000, 0.0000, 0.0000, 0.0000, 0.7180, -0.6822, 0.1300, -0.0478, 0.0287, -0.0060, -0.0345, 0.0000, 0.0000, 0.0000, 0.0000
3, 0.3100, 31, -0.2851, -0.9631, -0.0016, 0.6678, 3.8637, 0.1011, 0.0000, 0.0000, 0.0000, 0.0000, 0.0000, 0.0000, 0.7180, -0.6822, 0.1298, -0.0480, 0.0332, -0.0040, -0.0339, 0.0000, 0.0000, 0.0000, 0.0000
1, 0.2900, 29, 0.3229, -0.6117, -0.7260, -1.0766, 0.4501, -1.1342, 0.0000, 0.0000, 0.0000, 0.0000, 0.0000, 0.0000, 0.2975, 0.0604, -0.3649, -0.8802, 0.0005, 0.0053, -0.0005, 0.0000, 0.0000, 0.0000, 0.0000
2, 0.2900, 29, -0.4923, -0.5672, -0.6497, -0.0991, -0.8790, 0.7613, 0.0000, 0.0000, 0.0000, 0.0000, 0.0000, 0.0000, -0.8760, 0.3745, -0.1756, 0.2482, -0.0011, -0.0017, -0.0083, 0.0000, 0.0000, 0.0000, 0.0000
1, 0.3000, 30, 0.3182, -0.6122, -0.7270, -0.6556, 0.5118, -0.9111, 0.0000, 0.0000, 0.0000, 0.0000, 0.0000, 0.0000, 0.2975, 0.0605, -0.3648, -0.8802, 0.0053, 0.0059, 0.0006, 0.0000, 0.0000, 0.0000, 0.0000
1, 0.3100, 31, 0.3191, -0.6111, -0.7256, -0.4954, 0.4606, -0.9529, 0.0000, 0.0000, 0.0000, 0.0000, 0.0000, 0.0000, 0.2976, 0.0606, -0.3648, -0.8802, 0.0046, 0.0049, -0.0009, 0.0000, 0.0000, 0.0000, 0.0000
2, 0.3000, 30, -0.4894, -0.5692, -0.6526, -0.2427, -0.7939, 0.7215, 0.0000, 0.0000, 0.0000, 0.0000, 0.0000, 0.0000, -0.8760, 0.3745, -0.1757, 0.2482, -0.0042, 0.0003, -0.0052, 0.0000, 0.0000, 0.0000, 0.0000
3, 0.3200, 32, -0.2879, -0.9647, 0.0014, 0.3511, 3.7296, 0.0294, 0.0000, 0.0000, 0.0000, 0.0000, 0.0000, 0.0000, 0.7177, -0.6824, 0.1297, -0.0486, 0.0359, -0.0024, -0.0368, 0.0000, 0.0000, 0.0000, 0.0000
1, 0.3200, 32, 0.3243, -0.6056, -0.7235, -0.7401, 0.4949, -1.0919, 0.0000, 0.0000, 0.0000, 0.0000, 0.0000, 0.0000, 0.2976, 0.0607, -0.3648, -0.8802, -0.0005, -0.0005, -0.0030, 0.0000, 0.0000, 0.0000, 0.0000
3, 0.3300, 33, -0.2884, -0.9656, -0.0016, -0.2794, 3.7760, -0.2035, 0.0000, 0.0000, 0.0000, 0.0000, 0.0000, 0.0000, 0.7178, -0.6824, 0.1294, -0.0488, 0.0359, -0.0014, -0.0335, 0.0000, 0.0000, 0.0000, 0.0000
2, 0.3100, 31, -0.4891, -0.5676, -0.6537, -0.4069, -0.4891, 0.7509, 0.0000, 0.0000, 0.0000, 0.0000, 0.0000, 0.0000, -0.8759, 0.3745, -0.1757, 0.2483, -0.0046, -0.0012, -0.0041, 0.0000, 0.0000, 0.0000, 0.0000
1, 0.3300, 33, 0.3318, -0.5963, -0.7261, -0.7568, 0.2882, -1.0210, 0.0000, 0.0000, 0.0000, 0.0000, 0.0000, 0.0000, 0.2977, 0.0607, -0.3647, -0.8802, -0.0078, -0.0096, -0.0005, 0.0000, 0.0000, 0.0000, 0.0000
2, 0.3200, 32, -0.4901, -0.5664, -0.6513, -0.4240, -0.4863, 0.6108, 0.0000, 0.0000, 0.0000, 0.0000, 0.0000, 0.0000, -0.8759, 0.3744, -0.1758, 0.2483, -0.0038, -0.0023, -0.0065, 0.0000, 0.0000, 0.0000, 0.0000
3, 0.3400, 34, -0.2921, -0.9664, -0.0064, -0.8041, 3.8904, -0.4185, 0.0000, 0.0000, 0.0000, 0.0000, 0.0000, 0.0000, 0.7179, -0.6823, 0.1292, -0.0490, 0.0397, -0.0006, -0.0290, 0.0000, 0.0000, 0.0000, 0.0000
1, 0.3400, 34, 0.3399, -0.6019, -0.7256, -0.5722, 0.3468, -0.3932, 0.0000, 0.0000, 0.0000, 0.0000, 0.0000, 0.0000, 0.2977, 0.0609, -0.3647, -0.8801, -0.0158, -0.0038, -0.0011, 0.0000, 0.0000, 0.0000, 0.0000
3, 0.3500, 35, -0.2907, -0.9696, -0.0126, -1.3154, 3.7749, -0.4396, 0.0000, 0.0000, 0.0000, 0.0000, 0.0000, 0.0000, 0.7180, -0.6822, 0.1289, -0.0492, 0.0384, 0.0026, -0.0231, 0.0000, 0.0000, 0.0000, 0.0000
2, 0.3300, 33, -0.4902, -0.5684, -0.6554, -0.4624, -0.2484, 0.6272, 0.0000, 0.0000, 0.0000, 0.0000, 0.0000, 0.0000, -0.8759, 0.3744, -0.1759, 0.2483, -0.0038, -0.0002, -0.0024, 0.0000, 0.0000, 0.0000, 0.0000
1, 0.3500, 35, 0.3209, -0.6065, -0.7329, -0.0674, 0.3444, 0.0067, 0.0000, 0.0000, 0.0000, 0.0000, 0.0000, 0.0000, 0.2977, 0.0609, -0.3647, -0.8801, 0.0034, 0.0007, 0.0063, 0.0000, 0.0000, 0.0000, 0.0000
1, 0.3600, 36, 0.3250, -0.6079, -0.7330, 0.3715, 0.5903, -0.1009, 0.0000, 0.0000, 0.0000, 0.0000, 0.0000, 0.0000, 0.2977, 0.0609, -0.3647, -0.8801, -0.0006, 0.0022, 0.0065, 0.0000, 0.0000, 0.0000, 0.0000
2, 0.3400, 34, -0.4913, -0.5687, -0.6533, -0.3192, -0.2461, 0.5624, 0.0000, 0.0000, 0.0000, 0.0000, 0.0000, 0.0000, -0.8759, 0.3744, -0.1759, 0.2483, -0.0028, 0.0002, -0.0046, 0.0000, 0.0000, 0.0000, 0.0000
2, 0.3500, 35, -0.4923, -0.5662, -0.6522, -0.6062, -0.1464, 0.5873, 0.0000, 0.0000, 0.0000, 0.0000, 0.0000, 0.0000, -0.8759, 0.3744, -0.1759, 0.2483, -0.0018, -0.0022, -0.0056, 0.0000, 0.0000, 0.0000, 0.0000
1, 0.3700, 37, 0.3172, -0.6086, -0.7326, 0.6670, 0.9173, -0.0512, 0.0000, 0.0000, 0.0000, 0.0000, 0.0000, 0.0000, 0.2977, 0.0610, -0.3648, -0.8801, 0.0072, 0.0027, 0.0062, 0.0000, 0.0000, 0.0000, 0.0000
3, 0.3600, 36, -0.2812, -0.9722, -0.0158, -1.2135, 3.4754, -0.2970, 0.0000, 0.0000, 0.0000, 0.0000, 0.0000, 0.0000, 0.7181, -0.6822, 0.1287, -0.0494, 0.0290, 0.0052, -0.0202, 0.0000, 0.0000, 0.0000, 0.0000
2, 0.3600, 36, -0.4896, -0.5680, -0.6549, -0.5365, 0.0429, 0.5202, 0.0000, 0.0000, 0.0000, 0.0000, 0.0000, 0.0000, -0.8759, 0.3743, -0.1760, 0.2484, -0.0046, -0.0003, -0.0029, 0.0000, 0.0000, 0.0000, 0.0000
2, 0.3700, 37, -0.4896, -0.5690, -0.6552, -0.6961, -0.0255, 0.4796, 0.0000, 0.0000, 0.0000, 0.0000, 0.0000, 0.0000, -0.8759, 0.3743, -0.1760, 0.2484, -0.0046, 0.0008, -0.0027, 0.0000, 0.0000, 0.0000, 0.0000
2, 0.3800, 38, -0.4891, -0.5694, -0.6550, -0.9116, 0.0573, 0.5244, 0.0000, 0.0000, 0.0000, 0.0000, 0.0000, 0.0000, -0.8760, 0.3742, -0.1760, 0.2484, -0.0052, 0.0013, -0.0030, 0.0000, 0.0000, 0.0000, 0.0000
3, 0.3700, 37, -0.2770, -0.9683, -0.0189, -1.6217, 3.4250, -0.1430, 0.0000, 0.0000, 0.0000, 0.0000, 0.0000, 0.0000, 0.7181, -0.6821, 0.1285, -0.0498, 0.0247, 0.0013, -0.0175, 0.0000, 0.0000, 0.0000, 0.0000
3, 0.3800, 38, -0.2708, -0.9645, -0.0191, -1.6948, 3.1288, -0.0718, 0.0000, 0.0000, 0.0000, 0.0000, 0.0000, 0.0000, 0.7183, -0.6820, 0.1283, -0.0499, 0.0184, -0.0024, -0.0176, 0.0000, 0.0000, 0.0000, 0.0000
3, 0.3900, 39, -0.2634, -0.9578, -0.0152, -1.9742, 3.1695, -0.2142, 0.0000, 0.0000, 0.0000, 0.0000, 0.0000, 0.0000, 0.7184, -0.6819, 0.1281, -0.0501, 0.0110, -0.0091, -0.0219, 0.0000, 0.0000, 0.0000, 0.0000
3, 0.4000, 40, -0.2581, -0.9524, -0.0079, -2.0264, 3.2574, -0.2327, 0.0000, 0.0000, 0.0000, 0.0000, 0.0000, 0.0000, 0.7186, -0.6817, 0.1279, -0.0502, 0.0057, -0.0145, -0.0296, 0.0000, 0.0000, 0.0000, 0.0000
1, 0.3800, 38, 0.3237, -0.6095, -0.7284, 0.7757, 1.0789, -0.4016, 0.0000, 0.0000, 0.0000, 0.0000, 0.0000, 0.0000, 0.2977, 0.0611, -0.3649, -0.8801, 0.0010, 0.0036, 0.0022, 0.0000, 0.0000, 0.0000, 0.0000
1, 0.3900, 39, 0.3203, -0.6092, -0.7270, 0.7256, 1.0648, -0.5935, 0.0000, 0.0000, 0.0000, 0.0000, 0.0000, 0.0000, 0.2977, 0.0610, -0.3650, -0.8800, 0.0045, 0.0033, 0.0009, 0.0000, 0.0000, 0.0000, 0.0000
2, 0.3900, 39, -0.4879, -0.5711, -0.6545, -1.0025, 0.1922, 0.5563, 0.0000, 0.0000, 0.0000, 0.0000, 0.0000, 0.0000, -0.8760, 0.3741, -0.1760, 0.2484, -0.0064, 0.0031, -0.0036, 0.0000, 0.0000, 0.0000, 0.0000
3, 0.4100, 41, -0.2475, -0.9521, -0.0071, -1.9028, 3.1178, -0.2831, 0.0000, 0.0000, 0.0000, 0.0000, 0.0000, 0.0000, 0.7187, -0.6816, 0.1277, -0.0504, -0.0048, -0.0148, -0.0309, 0.0000, 0.0000, 0.0000, 0.0000
1, 0.4000, 40, 0.3191, -0.6094, -0.7291, 0.4416, 1.1462, -0.7394, 0.0000, 0.0000, 0.0000, 0.0000, 0.0000, 0.0000, 0.2977, 0.0611, -0.3651, -0.8800, 0.0058, 0.0033, 0.0031, 0.0000, 0.0000, 0.0000, 0.0000
2, 0.4000, 40, -0.4871, -0.5689, -0.6543, -1.2721, 0.2902, 0.6690, 0.0000, 0.0000, 0.0000, 0.0000, 0.0000, 0.0000, -0.8760, 0.3740, -0.1760, 0.2484, -0.0071, 0.0009, -0.0039, 0.0000, 0.0000, 0.0000, 0.0000
3, 0.4200, 42, -0.2426, -0.9548, -0.0079, -2.0093, 2.3743, -0.4536, 0.0000, 0.0000, 0.0000, 0.0000, 0.0000, 0.0000, 0.7187, -0.6816, 0.1275, -0.0505, -0.0095, -0.0121, -0.0305, 0.0000, 0.0000, 0.0000, 0.0000
1, 0.4100, 41, 0.3175, -0.6102, -0.7282, 0.1052, 1.1063, -0.8322, 0.0000, 0.0000, 0.0000, 0.0000, 0.0000, 0.0000, 0.2977, 0.0612, -0.3651, -0.8800, 0.0076, 0.0041, 0.0022, 0.0000, 0.0000, 0.0000, 0.0000
2, 0.4100, 41, -0.4905, -0.5661, -0.6554, -1.4176, 0.3860, 0.9256, 0.0000, 0.0000, 0.0000, 0.0000, 0.0000, 0.0000, -0.8760, 0.3739, -0.1761, 0.2485, -0.0037, -0.0016, -0.0029, 0.0000, 0.0000, 0.0000, 0.0000
3, 0.4300, 43, -0.2466, -0.9474, -0.0194, -1.5884, 1.4155, -0.6006, 0.0000, 0.0000, 0.0000, 0.0000, 0.0000, 0.0000, 0.7188, -0.6815, 0.1274, -0.0505, -0.0054, -0.0196, -0.0191, 0.0000, 0.0000, 0.0000, 0.0000
1, 0.4200, 42, 0.3159, -0.6124, -0.7286, -0.2758, 1.1109, -1.2850, 0.0000, 0.0000, 0.0000, 0.0000, 0.0000, 0.0000, 0.2978, 0.0614, -0.3651, -0.8799, 0.0094, 0.0064, 0.0027, 0.0000, 0.0000, 0.0000, 0.0000
2, 0.4200, 42, -0.4901, -0.5670, -0.6563, -1.4539, 0.4369, 0.9244, 0.0000, 0.0000, 0.0000, 0.0000, 0.0000, 0.0000, -0.8761, 0.3738, -0.1761, 0.2486, -0.0042, -0.0005, -0.0022, 0.0000, 0.0000, 0.0000, 0.0000
3, 0.4400, 44, -0.2545, -0.9451, -0.0295, -0.2354, 1.2915, -0.3782, 0.0000, 0.0000, 0.0000, 0.0000, 0.0000, 0.0000, 0.7189, -0.6815, 0.1273, -0.0505, 0.0026, -0.0219, -0.0091, 0.0000, 0.0000, 0.0000, 0.0000
1, 0.4300, 43, 0.3180, -0.6063, -0.7277, -0.7294, 1.0075, -1.4924, 0.0000, 0.0000, 0.0000, 0.0000, 0.0000, 0.0000, 0.2979, 0.0615, -0.3651, -0.8799, 0.0076, 0.0004, 0.0018, 0.0000, 0.0000, 0.0000, 0.0000
2, 0.4300, 43, -0.4898, -0.5666, -0.6545, -1.5626, 0.5366, 1.0079, 0.0000, 0.0000, 0.0000, 0.0000, 0.0000, 0.0000, -0.8761, 0.3736, -0.1761, 0.2486, -0.0046, -0.0006, -0.0042, 0.0000, 0.0000, 0.0000, 0.0000
3, 0.4500, 45, -0.2595, -0.9640, -0.0305, 0.1870, 1.4244, -0.3056, 0.0000, 0.0000, 0.0000, 0.0000, 0.0000, 0.0000, 0.7189, -0.6815, 0.1272, -0.0506, 0.0076, -0.0029, -0.0082, 0.0000, 0.0000, 0.0000, 0.0000
1, 0.4400, 44, 0.3359, -0.6035, -0.7274, -0.9200, 0.9404, -1.6660, 0.0000, 0.0000, 0.0000, 0.0000, 0.0000, 0.0000, 0.2980, 0.0618, -0.3650, -0.8799, -0.0099, -0.0021, 0.0015, 0.0000, 0.0000, 0.0000, 0.0000
2, 0.4400, 44, -0.4893, -0.5679, -0.6543, -1.5794, 0.5402, 0.8329, 0.0000, 0.0000, 0.0000, 0.0000, 0.0000, 0.0000, -0.8762, 0.3735, -0.1761, 0.2487, -0.0051, 0.0009, -0.0046, 0.0000, 0.0000, 0.0000, 0.0000
3, 0.4600, 46, -0.2839, -0.9699, -0.0331, -0.0644, 1.1280, -0.1136, 0.0000, 0.0000, 0.0000, 0.0000, 0.0000, 0.0000, 0.7189, -0.6815, 0.1271, -0.0507, 0.0321, 0.0029, -0.0056, 0.0000, 0.0000, 0.0000, 0.0000
3, 0.4700, 47, -0.2978, -0.9696, -0.0392, -0.7918, 1.4424, 0.2621, 0.0000, 0.0000, 0.0000, 0.0000, 0.0000, 0.0000, 0.7189, -0.6814, 0.1273, -0.0514, 0.0457, 0.0027, 0.0004, 0.0000, 0.0000, 0.0000, 0.0000
1, 0.4500, 45, 0.3315, -0.6021, -0.7288, -0.7676, 1.0549, -1.3004, 0.0000, 0.0000, 0.0000, 0.0000, 0.0000, 0.0000, 0.2981, 0.0619, -0.3650, -0.8798, -0.0051, -0.0033, 0.0028, 0.0000, 0.0000, 0.0000, 0.0000
1, 0.4600, 46, 0.3352, -0.5985, -0.7316, -0.4863, 1.0229, -1.2663, 0.0000, 0.0000, 0.0000, 0.0000, 0.0000, 0.0000, 0.2981, 0.0621, -0.3649, -0.8798, -0.0085, -0.0067, 0.0056, 0.0000, 0.0000, 0.0000, 0.0000
2, 0.4500, 45, -0.4900, -0.5651, -0.6567, -1.5469, 0.7418, 0.9739, 0.0000, 0.0000, 0.0000, 0.0000, 0.0000, 0.0000, -0.8762, 0.3733, -0.1761, 0.2487, -0.0043, -0.0016, -0.0024, 0.0000, 0.0000, 0.0000, 0.0000
2, 0.4600, 46, -0.4899, -0.5658, -0.6573, -1.6698, 0.5534, 0.9867, 0.0000, 0.0000, 0.0000, 0.0000, 0.0000, 0.0000, -0.8762, 0.3732, -0.1761, 0.2488, -0.0045, -0.0006, -0.0021, 0.0000, 0.0000, 0.0000, 0.0000
3, 0.4800, 48, -0.2936, -0.9673, -0.0370, -2.1347, 2.0941, 0.6476, 0.0000, 0.0000, 0.0000, 0.0000, 0.0000, 0.0000, 0.7191, -0.6813, 0.1272, -0.0515, 0.0406, 0.0007, -0.0022, 0.0000, 0.0000, 0.0000, 0.0000
1, 0.4700, 47, 0.3412, -0.6015, -0.7313, -0.0714, 0.9651, -0.6912, 0.0000, 0.0000, 0.0000, 0.0000, 0.0000, 0.0000, 0.2981, 0.0621, -0.3650, -0.8798, -0.0143, -0.0036, 0.0054, 0.0000, 0.0000, 0.0000, 0.0000
3, 0.4900, 49, -0.2872, -0.9704, -0.0316, -3.5426, 3.2199, 0.8371, 0.0000, 0.0000, 0.0000, 0.0000, 0.0000, 0.0000, 0.7193, -0.6810, 0.1270, -0.0517, 0.0340, 0.0038, -0.0082, 0.0000, 0.0000, 0.0000, 0.0000
2, 0.4700, 47, -0.4918, -0.5656, -0.6560, -1.6347, 0.6047, 0.9880, 0.0000, 0.0000, 0.0000, 0.0000, 0.0000, 0.0000, -0.8763, 0.3730, -0.1762, 0.2489, -0.0026, -0.0006, -0.0036, 0.0000, 0.0000, 0.0000, 0.0000
1, 0.4800, 48, 0.3299, -0.6079, -0.7284, 0.3805, 1.1697, -0.4144, 0.0000, 0.0000, 0.0000, 0.0000, 0.0000, 0.0000, 0.2981, 0.0622, -0.3650, -0.8798, -0.0028, 0.0028, 0.0026, 0.0000, 0.0000, 0.0000, 0.0000
2, 0.4800, 48, -0.4939, -0.5648, -0.6550, -1.6507, 0.5579, 0.7781, 0.0000, 0.0000, 0.0000, 0.0000, 0.0000, 0.0000, -0.8763, 0.3729, -0.1762, 0.2489, -0.0005, -0.0011, -0.0048, 0.0000, 0.0000, 0.0000, 0.0000
3, 0.5000, 50, -0.2740, -0.9712, -0.0265, -4.0836, 4.3048, 0.8249, 0.0000, 0.0000, 0.0000, 0.0000, 0.0000, 0.0000, 0.7196, -0.6807, 0.1268, -0.0520, 0.0207, 0.0047, -0.0142, 0.0000, 0.0000, 0.0000, 0.0000
1, 0.4900, 49, 0.3247, -0.6029, -0.7282, 0.7669, 1.0690, -0.3104, 0.0000, 0.0000, 0.0000, 0.0000, 0.0000, 0.0000, 0.2981, 0.0623, -0.3651, -0.8797, 0.0026, -0.0023, 0.0025, 0.0000, 0.0000, 0.0000, 0.0000
3, 0.5100, 51, -0.2691, -0.9677, -0.0201, -4.1782, 4.9931, 0.3478, 0.0000, 0.0000, 0.0000, 0.0000, 0.0000, 0.0000, 0.7199, -0.6804, 0.1266, -0.0522, 0.0158, 0.0012, -0.0215, 0.0000, 0.0000, 0.0000, 0.0000
1, 0.5000, 50, 0.3245, -0.6051, -0.7279, 0.5225, 1.2770, -0.5900, 0.0000, 0.0000, 0.0000, 0.0000, 0.0000, 0.0000, 0.2981, 0.0624, -0.3652, -0.8797, 0.0030, -0.0001, 0.0024, 0.0000, 0.0000, 0.0000, 0.0000
2, 0.4900, 49, -0.4948, -0.5615, -0.6560, -1.6330, 0.6283, 0.6741, 0.0000, 0.0000, 0.0000, 0.0000, 0.0000, 0.0000, -0.8764, 0.3727, -0.1762, 0.2490, 0.0004, -0.0041, -0.0040, 0.0000, 0.0000, 0.0000, 0.0000
2, 0.5000, 50, -0.4921, -0.5647, -0.6541, -1.5988, 0.8358, 0.5360, 0.0000, 0.0000, 0.0000, 0.0000, 0.0000, 0.0000, -0.8764, 0.3726, -0.1762, 0.2490, -0.0023, -0.0007, -0.0061, 0.0000, 0.0000, 0.0000, 0.0000
3, 0.5200, 52, -0.2650, -0.9699, -0.0149, -3.8894, 5.0321, -0.0516, 0.0000, 0.0000, 0.0000, 0.0000, 0.0000, 0.0000, 0.7201, -0.6803, 0.1263, -0.0526, 0.0117, 0.0035, -0.0275, 0.0000, 0.0000, 0.0000, 0.0000
1, 0.5100, 51, 0.3234, -0.6078, -0.7284, 0.1381, 1.1728, -0.7104, 0.0000, 0.0000, 0.0000, 0.0000, 0.0000, 0.0000, 0.2981, 0.0625, -0.3652, -0.8797, 0.0043, 0.0025, 0.0030, 0.0000, 0.0000, 0.0000, 0.0000
3, 0.5300, 53, -0.2616, -0.9617, -0.0133, -4.4252, 4.9809, -0.7022, 0.0000, 0.0000, 0.0000, 0.0000, 0.0000, 0.0000, 0.7204, -0.6800, 0.1260, -0.0528, 0.0083, -0.0047, -0.0298, 0.0000, 0.0000, 0.0000, 0.0000
2, 0.5100, 51, -0.4957, -0.5610, -0.6545, -1.4561, 0.9074, 0.4190, 0.0000, 0.0000, 0.0000, 0.0000, 0.0000, 0.0000, -0.8765, 0.3724, -0.1762, 0.2491, 0.0013, -0.0042, -0.0060, 0.0000, 0.0000, 0.0000, 0.0000
1, 0.5200, 52, 0.3249, -0.6087, -0.7299, 0.1248, 1.2133, -1.0598, 0.0000, 0.0000, 0.0000, 0.0000, 0.0000, 0.0000, 0.2982, 0.0627, -0.3652, -0.8796, 0.0031, 0.0035, 0.0045, 0.0000, 0.0000, 0.0000, 0.0000
2, 0.5200, 52, -0.4929, -0.5650, -0.6532, -1.4369, 0.9300, 0.1581, 0.0000, 0.0000, 0.0000, 0.0000, 0.0000, 0.0000, -0.8765, 0.3723, -0.1761, 0.2491, -0.0014, -0.0000, -0.0075, 0.0000, 0.0000, 0.0000, 0.0000
3, 0.5400, 54, -0.2700, -0.9582, -0.0098, -3.6587, 5.1029, -1.1854, 0.0000, 0.0000, 0.0000, 0.0000, 0.0000, 0.0000, 0.7207, -0.6797, 0.1256, -0.0529, 0.0169, -0.0083, -0.0343, 0.0000, 0.0000, 0.0000, 0.0000
1, 0.5300, 53, 0.3248, -0.6088, -0.7335, -0.1194, 1.0924, -1.1282, 0.0000, 0.0000, 0.0000, 0.0000, 0.0000, 0.0000, 0.2982, 0.0628, -0.3652, -0.8796, 0.0034, 0.0036, 0.0081, 0.0000, 0.0000, 0.0000, 0.0000
3, 0.5500, 55, -0.3545, -0.9568, -0.0632, -5.0242, 4.3826, -0.8955, 0.0000, 0.0000, 0.0000, 0.0000, 0.0000, 0.0000, 0.7210, -0.6794, 0.1253, -0.0531, 0.1016, -0.0097, 0.0183, 0.0000, 0.0000, 0.0000, 0.0000
2, 0.5300, 53, -0.4935, -0.5649, -0.6552, -1.4198, 0.9805, 0.1936, 0.0000, 0.0000, 0.0000, 0.0000, 0.0000, 0.0000, -0.8766, 0.3722, -0.1761, 0.2491, -0.0007, 0.0001, -0.0057, 0.0000, 0.0000, 0.0000, 0.0000
1, 0.5400, 54, 0.3217, -0.6048, -0.7324, -0.1527, 1.3545, -1.4438, 0.0000, 0.0000, 0.0000, 0.0000, 0.0000, 0.0000, 0.2983, 0.0629, -0.3652, -0.8796, 0.0068, -0.0003, 0.0071, 0.0000, 0.0000, 0.0000, 0.0000
2, 0.5400, 54, -0.4919, -0.5654, -0.6564, -1.4567, 1.2061, -0.0167, 0.0000, 0.0000, 0.0000, 0.0000, 0.0000, 0.0000, -0.8767, 0.3720, -0.1760, 0.2491, -0.0022, 0.0007, -0.0047, 0.0000, 0.0000, 0.0000, 0.0000
2, 0.5500, 55, -0.4850, -0.5662, -0.6611, -1.5268, 1.0864, -0.0194, 0.0000, 0.0000, 0.0000, 0.0000, 0.0000, 0.0000, -0.8767, 0.3719, -0.1760, 0.2491, -0.0089, 0.0017, -0.0003, 0.0000, 0.0000, 0.0000, 0.0000
1, 0.5500, 55, 0.3256, -0.5990, -0.7286, -0.1884, 1.6478, -1.6023, 0.0000, 0.0000, 0.0000, 0.0000, 0.0000, 0.0000, 0.2984, 0.0631, -0.3652, -0.8796, 0.0032, -0.0058, 0.0033, 0.0000, 0.0000, 0.0000, 0.0000
3, 0.5600, 56, -0.3458, -1.0259, -0.0669, -5.7173, 4.3815, 0.5131, 0.0000, 0.0000, 0.0000, 0.0000, 0.0000, 0.0000, 0.7214, -0.6790, 0.1251, -0.0533, 0.0930, 0.0595, 0.0208, 0.0000, 0.0000, 0.0000, 0.0000
2, 0.5600, 56, -0.4839, -0.5657, -0.6636, -1.2402, 0.7728, 0.4091, 0.0000, 0.0000, 0.0000, 0.0000, 0.0000, 0.0000, -0.8768, 0.3718, -0.1760, 0.2492, -0.0100, 0.0014, 0.0020, 0.0000, 0.0000, 0.0000, 0.0000
1, 0.5600, 56, 0.3407, -0.6027, -0.7216, -0.2594, 1.2998, -1.3209, 0.0000, 0.0000, 0.0000, 0.0000, 0.0000, 0.0000, 0.2984, 0.0632, -0.3652, -0.8795, -0.0116, -0.0020, -0.0036, 0.0000, 0.0000, 0.0000, 0.0000
3, 0.5700, 57, -0.1666, -0.9590, -0.0839, -18.9812, 8.7346, -0.8906, 0.0000, 0.0000, 0.0000, 0.0000, 0.0000, 0.0000, 0.7227, -0.6778, 0.1245, -0.0534, -0.0861, -0.0073, 0.0352, 0.0000, 0.0000, 0.0000, 0.0000
1, 0.5700, 57, 0.3623, -0.5958, -0.7221, -0.2595, 0.7283, -0.9338, 0.0000, 0.0000, 0.0000, 0.0000, 0.0000, 0.0000, 0.2985, 0.0633, -0.3652, -0.8795, -0.0330, -0.0088, -0.0031, 0.0000, 0.0000, 0.0000, 0.0000
2, 0.5700, 57, -0.4859, -0.5660, -0.6661, -0.7906, 0.3450, 0.6512, 0.0000, 0.0000, 0.0000, 0.0000, 0.0000, 0.0000, -0.8768, 0.3717, -0.1760, 0.2492, -0.0079, 0.0018, 0.0044, 0.0000, 0.0000, 0.0000, 0.0000
3, 0.5800, 58, -0.0384, -0.8974, -0.1031, -17.2086, 7.4850, -3.9755, 0.0000, 0.0000, 0.0000, 0.0000, 0.0000, 0.0000, 0.7238, -0.6767, 0.1238, -0.0534, -0.2134, -0.0690, 0.0506, 0.0000, 0.0000, 0.0000, 0.0000
2, 0.5800, 58, -0.4883, -0.5651, -0.6643, -0.6096, 0.0185, 0.8491, 0.0000, 0.0000, 0.0000, 0.0000, 0.0000, 0.0000, -0.8768, 0.3716, -0.1760, 0.2493, -0.0056, 0.0011, 0.0025, 0.0000, 0.0000, 0.0000, 0.0000
1, 0.5800, 58, 0.3545, -0.5968, -0.7263, 0.4144, 0.2505, 0.2887, 0.0000, 0.0000, 0.0000, 0.0000, 0.0000, 0.0000, 0.2984, 0.0633, -0.3653, -0.8795, -0.0251, -0.0078, 0.0012, 0.0000, 0.0000, 0.0000, 0.0000
3, 0.5900, 59, -0.0114, -0.9379, -0.1253, -4.9884, 4.1777, -2.0466, 0.0000, 0.0000, 0.0000, 0.0000, 0.0000, 0.0000, 0.7242, -0.6764, 0.1235, -0.0534, -0.2398, -0.0285, 0.0710, 0.0000, 0.0000, 0.0000, 0.0000
2, 0.5900, 59, -0.4899, -0.5591, -0.6597, -0.3034, -0.2533, 0.9119, 0.0000, 0.0000, 0.0000, 0.0000, 0.0000, 0.0000, -0.8768, 0.3716, -0.1761, 0.2494, -0.0041, -0.0048, -0.0022, 0.0000, 0.0000, 0.0000, 0.0000
1, 0.5900, 59, 0.3271, -0.6010, -0.7303, 0.6736, 0.1773, 0.6898, 0.0000, 0.0000, 0.0000, 0.0000, 0.0000, 0.0000, 0.2984, 0.0633, -0.3652, -0.8795, 0.0023, -0.0038, 0.0052, 0.0000, 0.0000, 0.0000, 0.0000
3, 0.6000, 60, -0.0689, -1.0138, -0.0746, 2.4240, 1.6837, 3.0483, 0.0000, 0.0000, 0.0000, 0.0000, 0.0000, 0.0000, 0.7240, -0.6765, 0.1235, -0.0538, -0.1825, 0.0475, 0.0202, 0.0000, 0.0000, 0.0000, 0.0000
1, 0.6000, 60, 0.3249, -0.6047, -0.7307, 0.8168, 0.0784, 0.5676, 0.0000, 0.0000, 0.0000, 0.0000, 0.0000, 0.0000, 0.2983, 0.0632, -0.3653, -0.8795, 0.0043, -0.0001, 0.0055, 0.0000, 0.0000, 0.0000, 0.0000
1, 0.6100, 61, 0.3299, -0.6040, -0.7273, 0.8164, 0.0432, 0.6202, 0.0000, 0.0000, 0.0000, 0.0000, 0.0000, 0.0000, 0.2983, 0.0632, -0.3654, -0.8795, -0.0008, -0.0009, 0.0023, 0.0000, 0.0000, 0.0000, 0.0000
1, 0.6200, 62, 0.3358, -0.6017, -0.7267, 0.5024, -0.1988, 0.5876, 0.0000, 0.0000, 0.0000, 0.0000, 0.0000, 0.0000, 0.2983, 0.0631, -0.3654, -0.8795, -0.0067, -0.0034, 0.0017, 0.0000, 0.0000, 0.0000, 0.0000
2, 0.6000, 60, -0.4951, -0.5539, -0.6611, 0.2366, -0.3930, 0.4424, 0.0000, 0.0000, 0.0000, 0.0000, 0.0000, 0.0000, -0.8768, 0.3716, -0.1761, 0.2494, 0.0009, -0.0098, -0.0008, 0.0000, 0.0000, 0.0000, 0.0000
3, 0.6100, 61, -0.1568, -1.0348, 0.0167, -2.7210, 5.8447, 4.1274, 0.0000, 0.0000, 0.0000, 0.0000, 0.0000, 0.0000, 0.7242, -0.6763, 0.1234, -0.0543, -0.0953, 0.0686, -0.0712, 0.0000, 0.0000, 0.0000, 0.0000
3, 0.6200, 62, -0.1777, -1.0036, 0.0435, -6.7064, 13.2682, 2.1204, 0.0000, 0.0000, 0.0000, 0.0000, 0.0000, 0.0000, 0.7246, -0.6759, 0.1227, -0.0550, -0.0746, 0.0376, -0.0993, 0.0000, 0.0000, 0.0000, 0.0000
3, 0.6300, 63, -0.1644, -0.9817, 0.0075, -3.1103, 14.3051, 0.2760, 0.0000, 0.0000, 0.0000, 0.0000, 0.0000, 0.0000, 0.7250, -0.6756, 0.1218, -0.0558, -0.0878, 0.0157, -0.0646, 0.0000, 0.0000, 0.0000, 0.0000
2, 0.6100, 61, -0.4874, -0.5615, -0.6652, 0.4029, -0.8678, 0.3953, 0.0000, 0.0000, 0.0000, 0.0000, 0.0000, 0.0000, -0.8767, 0.3716, -0.1762, 0.2494, -0.0070, -0.0022, 0.0035, 0.0000, 0.0000, 0.0000, 0.0000
1, 0.6300, 63, 0.3346, -0.6032, -0.7252, 0.2751, -0.3896, 0.6068, 0.0000, 0.0000, 0.0000, 0.0000, 0.0000, 0.0000, 0.2982, 0.0631, -0.3654, -0.8795, -0.0056, -0.0019, 0.0002, 0.0000, 0.0000, 0.0000, 0.0000
3, 0.6400, 64, -0.1480, -0.9607, -0.0394, 1.1918, 10.3649, -0.9343, 0.0000, 0.0000, 0.0000, 0.0000, 0.0000, 0.0000, 0.7250, -0.6757, 0.1211, -0.0564, -0.1039, -0.0053, -0.0182, 0.0000, 0.0000, 0.0000, 0.0000
2, 0.6200, 62, -0.4916, -0.5597, -0.6657, 0.9582, -0.9811, 0.2927, 0.0000, 0.0000, 0.0000, 0.0000, 0.0000, 0.0000, -0.8767, 0.3717, -0.1763, 0.2494, -0.0028, -0.0040, 0.0041, 0.0000, 0.0000, 0.0000, 0.0000
1, 0.6400, 64, 0.3364, -0.5998, -0.7267, 0.0856, -0.9401, 0.6801, 0.0000, 0.0000, 0.0000, 0.0000, 0.0000, 0.0000, 0.2982, 0.0631, -0.3654, -0.8795, -0.0075, -0.0054, 0.0017, 0.0000, 0.0000, 0.0000, 0.0000
3, 0.6500, 65, -0.1508, -0.9394, -0.0683, 3.4019, 5.7775, -1.5996, 0.0000, 0.0000, 0.0000, 0.0000, 0.0000, 0.0000, 0.7249, -0.6759, 0.1206, -0.0567, -0.1009, -0.0267, 0.0108, 0.0000, 0.0000, 0.0000, 0.0000
1, 0.6500, 65, 0.3338, -0.6037, -0.7268, 0.0325, -1.1663, 0.8560, 0.0000, 0.0000, 0.0000, 0.0000, 0.0000, 0.0000, 0.2982, 0.0630, -0.3654, -0.8796, -0.0051, -0.0015, 0.0017, 0.0000, 0.0000, 0.0000, 0.0000
2, 0.6300, 63, -0.4937, -0.5629, -0.6594, 1.1230, -1.2664, 0.1411, 0.0000, 0.0000, 0.0000, 0.0000, 0.0000, 0.0000, -0.8766, 0.3718, -0.1764, 0.2494, -0.0009, -0.0010, -0.0020, 0.0000, 0.0000, 0.0000, 0.0000
3, 0.6600, 66, -0.1710, -0.9359, -0.0775, 4.4178, 2.9387, -2.0254, 0.0000, 0.0000, 0.0000, 0.0000, 0.0000, 0.0000, 0.7247, -0.6761, 0.1203, -0.0568, -0.0803, -0.0303, 0.0205, 0.0000, 0.0000, 0.0000, 0.0000
2, 0.6400, 64, -0.4935, -0.5631, -0.6546, 1.2672, -1.3314, 0.0415, 0.0000, 0.0000, 0.0000, 0.0000, 0.0000, 0.0000, -0.8765, 0.3720, -0.1764, 0.2494, -0.0013, -0.0009, -0.0066, 0.0000, 0.0000, 0.0000, 0.0000
1, 0.6600, 66, 0.3344, -0.6020, -0.7282, -0.0207, -1.4098, 1.0496, 0.0000, 0.0000, 0.0000, 0.0000, 0.0000, 0.0000, 0.2981, 0.0628, -0.3654, -0.8796, -0.0060, -0.0032, 0.0031, 0.0000, 0.0000, 0.0000, 0.0000
3, 0.6700, 67, -0.1954, -0.9514, -0.0699, 5.7993, 1.0249, -1.9129, 0.0000, 0.0000, 0.0000, 0.0000, 0.0000, 0.0000, 0.7244, -0.6765, 0.1200, -0.0565, -0.0554, -0.0150, 0.0137, 0.0000, 0.0000, 0.0000, 0.0000
1, 0.6700, 67, 0.3359, -0.6027, -0.7284, -0.1417, -1.5466, 0.9808, 0.0000, 0.0000, 0.0000, 0.0000, 0.0000, 0.0000, 0.2981, 0.0627, -0.3653, -0.8796, -0.0077, -0.0026, 0.0032, 0.0000, 0.0000, 0.0000, 0.0000
3, 0.6800, 68, -0.2262, -0.9671, -0.0566, 6.4516, -0.2999, -1.2344, 0.0000, 0.0000, 0.0000, 0.0000, 0.0000, 0.0000, 0.7240, -0.6769, 0.1199, -0.0565, -0.0240, 0.0005, 0.0013, 0.0000, 0.0000, 0.0000, 0.0000
1, 0.6800, 68, 0.3292, -0.6006, -0.7315, -0.0720, -1.4949, 0.9978, 0.0000, 0.0000, 0.0000, 0.0000, 0.0000, 0.0000, 0.2981, 0.0625, -0.3653, -0.8797, -0.0013, -0.0047, 0.0062, 0.0000, 0.0000, 0.0000, 0.0000
3, 0.6900, 69, -0.2541, -0.9836, -0.0389, 5.2403, -1.2172, -0.7322, 0.0000, 0.0000, 0.0000, 0.0000, 0.0000, 0.0000, 0.7237, -0.6773, 0.1199, -0.0565, 0.0040, 0.0169, -0.0153, 0.0000, 0.0000, 0.0000, 0.0000
2, 0.6500, 65, -0.4937, -0.5646, -0.6536, 1.1397, -0.9871, -0.1719, 0.0000, 0.0000, 0.0000, 0.0000, 0.0000, 0.0000, -0.8765, 0.3721, -0.1765, 0.2494, -0.0012, 0.0004, -0.0072, 0.0000, 0.0000, 0.0000, 0.0000
1, 0.6900, 69, 0.3319, -0.6013, -0.7351, 0.4020, -1.4739, 1.0484, 0.0000, 0.0000, 0.0000, 0.0000, 0.0000, 0.0000, 0.2981, 0.0624, -0.3652, -0.8797, -0.0043, -0.0040, 0.0097, 0.0000, 0.0000, 0.0000, 0.0000
2, 0.6600, 66, -0.4946, -0.5674, -0.6499, 0.8335, -0.6092, -0.4265, 0.0000, 0.0000, 0.0000, 0.0000, 0.0000, 0.0000, -0.8765, 0.3722, -0.1765, 0.2493, -0.0003, 0.0031, -0.0108, 0.0000, 0.0000, 0.0000, 0.0000
3, 0.7000, 70, -0.2718, -0.9904, -0.0338, 2.8055, -1.5900, -0.6986, 0.0000, 0.0000, 0.0000, 0.0000, 0.0000, 0.0000, 0.7235, -0.6774, 0.1200, -0.0563, 0.0218, 0.0237, -0.0198, 0.0000, 0.0000, 0.0000, 0.0000
1, 0.7000, 70, 0.3287, -0.6058, -0.7317, 0.5569, -1.2174, 1.1339, 0.0000, 0.0000, 0.0000, 0.0000, 0.0000, 0.0000, 0.2980, 0.0623, -0.3652, -0.8797, -0.0014, 0.0003, 0.0062, 0.0000, 0.0000, 0.0000, 0.0000
2, 0.6700, 67, -0.4903, -0.5673, -0.6562, 0.5460, -0.4229, -0.4713, 0.0000, 0.0000, 0.0000, 0.0000, 0.0000, 0.0000, -0.8764, 0.3722, -0.1765, 0.2493, -0.0047, 0.0028, -0.0044, 0.0000, 0.0000, 0.0000, 0.0000
3, 0.7100, 71, -0.2815, -0.9892, -0.0398, 0.4251, -1.9617, -0.7519, 0.0000, 0.0000, 0.0000, 0.0000, 0.0000, 0.0000, 0.7235, -0.6775, 0.1201, -0.0562, 0.0316, 0.0224, -0.0134, 0.0000, 0.0000, 0.0000, 0.0000
2, 0.6800, 68, -0.4884, -0.5654, -0.6581, 0.4896, -0.2210, -0.3684, 0.0000, 0.0000, 0.0000, 0.0000, 0.0000, 0.0000, -0.8764, 0.3723, -0.1765, 0.2492, -0.0066, 0.0008, -0.0024, 0.0000, 0.0000, 0.0000, 0.0000
1, 0.7100, 71, 0.3269, -0.6033, -0.7292, 0.8559, -1.0585, 1.0273, 0.0000, 0.0000, 0.0000, 0.0000, 0.0000, 0.0000, 0.2980, 0.0621, -0.3653, -0.8797, 0.0002, -0.0022, 0.0038, 0.0000, 0.0000, 0.0000, 0.0000
2, 0.6900, 69, -0.4886, -0.5647, -0.6599, 0.5092, -0.4271, -0.2807, 0.0000, 0.0000, 0.0000, 0.0000, 0.0000, 0.0000, -0.8765, 0.3723, -0.1764, 0.2491, -0.0063, 0.0000, -0.0006, 0.0000, 0.0000, 0.0000, 0.0000
3, 0.7200, 72, -0.2737, -0.9717, -0.0509, -1.5619, -2.3488, -1.1509, 0.0000, 0.0000, 0.0000, 0.0000, 0.0000, 0.0000, 0.7236, -0.6774, 0.1202, -0.0561, 0.0239, 0.0049, -0.0024, 0.0000, 0.0000, 0.0000, 0.0000
2, 0.7000, 70, -0.4850, -0.5679, -0.6594, 0.3485, -0.6054, 0.0448, 0.0000, 0.0000, 0.0000, 0.0000, 0.0000, 0.0000, -0.8764, 0.3724, -0.1764, 0.2491, -0.0097, 0.0031, -0.0011, 0.0000, 0.0000, 0.0000, 0.0000
2, 0.7100, 71, -0.4895, -0.5650, -0.6594, 0.6896, -0.8972, 0.2658, 0.0000, 0.0000, 0.0000, 0.0000, 0.0000, 0.0000, -0.8764, 0.3724, -0.1765, 0.2491, -0.0053, 0.0001, -0.0009, 0.0000, 0.0000, 0.0000, 0.0000
2, 0.7200, 72, -0.4881, -0.5699, -0.6586, 0.5807, -0.7982, 0.3842, 0.0000, 0.0000, 0.0000, 0.0000, 0.0000, 0.0000, -0.8764, 0.3725, -0.1765, 0.2491, -0.0068, 0.0050, -0.0016, 0.0000, 0.0000, 0.0000, 0.0000
3, 0.7300, 73, -0.2628, -0.9496, -0.0636, -1.8026, -3.0139, -1.7074, 0.0000, 0.0000, 0.0000, 0.0000, 0.0000, 0.0000, 0.7236, -0.6773, 0.1203, -0.0558, 0.0130, -0.0172, 0.0101, 0.0000, 0.0000, 0.0000, 0.0000
1, 0.7200, 72, 0.3259, -0.6040, -0.7271, 0.4709, -0.8865, 0.7658, 0.0000, 0.0000, 0.0000, 0.0000, 0.0000, 0.0000, 0.2979, 0.0620, -0.3653, -0.8797, 0.0010, -0.0017, 0.0017, 0.0000, 0.0000, 0.0000, 0.0000
2, 0.7300, 73, -0.4892, -0.5653, -0.6555, 0.4728, -0.9258, 0.7466, 0.0000, 0.0000, 0.0000, 0.0000, 0.0000, 0.0000, -0.8763, 0.3725, -0.1766, 0.2492, -0.0059, 0.0004, -0.0046, 0.0000, 0.0000, 0.0000, 0.0000
3, 0.7400, 74, -0.2614, -0.9383, -0.0682, -0.9508, -3.1036, -2.0836, 0.0000, 0.0000, 0.0000, 0.0000, 0.0000, 0.0000, 0.7237, -0.6773, 0.1204, -0.0555, 0.0119, -0.0286, 0.0147, 0.0000, 0.0000, 0.0000, 0.0000
1, 0.7300, 73, 0.3275, -0.6015, -0.7291, 0.3308, -0.7659, 0.6434, 0.0000, 0.0000, 0.0000, 0.0000, 0.0000, 0.0000, 0.2979, 0.0619, -0.3653, -0.8797, -0.0008, -0.0043, 0.0037, 0.0000, 0.0000, 0.0000, 0.0000
2, 0.7400, 74, -0.4888, -0.5676, -0.6547, 0.0793, -0.9134, 0.8374, 0.0000, 0.0000, 0.0000, 0.0000, 0.0000, 0.0000, -0.8763, 0.3726, -0.1766, 0.2491, -0.0064, 0.0027, -0.0053, 0.0000, 0.0000, 0.0000, 0.0000
3, 0.7500, 75, -0.2589, -0.9383, -0.0634, 0.2638, -3.2231, -2.0197, 0.0000, 0.0000, 0.0000, 0.0000, 0.0000, 0.0000, 0.7236, -0.6773, 0.1205, -0.0552, 0.0097, -0.0287, 0.0099, 0.0000, 0.0000, 0.0000, 0.0000
1, 0.7400, 74, 0.3277, -0.6019, -0.7301, 0.2258, -0.8009, 0.6265, 0.0000, 0.0000, 0.0000, 0.0000, 0.0000, 0.0000, 0.2979, 0.0619, -0.3652, -0.8798, -0.0011, -0.0039, 0.0046, 0.0000, 0.0000, 0.0000, 0.0000
2, 0.7500, 75, -0.4887, -0.5654, -0.6555, -0.0299, -0.7800, 0.9383, 0.0000, 0.0000, 0.0000, 0.0000, 0.0000, 0.0000, -0.8763, 0.3726, -0.1767, 0.2491, -0.0065, 0.0004, -0.0044, 0.0000, 0.0000, 0.0000, 0.0000
3, 0.7600, 76, -0.2586, -0.9517, -0.0599, 0.9263, -3.7580, -1.7308, 0.0000, 0.0000, 0.0000, 0.0000, 0.0000, 0.0000, 0.7236, -0.6774, 0.1206, -0.0549, 0.0097, -0.0153, 0.0067, 0.0000, 0.0000, 0.0000, 0.0000
1, 0.7500, 75, 0.3306, -0.6019, -0.7296, 0.1189, -0.7000, 0.6613, 0.0000, 0.0000, 0.0000, 0.0000, 0.0000, 0.0000, 0.2979, 0.0618, -0.3652, -0.8798, -0.0042, -0.0038, 0.0040, 0.0000, 0.0000, 0.0000, 0.0000
2, 0.7600, 76, -0.4924, -0.5646, -0.6554, -0.1208, -0.6446, 0.9527, 0.0000, 0.0000, 0.0000, 0.0000, 0.0000, 0.0000, -0.8762, 0.3726, -0.1768, 0.2492, -0.0030, -0.0003, -0.0045, 0.0000, 0.0000, 0.0000, 0.0000
3, 0.7700, 77, -0.2545, -0.9609, -0.0591, 0.2075, -4.5783, -1.1376, 0.0000, 0.0000, 0.0000, 0.0000, 0.0000, 0.0000, 0.7235, -0.6774, 0.1208, -0.0546, 0.0057, -0.0062, 0.0061, 0.0000, 0.0000, 0.0000, 0.0000
3, 0.7800, 78, -0.2574, -0.9676, -0.0591, -0.5678, -5.1253, -0.2499, 0.0000, 0.0000, 0.0000, 0.0000, 0.0000, 0.0000, 0.7235, -0.6774, 0.1211, -0.0542, 0.0086, 0.0005, 0.0063, 0.0000, 0.0000, 0.0000, 0.0000
1, 0.7600, 76, 0.3360, -0.5999, -0.7306, 0.2432, -0.8875, 0.6967, 0.0000, 0.0000, 0.0000, 0.0000, 0.0000, 0.0000, 0.2978, 0.0617, -0.3652, -0.8799, -0.0098, -0.0059, 0.0049, 0.0000, 0.0000, 0.0000, 0.0000
2, 0.7700, 77, -0.4913, -0.5652, -0.6583, -0.0094, -1.0006, 0.9039, 0.0000, 0.0000, 0.0000, 0.0000, 0.0000, 0.0000, -0.8762, 0.3726, -0.1769, 0.2492, -0.0043, 0.0003, -0.0014, 0.0000, 0.0000, 0.0000, 0.0000
2, 0.7800, 78, -0.4948, -0.5616, -0.6565, 0.2948, -0.9784, 0.7577, 0.0000, 0.0000, 0.0000, 0.0000, 0.0000, 0.0000, -0.8762, 0.3727, -0.1770, 0.2492, -0.0010, -0.0033, -0.0031, 0.0000, 0.0000, 0.0000, 0.0000
3, 0.7900, 79, -0.2596, -0.9732, -0.0568, -1.3713, -4.6607, 0.5084, 0.0000, 0.0000, 0.0000, 0.0000, 0.0000, 0.0000, 0.7235, -0.6774, 0.1215, -0.0540, 0.0107, 0.0061, 0.0039, 0.0000, 0.0000, 0.0000, 0.0000
1, 0.7700, 77, 0.3324, -0.6000, -0.7316, 0.4504, -0.8735, 0.9754, 0.0000, 0.0000, 0.0000, 0.0000, 0.0000, 0.0000, 0.2978, 0.0616, -0.3652, -0.8799, -0.0064, -0.0058, 0.0059, 0.0000, 0.0000, 0.0000, 0.0000
3, 0.8000, 80, -0.2548, -0.9723, -0.0503, -2.1119, -3.6664, 0.8095, 0.0000, 0.0000, 0.0000, 0.0000, 0.0000, 0.0000, 0.7236, -0.6772, 0.1218, -0.0538, 0.0058, 0.0053, -0.0026, 0.0000, 0.0000, 0.0000, 0.0000
2, 0.7900, 79, -0.4969, -0.5627, -0.6543, 0.1153, -0.8059, 0.5945, 0.0000, 0.0000, 0.0000, 0.0000, 0.0000, 0.0000, -0.8761, 0.3728, -0.1771, 0.2493, 0.0009, -0.0021, -0.0052, 0.0000, 0.0000, 0.0000, 0.0000
1, 0.7800, 78, 0.3293, -0.6016, -0.7316, 0.6441, -0.8193, 0.9220, 0.0000, 0.0000, 0.0000, 0.0000, 0.0000, 0.0000, 0.2978, 0.0615, -0.3652, -0.8799, -0.0035, -0.0044, 0.0059, 0.0000, 0.0000, 0.0000, 0.0000
1, 0.7900, 79, 0.3304, -0.6003, -0.7325, 0.9605, -0.8683, 0.9736, 0.0000, 0.0000, 0.0000, 0.0000, 0.0000, 0.0000, 0.2977, 0.0614, -0.3652, -0.8799, -0.0048, -0.0059, 0.0068, 0.0000, 0.0000, 0.0000, 0.0000
2, 0.8000, 80, -0.4969, -0.5625, -0.6567, 0.2757, -0.5754, 0.2167, 0.0000, 0.0000, 0.0000, 0.0000, 0.0000, 0.0000, -0.8761, 0.3728, -0.1772, 0.2493, 0.0006, -0.0023, -0.0026, 0.0000, 0.0000, 0.0000, 0.0000
3, 0.8100, 81, -0.2447, -0.9754, -0.0424, -2.1054, -2.7596, 0.6810, 0.0000, 0.0000, 0.0000, 0.0000, 0.0000, 0.0000, 0.7237, -0.6771, 0.1220, -0.0536, -0.0045, 0.0084, -0.0108, 0.0000, 0.0000, 0.0000, 0.0000
1, 0.8000, 80, 0.3319, -0.6013, -0.7294, 1.1339, -0.7488, 1.0771, 0.0000, 0.0000, 0.0000, 0.0000, 0.0000, 0.0000, 0.2977, 0.0613, -0.3653, -0.8799, -0.0065, -0.0049, 0.0037, 0.0000, 0.0000, 0.0000, 0.0000
3, 0.8200, 82, -0.2375, -0.9757, -0.0374, -1.8640, -1.9527, 0.1711, 0.0000, 0.0000, 0.0000, 0.0000, 0.0000, 0.0000, 0.7237, -0.6771, 0.1221, -0.0534, -0.0117, 0.0087, -0.0159, 0.0000, 0.0000, 0.0000, 0.0000
2, 0.8100, 81, -0.4937, -0.5654, -0.6528, 0.3111, -0.4878, 0.1134, 0.0000, 0.0000, 0.0000, 0.0000, 0.0000, 0.0000, -0.8760, 0.3728, -0.1772, 0.2493, -0.0026, 0.0005, -0.0065, 0.0000, 0.0000, 0.0000, 0.0000
1, 0.8100, 81, 0.3286, -0.6035, -0.7299, 1.1493, -0.7864, 1.2694, 0.0000, 0.0000, 0.0000, 0.0000, 0.0000, 0.0000, 0.2976, 0.0612, -0.3653, -0.8799, -0.0034, -0.0029, 0.0043, 0.0000, 0.0000, 0.0000, 0.0000
2, 0.8200, 82, -0.4979, -0.5618, -0.6523, 0.3440, -0.0722, -0.1989, 0.0000, 0.0000, 0.0000, 0.0000, 0.0000, 0.0000, -0.8760, 0.3729, -0.1772, 0.2493, 0.0016, -0.0031, -0.0069, 0.0000, 0.0000, 0.0000, 0.0000
1, 0.8200, 82, 0.3316, -0.6001, -0.7333, 1.3620, -0.8165, 1.1640, 0.0000, 0.0000, 0.0000, 0.0000, 0.0000, 0.0000, 0.2975, 0.0610, -0.3654, -0.8799, -0.0066, -0.0065, 0.0078, 0.0000, 0.0000, 0.0000, 0.0000
3, 0.8300, 83, -0.2318, -0.9784, -0.0392, -1.2610, -2.1284, -0.1018, 0.0000, 0.0000, 0.0000, 0.0000, 0.0000, 0.0000, 0.7238, -0.6771, 0.1222, -0.0532, -0.0171, 0.0113, -0.0141, 0.0000, 0.0000, 0.0000, 0.0000
1, 0.8300, 83, 0.3309, -0.6042, -0.7295, 1.4285, -0.6655, 1.3551, 0.0000, 0.0000, 0.0000, 0.0000, 0.0000, 0.0000, 0.2975, 0.0609, -0.3655, -0.8799, -0.0062, -0.0027, 0.0040, 0.0000, 0.0000, 0.0000, 0.0000
3, 0.8400, 84, -0.2421, -0.9763, -0.0387, -1.0113, -2.2318, -0.3085, 0.0000, 0.0000, 0.0000, 0.0000, 0.0000, 0.0000, 0.7238, -0.6770, 0.1223, -0.0531, -0.0068, 0.0092, -0.0147, 0.0000, 0.0000, 0.0000, 0.0000
2, 0.8300, 83, -0.4940, -0.5637, -0.6526, 0.3606, 0.1004, -0.3028, 0.0000, 0.0000, 0.0000, 0.0000, 0.0000, 0.0000, -0.8760, 0.3729, -0.1772, 0.2493, -0.0023, -0.0013, -0.0066, 0.0000, 0.0000, 0.0000, 0.0000
1, 0.8400, 84, 0.3275, -0.6028, -0.7301, 1.4446, -0.6327, 1.4422, 0.0000, 0.0000, 0.0000, 0.0000, 0.0000, 0.0000, 0.2974, 0.0609, -0.3656, -0.8799, -0.0030, -0.0043, 0.0048, 0.0000, 0.0000, 0.0000, 0.0000
2, 0.8400, 84, -0.4910, -0.5661, -0.6557, 0.1472, 0.1375, -0.5196, 0.0000, 0.0000, 0.0000, 0.0000, 0.0000, 0.0000, -0.8760, 0.3730, -0.1771, 0.2492, -0.0053, 0.0010, -0.0034, 0.0000, 0.0000, 0.0000, 0.0000
3, 0.8500, 85, -0.2464, -0.9752, -0.0373, -1.2195, -2.2084, -0.5027, 0.0000, 0.0000, 0.0000, 0.0000, 0.0000, 0.0000, 0.7239, -0.6769, 0.1224, -0.0529, -0.0024, 0.0082, -0.0161, 0.0000, 0.0000, 0.0000, 0.0000
1, 0.8500, 85, 0.3368, -0.6015, -0.7270, 1.5161, -0.8382, 1.4954, 0.0000, 0.0000, 0.0000, 0.0000, 0.0000, 0.0000, 0.2973, 0.0607, -0.3657, -0.8799, -0.0124, -0.0058, 0.0018, 0.0000, 0.0000, 0.0000, 0.0000
3, 0.8600, 86, -0.2481, -0.9653, -0.0360, -1.6763, -2.1495, -0.5769, 0.0000, 0.0000, 0.0000, 0.0000, 0.0000, 0.0000, 0.7239, -0.6768, 0.1225, -0.0527, -0.0007, -0.0018, -0.0177, 0.0000, 0.0000, 0.0000, 0.0000
2, 0.8500, 85, -0.4931, -0.5656, -0.6538, 0.1092, 0.2351, -0.3115, 0.0000, 0.0000, 0.0000, 0.0000, 0.0000, 0.0000, -0.8760, 0.3730, -0.1770, 0.2492, -0.0030, 0.0002, -0.0052, 0.0000, 0.0000, 0.0000, 0.0000
1, 0.8600, 86, 0.3284, -0.6049, -0.7282, 1.3564, -0.9457, 1.6711, 0.0000, 0.0000, 0.0000, 0.0000, 0.0000, 0.0000, 0.2972, 0.0605, -0.3658, -0.8799, -0.0043, -0.0027, 0.0031, 0.0000, 0.0000, 0.0000, 0.0000
2, 0.8600, 86, -0.4925, -0.5655, -0.6571, 0.1099, 0.2377, -0.4336, 0.0000, 0.0000, 0.0000, 0.0000, 0.0000, 0.0000, -0.8760, 0.3730, -0.1770, 0.2491, -0.0035, 0.0001, -0.0019, 0.0000, 0.0000, 0.0000, 0.0000
3, 0.8700, 87, -0.2505, -0.9591, -0.0389, -1.9358, -1.6913, -0.7395, 0.0000, 0.0000, 0.0000, 0.0000, 0.0000, 0.0000, 0.7240, -0.6768, 0.1226, -0.0526, 0.0017, -0.0080, -0.0149, 0.0000, 0.0000, 0.0000, 0.0000
1, 0.8700, 87, 0.3341, -0.6025, -0.7263, 1.3432, -1.3725, 1.6209, 0.0000, 0.0000, 0.0000, 0.0000, 0.0000, 0.0000, 0.2971, 0.0604, -0.3658, -0.8799, -0.0104, -0.0053, 0.0013, 0.0000, 0.0000, 0.0000, 0.0000
2, 0.8700, 87, -0.4882, -0.5639, -0.6593, 0.1828, 0.0134, -0.2743, 0.0000, 0.0000, 0.0000, 0.0000, 0.0000, 0.0000, -0.8760, 0.3731, -0.1770, 0.2491, -0.0078, -0.0015, 0.0003, 0.0000, 0.0000, 0.0000, 0.0000
3, 0.8800, 88, -0.2472, -0.9601, -0.0412, -1.2499, -1.2165, -0.5097, 0.0000, 0.0000, 0.0000, 0.0000, 0.0000, 0.0000, 0.7240, -0.6767, 0.1227, -0.0524, -0.0015, -0.0070, -0.0127, 0.0000, 0.0000, 0.0000, 0.0000
2, 0.8800, 88, -0.4889, -0.5667, -0.6621, 0.3801, -0.0528, -0.3023, 0.0000, 0.0000, 0.0000, 0.0000, 0.0000, 0.0000, -0.8760, 0.3731, -0.1770, 0.2491, -0.0070, 0.0012, 0.0031, 0.0000, 0.0000, 0.0000, 0.0000
1, 0.8800, 88, 0.3313, -0.6038, -0.7298, 0.9718, -1.4312, 1.8146, 0.0000, 0.0000, 0.0000, 0.0000, 0.0000, 0.0000, 0.2971, 0.0602, -0.3659, -0.8799, -0.0079, -0.0043, 0.0047, 0.0000, 0.0000, 0.0000, 0.0000
1, 0.8900, 89, 0.3231, -0.6044, -0.7314, 1.2341, -1.5173, 1.9888, 0.0000, 0.0000, 0.0000, 0.0000, 0.0000, 0.0000, 0.2970, 0.0599, -0.3659, -0.8800, -0.0001, -0.0039, 0.0064, 0.0000, 0.0000, 0.0000, 0.0000
2, 0.8900, 89, -0.4894, -0.5654, -0.6623, 0.7225, -0.3580, -0.2557, 0.0000, 0.0000, 0.0000, 0.0000, 0.0000, 0.0000, -0.8761, 0.3731, -0.1769, 0.2490, -0.0065, -0.0002, 0.0033, 0.0000, 0.0000, 0.0000, 0.0000
3, 0.8900, 89, -0.2410, -0.9642, -0.0384, -0.5259, -0.5658, -0.4030, 0.0000, 0.0000, 0.0000, 0.0000, 0.0000, 0.0000, 0.7241, -0.6767, 0.1227, -0.0524, -0.0076, -0.0029, -0.0156, 0.0000, 0.0000, 0.0000, 0.0000
2, 0.9000, 90, -0.4891, -0.5652, -0.6583, 0.6875, -0.5152, -0.0827, 0.0000, 0.0000, 0.0000, 0.0000, 0.0000, 0.0000, -0.8761, 0.3731, -0.1769, 0.2490, -0.0066, -0.0004, -0.0007, 0.0000, 0.0000, 0.0000, 0.0000
3, 0.9000, 90, -0.2328, -0.9668, -0.0391, -0.1738, -0.2762, -0.2971, 0.0000, 0.0000, 0.0000, 0.0000, 0.0000, 0.0000, 0.7241, -0.6767, 0.1227, -0.0523, -0.0157, -0.0003, -0.0149, 0.0000, 0.0000, 0.0000, 0.0000
1, 0.9000, 90, 0.3194, -0.6011, -0.7350, 1.2893, -1.4786, 1.7788, 0.0000, 0.0000, 0.0000, 0.0000, 0.0000, 0.0000, 0.2969, 0.0597, -0.3660, -0.8800, 0.0031, -0.0074, 0.0100, 0.0000, 0.0000, 0.0000, 0.0000
2, 0.9100, 91, -0.4911, -0.5672, -0.6569, 0.6364, -0.7725, -0.0150, 0.0000, 0.0000, 0.0000, 0.0000, 0.0000, 0.0000, -0.8760, 0.3732, -0.1770, 0.2490, -0.0047, 0.0014, -0.0020, 0.0000, 0.0000, 0.0000, 0.0000
1, 0.9100, 91, 0.3213, -0.6053, -0.7329, 1.2534, -1.2030, 1.6553, 0.0000, 0.0000, 0.0000, 0.0000, 0.0000, 0.0000, 0.2968, 0.0596, -0.3661, -0.8800, 0.0009, -0.0035, 0.0080, 0.0000, 0.0000, 0.0000, 0.0000
3, 0.9100, 91, -0.2309, -0.9635, -0.0387, 0.4244, -0.1459, -0.1879, 0.0000, 0.0000, 0.0000, 0.0000, 0.0000, 0.0000, 0.7240, -0.6767, 0.1227, -0.0523, -0.0176, -0.0036, -0.0152, 0.0000, 0.0000, 0.0000, 0.0000
2, 0.9200, 92, -0.4913, -0.5685, -0.6553, 0.7433, -0.7548, -0.0112, 0.0000, 0.0000, 0.0000, 0.0000, 0.0000, 0.0000, -0.8760, 0.3733, -0.1770, 0.2490, -0.0047, 0.0027, -0.0034, 0.0000, 0.0000, 0.0000, 0.0000
1, 0.9200, 92, 0.3252, -0.6043, -0.7300, 1.1491, -1.1331, 1.5156, 0.0000, 0.0000, 0.0000, 0.0000, 0.0000, 0.0000, 0.2967, 0.0594, -0.3661, -0.8800, -0.0032, -0.0047, 0.0051, 0.0000, 0.0000, 0.0000, 0.0000
3, 0.9200, 92, -0.2346, -0.9591, -0.0399, 1.0255, 0.2472, -0.1854, 0.0000, 0.0000, 0.0000, 0.0000, 0.0000, 0.0000, 0.7237, -0.6772, 0.1226, -0.0522, -0.0137, -0.0080, -0.0136, 0.0000, 0.0000, 0.0000, 0.0000
1, 0.9300, 93, 0.3242, -0.6067, -0.7268, 1.0094, -1.0464, 1.3759, 0.0000, 0.0000, 0.0000, 0.0000, 0.0000, 0.0000, 0.2967, 0.0593, -0.3662, -0.8800, -0.0026, -0.0026, 0.0020, 0.0000, 0.0000, 0.0000, 0.0000
2, 0.9300, 93, -0.4941, -0.5668, -0.6534, 0.7425, -0.7577, 0.1283, 0.0000, 0.0000, 0.0000, 0.0000, 0.0000, 0.0000, -0.8759, 0.3734, -0.1770, 0.2490, -0.0019, 0.0009, -0.0051, 0.0000, 0.0000, 0.0000, 0.0000
3, 0.9300, 93, -0.2393, -0.9607, -0.0355, 1.1657, 0.5560, -0.0465, 0.0000, 0.0000, 0.0000, 0.0000, 0.0000, 0.0000, 0.7236, -0.6772, 0.1226, -0.0523, -0.0089, -0.0066, -0.0172, 0.0000, 0.0000, 0.0000, 0.0000
2, 0.9400, 94, -0.4932, -0.5674, -0.6532, 0.5257, -0.5557, 0.1733, 0.0000, 0.0000, 0.0000, 0.0000, 0.0000, 0.0000, -0.8759, 0.3735, -0.1770, 0.2489, -0.0029, 0.0014, -0.0052, 0.0000, 0.0000, 0.0000, 0.0000
1, 0.9400, 94, 0.3203, -0.6055, -0.7231, 0.6975, -1.4238, 1.2742, 0.0000, 0.0000, 0.0000, 0.0000, 0.0000, 0.0000, 0.2966, 0.0591, -0.3662, -0.8800, 0.0011, -0.0039, -0.0017, 0.0000, 0.0000, 0.0000, 0.0000
3, 0.9400, 94, -0.2380, -0.9627, -0.0337, 1.4492, 0.8140, -0.0633, 0.0000, 0.0000, 0.0000, 0.0000, 0.0000, 0.0000, 0.7235, -0.6773, 0.1225, -0.0523, -0.0102, -0.0046, -0.0189, 0.0000, 0.0000, 0.0000, 0.0000
3, 0.9500, 95, -0.2420, -0.9652, -0.0270, 1.5217, 0.7462, -0.2019, 0.0000, 0.0000, 0.0000, 0.0000, 0.0000, 0.0000, 0.7234, -0.6774, 0.1224, -0.0524, -0.0061, -0.0021, -0.0253, 0.0000, 0.0000, 0.0000, 0.0000
3, 0.9600, 96, -0.2433, -0.9561, -0.0212, 1.7216, 1.0448, -0.4816, 0.0000, 0.0000, 0.0000, 0.0000, 0.0000, 0.0000, 0.7234, -0.6775, 0.1223, -0.0524, -0.0048, -0.0112, -0.0308, 0.0000, 0.0000, 0.0000, 0.0000
2, 0.9500, 95, -0.4904, -0.5693, -0.6557, 0.3276, -0.3330, 0.0444, 0.0000, 0.0000, 0.0000, 0.0000, 0.0000, 0.0000, -0.8759, 0.3735, -0.1770, 0.2489, -0.0056, 0.0030, -0.0026, 0.0000, 0.0000, 0.0000, 0.0000
1, 0.9500, 95, 0.3226, -0.6037, -0.7270, -0.1100, -1.4992, 1.2075, 0.0000, 0.0000, 0.0000, 0.0000, 0.0000, 0.0000, 0.2966, 0.0589, -0.3661, -0.8801, -0.0016, -0.0058, 0.0021, 0.0000, 0.0000, 0.0000, 0.0000
2, 0.9600, 96, -0.4928, -0.5658, -0.6551, 0.4694, -0.1940, -0.0376, 0.0000, 0.0000, 0.0000, 0.0000, 0.0000, 0.0000, -0.8759, 0.3736, -0.1770, 0.2489, -0.0032, -0.0005, -0.0032, 0.0000, 0.0000, 0.0000, 0.0000
3, 0.9700, 97, -0.2428, -0.9572, -0.0210, 1.9393, 1.1358, -0.8297, 0.0000, 0.0000, 0.0000, 0.0000, 0.0000, 0.0000, 0.7230, -0.6779, 0.1222, -0.0525, -0.0051, -0.0102, -0.0307, 0.0000, 0.0000, 0.0000, 0.0000
1, 0.9600, 96, 0.3273, -0.6038, -0.7266, -0.3868, -1.7033, 0.9999, 0.0000, 0.0000, 0.0000, 0.0000, 0.0000, 0.0000, 0.2965, 0.0588, -0.3661, -0.8801, -0.0066, -0.0057, 0.0015, 0.0000, 0.0000, 0.0000, 0.0000
3, 0.9800, 98, -0.2481, -0.9614, -0.0190, 1.8380, 1.3149, -1.0414, 0.0000, 0.0000, 0.0000, 0.0000, 0.0000, 0.0000, 0.7229, -0.6780, 0.1220, -0.0525, 0.0004, -0.0061, -0.0318, 0.0000, 0.0000, 0.0000, 0.0000
2, 0.9700, 97, -0.4915, -0.5677, -0.6543, 0.2367, -0.1976, 0.0588, 0.0000, 0.0000, 0.0000, 0.0000, 0.0000, 0.0000, -0.8759, 0.3736, -0.1770, 0.2489, -0.0045, 0.0015, -0.0039, 0.0000, 0.0000, 0.0000, 0.0000
1, 0.9700, 97, 0.3255, -0.6034, -0.7284, -0.5585, -2.0801, 0.9326, 0.0000, 0.0000, 0.0000, 0.0000, 0.0000, 0.0000, 0.2965, 0.0586, -0.3660, -0.8802, -0.0051, -0.0061, 0.0032, 0.0000, 0.0000, 0.0000, 0.0000
2, 0.9800, 98, -0.4940, -0.5628, -0.6534, 0.5579, -0.0898, -0.1041, 0.0000, 0.0000, 0.0000, 0.0000, 0.0000, 0.0000, -0.8759, 0.3736, -0.1770, 0.2489, -0.0021, -0.0036, -0.0047, 0.0000, 0.0000, 0.0000, 0.0000
3, 0.9900, 99, -0.2448, -0.9616, -0.0239, 1.9489, 1.6136, -1.2695, 0.0000, 0.0000, 0.0000, 0.0000, 0.0000, 0.0000, 0.7228, -0.6782, 0.1219, -0.0526, -0.0028, -0.0060, -0.0267, 0.0000, 0.0000, 0.0000, 0.0000
1, 0.9800, 98, 0.3276, -0.5988, -0.7318, -0.8203, -2.2531, 0.8994, 0.0000, 0.0000, 0.0000, 0.0000, 0.0000, 0.0000, 0.2965, 0.0584, -0.3659, -0.8802, -0.0077, -0.0107, 0.0064, 0.0000, 0.0000, 0.0000, 0.0000
3, 1.0000, 100, -0.2475, -0.9675, -0.0328, 2.1665, 1.9639, -1.5320, 0.0000, 0.0000, 0.0000, 0.0000, 0.0000, 0.0000, 0.7227, -0.6783, 0.1216, -0.0526, 0.0003, -0.0002, -0.0175, 0.0000, 0.0000, 0.0000, 0.0000
3, 1.0100, 101, -0.2552, -0.9787, -0.0341, 1.9696, 2.4300, -1.2225, 0.0000, 0.0000, 0.0000, 0.0000, 0.0000, 0.0000, 0.7227, -0.6784, 0.1214, -0.0527, 0.0082, 0.0110, -0.0160, 0.0000, 0.0000, 0.0000, 0.0000
3, 1.0200, 102, -0.2645, -0.9830, -0.0338, 0.9793, 3.2680, -0.7828, 0.0000, 0.0000, 0.0000, 0.0000, 0.0000, 0.0000, 0.7225, -0.6786, 0.1212, -0.0530, 0.0176, 0.0153, -0.0161, 0.0000, 0.0000, 0.0000, 0.0000
2, 0.9900, 99, -0.4931, -0.5647, -0.6543, 0.5247, -0.2226, -0.2799, 0.0000, 0.0000, 0.0000, 0.0000, 0.0000, 0.0000, -0.8759, 0.3737, -0.1769, 0.2488, -0.0029, -0.0018, -0.0038, 0.0000, 0.0000, 0.0000, 0.0000
1, 0.9900, 99, 0.3363, -0.5987, -0.7325, -0.5066, -2.2712, 1.1255, 0.0000, 0.0000, 0.0000, 0.0000, 0.0000, 0.0000, 0.2965, 0.0584, -0.3657, -0.8803, -0.0167, -0.0107, 0.0069, 0.0000, 0.0000, 0.0000, 0.0000
1, 1.0000, 100, 0.3375, -0.6022, -0.7340, -0.2687, -2.2115, 1.7181, 0.0000, 0.0000, 0.0000, 0.0000, 0.0000, 0.0000, 0.2965, 0.0581, -0.3657, -0.8804, -0.0181, -0.0071, 0.0082, 0.0000, 0.0000, 0.0000, 0.0000
1, 1.0100, 101, 0.3250, -0.6044, -0.7353, 0.0411, -2.1833, 2.2058, 0.0000, 0.0000, 0.0000, 0.0000, 0.0000, 0.0000, 0.2964, 0.0579, -0.3656, -0.8804, -0.0061, -0.0051, 0.0094, 0.0000, 0.0000, 0.0000, 0.0000
1, 1.0200, 102, 0.3180, -0.6065, -0.7335, 0.3411, -2.2134, 2.1526, 0.0000, 0.0000, 0.0000, 0.0000, 0.0000, 0.0000, 0.2963, 0.0577, -0.3656, -0.8805, 0.0003, -0.0030, 0.0075, 0.0000, 0.0000, 0.0000, 0.0000
2, 1.0000, 100, -0.4915, -0.5667, -0.6546, 0.3986, -0.0860, -0.3366, 0.0000, 0.0000, 0.0000, 0.0000, 0.0000, 0.0000, -0.8758, 0.3738, -0.1769, 0.2488, -0.0044, 0.0000, -0.0034, 0.0000, 0.0000, 0.0000, 0.0000
2, 1.0100, 101, -0.4949, -0.5620, -0.6546, 0.5416, -0.1373, -0.2792, 0.0000, 0.0000, 0.0000, 0.0000, 0.0000, 0.0000, -0.8758, 0.3738, -0.1769, 0.2487, -0.0010, -0.0048, -0.0033, 0.0000, 0.0000, 0.0000, 0.0000
2, 1.0200, 102, -0.4911, -0.5680, -0.6560, 0.6860, -0.1484, -0.5184, 0.0000, 0.0000, 0.0000, 0.0000, 0.0000, 0.0000, -0.8758, 0.3739, -0.1769, 0.2487, -0.0048, 0.0012, -0.0019, 0.0000, 0.0000, 0.0000, 0.0000
1, 1.0300, 103, 0.3175, -0.6025, -0.7351, 0.5016, -2.0701, 1.8893, 0.0000, 0.0000, 0.0000, 0.0000, 0.0000, 0.0000, 0.2962, 0.0574, -0.3656, -0.8805, 0.0003, -0.0073, 0.0090, 0.0000, 0.0000, 0.0000, 0.0000
3, 1.0300, 103, -0.2632, -0.9745, -0.0334, 1.8200, 3.8578, -0.2904, 0.0000, 0.0000, 0.0000, 0.0000, 0.0000, 0.0000, 0.7225, -0.6787, 0.1209, -0.0532, 0.0163, 0.0068, -0.0163, 0.0000, 0.0000, 0.0000, 0.0000
1, 1.0400, 104, 0.3182, -0.6073, -0.7337, 0.3628, -1.9130, 1.6445, 0.0000, 0.0000, 0.0000, 0.0000, 0.0000, 0.0000, 0.2961, 0.0572, -0.3655, -0.8806, -0.0007, -0.0026, 0.0075, 0.0000, 0.0000, 0.0000, 0.0000
3, 1.0400, 104, -0.2555, -0.9640, -0.0291, 2.5465, 4.6151, -0.3067, 0.0000, 0.0000, 0.0000, 0.0000, 0.0000, 0.0000, 0.7224, -0.6788, 0.1206, -0.0535, 0.0087, -0.0038, -0.0204, 0.0000, 0.0000, 0.0000, 0.0000
3, 1.0500, 105, -0.2588, -0.9580, -0.0218, 3.1185, 5.7940, -0.4495, 0.0000, 0.0000, 0.0000, 0.0000, 0.0000, 0.0000, 0.7222, -0.6790, 0.1202, -0.0538, 0.0121, -0.0099, -0.0274, 0.0000, 0.0000, 0.0000, 0.0000
2, 1.0300, 103, -0.4896, -0.5683, -0.6577, 0.7406, -0.1799, -0.6211, 0.0000, 0.0000, 0.0000, 0.0000, 0.0000, 0.0000, -0.8758, 0.3739, -0.1769, 0.2487, -0.0063, 0.0013, -0.0001, 0.0000, 0.0000, 0.0000, 0.0000
2, 1.0400, 104, -0.4952, -0.5665, -0.6541, 0.6505, -0.1834, -0.4848, 0.0000, 0.0000, 0.0000, 0.0000, 0.0000, 0.0000, -0.8758, 0.3740, -0.1769, 0.2487, -0.0006, -0.0006, -0.0036, 0.0000, 0.0000, 0.0000, 0.0000
1, 1.0500, 105, 0.3177, -0.6011, -0.7386, 0.0487, -1.7567, 1.3480, 0.0000, 0.0000, 0.0000, 0.0000, 0.0000, 0.0000, 0.2961, 0.0571, -0.3655, -0.8806, -0.0006, -0.0089, 0.0123, 0.0000, 0.0000, 0.0000, 0.0000
3, 1.0600, 106, -0.2511, -0.9544, -0.0187, 4.3907, 7.0632, -0.2723, 0.0000, 0.0000, 0.0000, 0.0000, 0.0000, 0.0000, 0.7221, -0.6792, 0.1197, -0.0543, 0.0045, -0.0135, -0.0302, 0.0000, 0.0000, 0.0000, 0.0000
1, 1.0600, 106, 0.3143, -0.6088, -0.7306, 0.0303, -1.3425, 1.1364, 0.0000, 0.0000, 0.0000, 0.0000, 0.0000, 0.0000, 0.2960, 0.0569, -0.3655, -0.8807, 0.0024, -0.0012, 0.0043, 0.0000, 0.0000, 0.0000, 0.0000
3, 1.0700, 107, -0.2424, -0.9545, -0.0202, 5.3307, 8.2699, -0.2723, 0.0000, 0.0000, 0.0000, 0.0000, 0.0000, 0.0000, 0.7218, -0.6796, 0.1191, -0.0548, -0.0041, -0.0135, -0.0281, 0.0000, 0.0000, 0.0000, 0.0000
2, 1.0500, 105, -0.4936, -0.5658, -0.6509, 0.5068, -0.0103, -0.6641, 0.0000, 0.0000, 0.0000, 0.0000, 0.0000, 0.0000, -0.8758, 0.3740, -0.1769, 0.2486, -0.0023, -0.0013, -0.0068, 0.0000, 0.0000, 0.0000, 0.0000
1, 1.0700, 107, 0.3189, -0.6032, -0.7370, -0.0381, -1.2712, 0.9441, 0.0000, 0.0000, 0.0000, 0.0000, 0.0000, 0.0000, 0.2960, 0.0568, -0.3654, -0.8807, -0.0024, -0.0068, 0.0106, 0.0000, 0.0000, 0.0000, 0.0000
2, 1.0600, 106, -0.4881, -0.5662, -0.6523, 0.3452, 0.0384, -0.6000, 0.0000, 0.0000, 0.0000, 0.0000, 0.0000, 0.0000, -0.8758, 0.3740, -0.1768, 0.2486, -0.0077, -0.0010, -0.0053, 0.0000, 0.0000, 0.0000, 0.0000
3, 1.0800, 108, -0.2439, -0.9619, -0.0205, 5.5601, 9.5306, 0.0704, 0.0000, 0.0000, 0.0000, 0.0000, 0.0000, 0.0000, 0.7215, -0.6799, 0.1185, -0.0554, -0.0025, -0.0061, -0.0271, 0.0000, 0.0000, 0.0000, 0.0000
1, 1.0800, 108, 0.3235, -0.5993, -0.7344, -0.1476, -0.9316, 1.0126, 0.0000, 0.0000, 0.0000, 0.0000, 0.0000, 0.0000, 0.2960, 0.0567, -0.3654, -0.8807, -0.0073, -0.0108, 0.0079, 0.0000, 0.0000, 0.0000, 0.0000
2, 1.0700, 107, -0.4947, -0.5622, -0.6527, 0.6463, 0.2091, -0.5193, 0.0000, 0.0000, 0.0000, 0.0000, 0.0000, 0.0000, -0.8758, 0.3741, -0.1768, 0.2486, -0.0010, -0.0052, -0.0049, 0.0000, 0.0000, 0.0000, 0.0000
3, 1.0900, 109, -0.2388, -0.9675, -0.0210, 5.9591, 10.4876, 0.7310, 0.0000, 0.0000, 0.0000, 0.0000, 0.0000, 0.0000, 0.7213, -0.6802, 0.1179, -0.0562, -0.0076, -0.0005, -0.0260, 0.0000, 0.0000, 0.0000, 0.0000
2, 1.0800, 108, -0.4916, -0.5662, -0.6543, 0.6690, 0.0140, -0.9549, 0.0000, 0.0000, 0.0000, 0.0000, 0.0000, 0.0000, -0.8758, 0.3742, -0.1768, 0.2485, -0.0040, -0.0012, -0.0033, 0.0000, 0.0000, 0.0000, 0.0000
1, 1.0900, 109, 0.3206, -0.6072, -0.7339, -0.1179, -0.5409, 1.1677, 0.0000, 0.0000, 0.0000, 0.0000, 0.0000, 0.0000, 0.2959, 0.0566, -0.3654, -0.8808, -0.0045, -0.0029, 0.0073, 0.0000, 0.0000, 0.0000, 0.0000
3, 1.1000, 110, -0.2329, -0.9643, -0.0232, 5.6056, 10.8019, 0.8830, 0.0000, 0.0000, 0.0000, 0.0000, 0.0000, 0.0000, 0.7211, -0.6805, 0.1172, -0.0569, -0.0136, -0.0037, -0.0233, 0.0000, 0.0000, 0.0000, 0.0000
1, 1.1000, 110, 0.3219, -0.6026, -0.7333, -0.0415, -1.1203, 1.1006, 0.0000, 0.0000, 0.0000, 0.0000, 0.0000, 0.0000, 0.2958, 0.0565, -0.3654, -0.8808, -0.0061, -0.0077, 0.0068, 0.0000, 0.0000, 0.0000, 0.0000
3, 1.1100, 111, -0.2410, -0.9667, -0.0189, 5.1647, 11.5160, 1.1013, 0.0000, 0.0000, 0.0000, 0.0000, 0.0000, 0.0000, 0.7209, -0.6808, 0.1165, -0.0577, -0.0055, -0.0014, -0.0272, 0.0000, 0.0000, 0.0000, 0.0000
2, 1.0900, 109, -0.4880, -0.5663, -0.6536, 0.8824, 0.0656, -0.9124, 0.0000, 0.0000, 0.0000, 0.0000, 0.0000, 0.0000, -0.8758, 0.3742, -0.1767, 0.2484, -0.0075, -0.0013, -0.0039, 0.0000, 0.0000, 0.0000, 0.0000
1, 1.1100, 111, 0.3255, -0.6052, -0.7337, -0.1090, -1.2381, 0.9617, 0.0000, 0.0000, 0.0000, 0.0000, 0.0000, 0.0000, 0.2958, 0.0564, -0.3654, -0.8808, -0.0100, -0.0051, 0.0070, 0.0000, 0.0000, 0.0000, 0.0000
2, 1.1000, 110, -0.4899, -0.5683, -0.6533, 0.9360, 0.0131, -0.8233, 0.0000, 0.0000, 0.0000, 0.0000, 0.0000, 0.0000, -0.8758, 0.3743, -0.1766, 0.2484, -0.0055, 0.0005, -0.0041, 0.0000, 0.0000, 0.0000, 0.0000
3, 1.1200, 112, -0.2452, -0.9699, -0.0238, 4.9873, 11.8627, 1.2720, 0.0000, 0.0000, 0.0000, 0.0000, 0.0000, 0.0000, 0.7207, -0.6810, 0.1158, -0.0586, -0.0014, 0.0018, -0.0219, 0.0000, 0.0000, 0.0000, 0.0000
1, 1.1200, 112, 0.3193, -0.6051, -0.7331, -0.2317, -1.3426, 0.9976, 0.0000, 0.0000, 0.0000, 0.0000, 0.0000, 0.0000, 0.2958, 0.0562, -0.3653, -0.8809, -0.0041, -0.0052, 0.0063, 0.0000, 0.0000, 0.0000, 0.0000
2, 1.1100, 111, -0.4849, -0.5696, -0.6518, 0.8631, 0.0604, -0.6688, 0.0000, 0.0000, 0.0000, 0.0000, 0.0000, 0.0000, -0.8758, 0.3744, -0.1766, 0.2484, -0.0104, 0.0016, -0.0055, 0.0000, 0.0000, 0.0000, 0.0000
3, 1.1300, 113, -0.2451, -0.9756, -0.0270, 4.5691, 12.3747, 1.1251, 0.0000, 0.0000, 0.0000, 0.0000, 0.0000, 0.0000, 0.7205, -0.6813, 0.1151, -0.0594, -0.0017, 0.0076, -0.0184, 0.0000, 0.0000, 0.0000, 0.0000
2, 1.1200, 112, -0.4919, -0.5677, -0.6476, 0.6115, 0.0527, -0.3812, 0.0000, 0.0000, 0.0000, 0.0000, 0.0000, 0.0000, -0.8757, 0.3745, -0.1766, 0.2483, -0.0034, -0.0004, -0.0096, 0.0000, 0.0000, 0.0000, 0.0000
1, 1.1300, 113, 0.3197, -0.6034, -0.7338, -0.3693, -1.4263, 0.8238, 0.0000, 0.0000, 0.0000, 0.0000, 0.0000, 0.0000, 0.2957, 0.0561, -0.3652, -0.8809, -0.0047, -0.0069, 0.0070, 0.0000, 0.0000, 0.0000, 0.0000
3, 1.1400, 114, -0.2382, -0.9787, -0.0295, 3.4786, 12.8741, 1.1296, 0.0000, 0.0000, 0.0000, 0.0000, 0.0000, 0.0000, 0.7204, -0.6814, 0.1143, -0.0603, -0.0086, 0.0107, -0.0158, 0.0000, 0.0000, 0.0000, 0.0000
1, 1.1400, 114, 0.3217, -0.6033, -0.7350, -0.4027, -1.6318, 0.8250, 0.0000, 0.0000, 0.0000, 0.0000, 0.0000, 0.0000, 0.2957, 0.0560, -0.3651, -0.8810, -0.0070, -0.0069, 0.0080, 0.0000, 0.0000, 0.0000, 0.0000
3, 1.1500, 115, -0.2308, -0.9803, -0.0329, 1.9145, 13.6584, 1.0756, 0.0000, 0.0000, 0.0000, 0.0000, 0.0000, 0.0000, 0.7204, -0.6814, 0.1135, -0.0612, -0.0161, 0.0123, -0.0125, 0.0000, 0.0000, 0.0000, 0.0000
3, 1.1600, 116, -0.2218, -0.9742, -0.0319, 0.4878, 14.2468, 1.1813, 0.0000, 0.0000, 0.0000, 0.0000, 0.0000, 0.0000, 0.7205, -0.6814, 0.1127, -0.0621, -0.0253, 0.0063, -0.0140, 0.0000, 0.0000, 0.0000, 0.0000
2, 1.1300, 113, -0.4955, -0.5674, -0.6522, 0.6810, 0.1879, -0.3088, 0.0000, 0.0000, 0.0000, 0.0000, 0.0000, 0.0000, -0.8757, 0.3745, -0.1765, 0.2483, 0.0003, -0.0008, -0.0050, 0.0000, 0.0000, 0.0000, 0.0000
1, 1.1500, 115, 0.3196, -0.6013, -0.7345, -0.5434, -1.6333, 0.8255, 0.0000, 0.0000, 0.0000, 0.0000, 0.0000, 0.0000, 0.2957, 0.0559, -0.3650, -0.8810, -0.0051, -0.0088, 0.0073, 0.0000, 0.0000, 0.0000, 0.0000
3, 1.1700, 117, -0.2149, -0.9709, -0.0256, 0.0122, 14.6505, 1.2791, 0.0000, 0.0000, 0.0000, 0.0000, 0.0000, 0.0000, 0.7206, -0.6813, 0.1118, -0.0629, -0.0322, 0.0030, -0.0209, 0.0000, 0.0000, 0.0000, 0.0000
1, 1.1600, 116, 0.3245, -0.5989, -0.7354, -0.5622, -1.7045, 0.9656, 0.0000, 0.0000, 0.0000, 0.0000, 0.0000, 0.0000, 0.2957, 0.0557, -0.3649, -0.8811, -0.0103, -0.0112, 0.0080, 0.0000, 0.0000, 0.0000, 0.0000
3, 1.1800, 118, -0.2066, -0.9692, -0.0194, 0.3331, 14.9451, 1.1402, 0.0000, 0.0000, 0.0000, 0.0000, 0.0000, 0.0000, 0.7208, -0.6813, 0.1109, -0.0639, -0.0404, 0.0013, -0.0275, 0.0000, 0.0000, 0.0000, 0.0000
2, 1.1400, 114, -0.4913, -0.5711, -0.6479, 0.4279, 0.5292, -0.4220, 0.0000, 0.0000, 0.0000, 0.0000, 0.0000, 0.0000, -0.8757, 0.3747, -0.1764, 0.2483, -0.0038, 0.0028, -0.0092, 0.0000, 0.0000, 0.0000, 0.0000
1, 1.1700, 117, 0.3200, -0.6009, -0.7387, -0.3692, -1.6512, 0.9647, 0.0000, 0.0000, 0.0000, 0.0000, 0.0000, 0.0000, 0.2957, 0.0556, -0.3649, -0.8811, -0.0061, -0.0092, 0.0112, 0.0000, 0.0000, 0.0000, 0.0000
3, 1.1900, 119, -0.2028, -0.9796, -0.0210, 0.4718, 14.4738, 1.1446, 0.0000, 0.0000, 0.0000, 0.0000, 0.0000, 0.0000, 0.7209, -0.6812, 0.1101, -0.0648, -0.0443, 0.0118, -0.0265, 0.0000, 0.0000, 0.0000, 0.0000
2, 1.1500, 115, -0.4947, -0.5656, -0.6537, -0.0369, 0.6300, -0.5080, 0.0000, 0.0000, 0.0000, 0.0000, 0.0000, 0.0000, -0.8757, 0.3747, -0.1763, 0.2483, -0.0002, -0.0030, -0.0033, 0.0000, 0.0000, 0.0000, 0.0000
1, 1.1800, 118, 0.3269, -0.5996, -0.7375, -0.2991, -1.7547, 1.0523, 0.0000, 0.0000, 0.0000, 0.0000, 0.0000, 0.0000, 0.2957, 0.0554, -0.3648, -0.8812, -0.0134, -0.0105, 0.0099, 0.0000, 0.0000, 0.0000, 0.0000
3, 1.2000, 120, -0.2057, -0.9852, -0.0209, -0.0274, 13.5908, 1.2336, 0.0000, 0.0000, 0.0000, 0.0000, 0.0000, 0.0000, 0.7210, -0.6811, 0.1093, -0.0657, -0.0414, 0.0174, -0.0272, 0.0000, 0.0000, 0.0000, 0.0000
2, 1.1600, 116, -0.4890, -0.5725, -0.6563, 0.2508, 0.4977, -0.6027, 0.0000, 0.0000, 0.0000, 0.0000, 0.0000, 0.0000, -0.8757, 0.3747, -0.1763, 0.2482, -0.0058, 0.0038, -0.0008, 0.0000, 0.0000, 0.0000, 0.0000
1, 1.1900, 119, 0.3234, -0.6052, -0.7352, -0.1962, -1.7747, 1.2616, 0.0000, 0.0000, 0.0000, 0.0000, 0.0000, 0.0000, 0.2956, 0.0554, -0.3647, -0.8812, -0.0102, -0.0049, 0.0074, 0.0000, 0.0000, 0.0000, 0.0000
1, 1.2000, 120, 0.3172, -0.6041, -0.7369, -0.0881, -1.8565, 1.1219, 0.0000, 0.0000, 0.0000, 0.0000, 0.0000, 0.0000, 0.2956, 0.0552, -0.3646, -0.8813, -0.0042, -0.0059, 0.0090, 0.0000, 0.0000, 0.0000, 0.0000
3, 1.2100, 121, -0.2160, -0.9769, -0.0265, -0.6310, 12.7970, 1.2687, 0.0000, 0.0000, 0.0000, 0.0000, 0.0000, 0.0000, 0.7211, -0.6810, 0.1086, -0.0666, -0.0313, 0.0092, -0.0221, 0.0000, 0.0000, 0.0000, 0.0000
2, 1.1700, 117, -0.4885, -0.5697, -0.6566, 0.0834, 0.4469, -0.3923, 0.0000, 0.0000, 0.0000, 0.0000, 0.0000, 0.0000, -0.8758, 0.3747, -0.1762, 0.2482, -0.0062, 0.0010, -0.0005, 0.0000, 0.0000, 0.0000, 0.0000
3, 1.2200, 122, -0.2237, -0.9636, -0.0319, -0.4030, 12.5855, 1.2722, 0.0000, 0.0000, 0.0000, 0.0000, 0.0000, 0.0000, 0.7212, -0.6809, 0.1079, -0.0673, -0.0236, -0.0041, -0.0174, 0.0000, 0.0000, 0.0000, 0.0000
1, 1.2100, 121, 0.3171, -0.6053, -0.7359, -0.0529, -1.7003, 1.0162, 0.0000, 0.0000, 0.0000, 0.0000, 0.0000, 0.0000, 0.2956, 0.0551, -0.3646, -0.8813, -0.0044, -0.0047, 0.0079, 0.0000, 0.0000, 0.0000, 0.0000
2, 1.1800, 118, -0.4836, -0.5716, -0.6557, -0.2937, 0.2956, 0.2260, 0.0000, 0.0000, 0.0000, 0.0000, 0.0000, 0.0000, -0.8758, 0.3747, -0.1762, 0.2482, -0.0111, 0.0028, -0.0015, 0.0000, 0.0000, 0.0000, 0.0000
1, 1.2200, 122, 0.3123, -0.6023, -0.7340, -0.2100, -1.7002, 0.9294, 0.0000, 0.0000, 0.0000, 0.0000, 0.0000, 0.0000, 0.2956, 0.0549, -0.3645, -0.8813, 0.0000, -0.0077, 0.0058, 0.0000, 0.0000, 0.0000, 0.0000
3, 1.2300, 123, -0.2259, -0.9575, -0.0272, 0.2330, 12.8913, 1.2756, 0.0000, 0.0000, 0.0000, 0.0000, 0.0000, 0.0000, 0.7213, -0.6808, 0.1071, -0.0682, -0.0214, -0.0102, -0.0226, 0.0000, 0.0000, 0.0000, 0.0000
2, 1.1900, 119, -0.4839, -0.5708, -0.6591, -0.1659, -0.2426, 0.7532, 0.0000, 0.0000, 0.0000, 0.0000, 0.0000, 0.0000, -0.8758, 0.3746, -0.1761, 0.2482, -0.0107, 0.0021, 0.0019, 0.0000, 0.0000, 0.0000, 0.0000
3, 1.2400, 124, -0.2251, -0.9551, -0.0270, 1.0821, 13.3002, 1.2104, 0.0000, 0.0000, 0.0000, 0.0000, 0.0000, 0.0000, 0.7214, -0.6808, 0.1063, -0.0691, -0.0223, -0.0125, -0.0232, 0.0000, 0.0000, 0.0000, 0.0000
1, 1.2300, 123, 0.3145, -0.5995, -0.7334, -0.4541, -1.6304, 0.7204, 0.0000, 0.0000, 0.0000, 0.0000, 0.0000, 0.0000, 0.2955, 0.0548, -0.3645, -0.8814, -0.0024, -0.0106, 0.0051, 0.0000, 0.0000, 0.0000, 0.0000
2, 1.2000, 120, -0.4895, -0.5680, -0.6571, -0.0394, -0.5550, 1.0713, 0.0000, 0.0000, 0.0000, 0.0000, 0.0000, 0.0000, -0.8758, 0.3746, -0.1762, 0.2483, -0.0051, -0.0006, -0.0002, 0.0000, 0.0000, 0.0000, 0.0000
2, 1.2100, 121, -0.4918, -0.5701, -0.6519, 0.1234, -0.7943, 1.1640, 0.0000, 0.0000, 0.0000, 0.0000, 0.0000, 0.0000, -0.8758, 0.3746, -0.1763, 0.2483, -0.0030, 0.0015, -0.0054, 0.0000, 0.0000, 0.0000, 0.0000
2, 1.2200, 122, -0.4906, -0.5687, -0.6518, 0.2135, -0.8086, 1.0625, 0.0000, 0.0000, 0.0000, 0.0000, 0.0000, 0.0000, -0.8757, 0.3746, -0.1764, 0.2484, -0.0044, 0.0003, -0.0054, 0.0000, 0.0000, 0.0000, 0.0000
1, 1.2400, 124, 0.3176, -0.6017, -0.7350, -0.7496, -1.6631, 0.4771, 0.0000, 0.0000, 0.0000, 0.0000, 0.0000, 0.0000, 0.2956, 0.0547, -0.3643, -0.8815, -0.0058, -0.0083, 0.0065, 0.0000, 0.0000, 0.0000, 0.0000
2, 1.2300, 123, -0.5002, -0.5669, -0.6463, 0.2115, -0.6031, 1.0103, 0.0000, 0.0000, 0.0000, 0.0000, 0.0000, 0.0000, -0.8757, 0.3746, -0.1765, 0.2484, 0.0051, -0.0015, -0.0107, 0.0000, 0.0000, 0.0000, 0.0000
3, 1.2500, 125, -0.2243, -0.9474, -0.0226, 2.0008, 13.7073, 1.1982, 0.0000, 0.0000, 0.0000, 0.0000, 0.0000, 0.0000, 0.7214, -0.6809, 0.1055, -0.0700, -0.0232, -0.0201, -0.0279, 0.0000, 0.0000, 0.0000, 0.0000
2, 1.2400, 124, -0.4917, -0.5655, -0.6506, -0.0208, -0.4813, 0.8104, 0.0000, 0.0000, 0.0000, 0.0000, 0.0000, 0.0000, -0.8757, 0.3746, -0.1764, 0.2484, -0.0035, -0.0028, -0.0065, 0.0000, 0.0000, 0.0000, 0.0000
3, 1.2600, 126, -0.2223, -0.9575, -0.0198, 2.5290, 13.4757, 1.1695, 0.0000, 0.0000, 0.0000, 0.0000, 0.0000, 0.0000, 0.7214, -0.6809, 0.1047, -0.0709, -0.0253, -0.0100, -0.0309, 0.0000, 0.0000, 0.0000, 0.0000
1, 1.2500, 125, 0.3194, -0.6008, -0.7376, -0.8352, -1.8165, 0.4083, 0.0000, 0.0000, 0.0000, 0.0000, 0.0000, 0.0000, 0.2956, 0.0546, -0.3641, -0.8815, -0.0077, -0.0090, 0.0089, 0.0000, 0.0000, 0.0000, 0.0000
2, 1.2500, 125, -0.4911, -0.5690, -0.6531, 0.0315, -0.2907, 0.6729, 0.0000, 0.0000, 0.0000, 0.0000, 0.0000, 0.0000, -0.8757, 0.3746, -0.1764, 0.2484, -0.0039, 0.0007, -0.0040, 0.0000, 0.0000, 0.0000, 0.0000
1, 1.2600, 126, 0.3190, -0.6017, -0.7367, -0.8884, -1.9042, 0.4962, 0.0000, 0.0000, 0.0000, 0.0000, 0.0000, 0.0000, 0.2956, 0.0545, -0.3640, -0.8815, -0.0076, -0.0079, 0.0078, 0.0000, 0.0000, 0.0000, 0.0000
3, 1.2700, 127, -0.2183, -0.9629, -0.0184, 2.1330, 12.3292, 1.3311, 0.0000, 0.0000, 0.0000, 0.0000, 0.0000, 0.0000, 0.7213, -0.6810, 0.1040, -0.0716, -0.0293, -0.0046, -0.0324, 0.0000, 0.0000, 0.0000, 0.0000
2, 1.2600, 126, -0.4863, -0.5667, -0.6602, 0.1050, -0.5838, 0.8670, 0.0000, 0.0000, 0.0000, 0.0000, 0.0000, 0.0000, -0.8757, 0.3746, -0.1765, 0.2485, -0.0088, -0.0016, 0.0031, 0.0000, 0.0000, 0.0000, 0.0000
3, 1.2800, 128, -0.2215, -0.9731, -0.0176, 1.9664, 11.3879, 1.5457, 0.0000, 0.0000, 0.0000, 0.0000, 0.0000, 0.0000, 0.7213, -0.6811, 0.1034, -0.0724, -0.0261, 0.0056, -0.0333, 0.0000, 0.0000, 0.0000, 0.0000
1, 1.2700, 127, 0.3150, -0.6018, -0.7386, -0.8354, -1.7475, 0.3730, 0.0000, 0.0000, 0.0000, 0.0000, 0.0000, 0.0000, 0.2956, 0.0543, -0.3639, -0.8816, -0.0039, -0.0078, 0.0094, 0.0000, 0.0000, 0.0000, 0.0000
2, 1.2700, 127, -0.4850, -0.5722, -0.6605, 0.1976, -0.9080, 0.9222, 0.0000, 0.0000, 0.0000, 0.0000, 0.0000, 0.0000, -0.8756, 0.3746, -0.1766, 0.2485, -0.0103, 0.0040, 0.0034, 0.0000, 0.0000, 0.0000, 0.0000
1, 1.2800, 128, 0.3182, -0.6046, -0.7379, -0.7296, -1.7461, 0.3552, 0.0000, 0.0000, 0.0000, 0.0000, 0.0000, 0.0000, 0.2957, 0.0542, -0.3638, -0.8816, -0.0073, -0.0049, 0.0085, 0.0000, 0.0000, 0.0000, 0.0000
3, 1.2900, 129, -0.2323, -0.9758, -0.0153, 1.9791, 10.7940, 1.6721, 0.0000, 0.0000, 0.0000, 0.0000, 0.0000, 0.0000, 0.7212, -0.6811, 0.1028, -0.0732, -0.0155, 0.0083, -0.0357, 0.0000, 0.0000, 0.0000, 0.0000
2, 1.2800, 128, -0.4899, -0.5698, -0.6580, 0.4661, -1.1691, 1.2803, 0.0000, 0.0000, 0.0000, 0.0000, 0.0000, 0.0000, -0.8756, 0.3746, -0.1767, 0.2486, -0.0057, 0.0016, 0.0011, 0.0000, 0.0000, 0.0000, 0.0000
1, 1.2900, 129, 0.3115, -0.6035, -0.7385, -0.8673, -1.6913, 0.0934, 0.0000, 0.0000, 0.0000, 0.0000, 0.0000, 0.0000, 0.2957, 0.0541, -0.3636, -0.8817, -0.0009, -0.0058, 0.0090, 0.0000, 0.0000, 0.0000, 0.0000
3, 1.3000, 130, -0.2350, -0.9731, -0.0229, 2.4866, 10.5419, 1.8180, 0.0000, 0.0000, 0.0000, 0.0000, 0.0000, 0.0000, 0.7212, -0.6812, 0.1022, -0.0739, -0.0131, 0.0057, -0.0281, 0.0000, 0.0000, 0.0000, 0.0000
1, 1.3000, 130, 0.3093, -0.6082, -0.7384, -1.1797, -1.7577, -0.1846, 0.0000, 0.0000, 0.0000, 0.0000, 0.0000, 0.0000, 0.2958, 0.0540, -0.3635, -0.8818, 0.0011, -0.0009, 0.0085, 0.0000, 0.0000, 0.0000, 0.0000
2, 1.2900, 129, -0.4923, -0.5741, -0.6520, 0.3416, -1.3279, 1.5025, 0.0000, 0.0000, 0.0000, 0.0000, 0.0000, 0.0000, -0.8755, 0.3747, -0.1769, 0.2486, -0.0036, 0.0059, -0.0048, 0.0000, 0.0000, 0.0000, 0.0000
3, 1.3100, 131, -0.2408, -0.9698, -0.0221, 2.6348, 10.7213, 1.4338, 0.0000, 0.0000, 0.0000, 0.0000, 0.0000, 0.0000, 0.7211, -0.6813, 0.1016, -0.0747, -0.0074, 0.0024, -0.0290, 0.0000, 0.0000, 0.0000, 0.0000
2, 1.3000, 130, -0.4937, -0.5719, -0.6433, -0.3394, -1.2180, 1.7228, 0.0000, 0.0000, 0.0000, 0.0000, 0.0000, 0.0000, -0.8754, 0.3747, -0.1770, 0.2487, -0.0025, 0.0038, -0.0132, 0.0000, 0.0000, 0.0000, 0.0000
3, 1.3200, 132, -0.2414, -0.9625, -0.0127, 2.2935, 11.2741, 0.9205, 0.0000, 0.0000, 0.0000, 0.0000, 0.0000, 0.0000, 0.7209, -0.6814, 0.1009, -0.0754, -0.0069, -0.0048, -0.0383, 0.0000, 0.0000, 0.0000, 0.0000
1, 1.3100, 131, 0.3130, -0.6083, -0.7412, -1.4760, -1.6877, -0.4284, 0.0000, 0.0000, 0.0000, 0.0000, 0.0000, 0.0000, 0.2959, 0.0539, -0.3633, -0.8818, -0.0028, -0.0005, 0.0111, 0.0000, 0.0000, 0.0000, 0.0000
1, 1.3200, 132, 0.3122, -0.6075, -0.7450, -1.4738, -1.3036, -0.8494, 0.0000, 0.0000, 0.0000, 0.0000, 0.0000, 0.0000, 0.2960, 0.0539, -0.3631, -0.8818, -0.0022, -0.0012, 0.0147, 0.0000, 0.0000, 0.0000, 0.0000
2, 1.3100, 131, -0.4856, -0.5627, -0.6423, -1.0923, -0.9153, 1.6616, 0.0000, 0.0000, 0.0000, 0.0000, 0.0000, 0.0000, -0.8754, 0.3746, -0.1772, 0.2488, -0.0109, -0.0052, -0.0142, 0.0000, 0.0000, 0.0000, 0.0000
3, 1.3300, 133, -0.2386, -0.9606, 0.0001, 2.1109, 11.5138, 0.3060, 0.0000, 0.0000, 0.0000, 0.0000, 0.0000, 0.0000, 0.7209, -0.6815, 0.1002, -0.0761, -0.0097, -0.0067, -0.0511, 0.0000, 0.0000, 0.0000, 0.0000
2, 1.3200, 132, -0.4857, -0.5583, -0.6453, -1.6642, -0.6916, 1.3626, 0.0000, 0.0000, 0.0000, 0.0000, 0.0000, 0.0000, -0.8754, 0.3745, -0.1773, 0.2489, -0.0111, -0.0093, -0.0113, 0.0000, 0.0000, 0.0000, 0.0000
3, 1.3400, 134, -0.2499, -0.9697, 0.0058, 1.9185, 10.9121, 0.0464, 0.0000, 0.0000, 0.0000, 0.0000, 0.0000, 0.0000, 0.7209, -0.6815, 0.0995, -0.0768, 0.0017, 0.0024, -0.0569, 0.0000, 0.0000, 0.0000, 0.0000
1, 1.3300, 133, 0.3283, -0.6075, -0.7462, -1.3594, -0.6048, -0.6613, 0.0000, 0.0000, 0.0000, 0.0000, 0.0000, 0.0000, 0.2960, 0.0539, -0.3630, -0.8819, -0.0183, -0.0010, 0.0157, 0.0000, 0.0000, 0.0000, 0.0000
2, 1.3300, 133, -0.4881, -0.5540, -0.6524, -1.7185, -0.6234, 1.3433, 0.0000, 0.0000, 0.0000, 0.0000, 0.0000, 0.0000, -0.8755, 0.3743, -0.1774, 0.2489, -0.0088, -0.0132, -0.0044, 0.0000, 0.0000, 0.0000, 0.0000
1, 1.3400, 134, 0.3214, -0.6073, -0.7502, -1.0326, -0.4734, -0.1916, 0.0000, 0.0000, 0.0000, 0.0000, 0.0000, 0.0000, 0.2961, 0.0540, -0.3626, -0.8820, -0.0115, -0.0008, 0.0194, 0.0000, 0.0000, 0.0000, 0.0000
3, 1.3500, 135, -0.2707, -0.9680, 0.0069, 1.8969, 10.2851, 0.1029, 0.0000, 0.0000, 0.0000, 0.0000, 0.0000, 0.0000, 0.7209, -0.6816, 0.0988, -0.0774, 0.0226, 0.0006, -0.0582, 0.0000, 0.0000, 0.0000, 0.0000
2, 1.3400, 134, -0.4811, -0.5612, -0.6512, -1.4994, -0.9235, 1.1064, 0.0000, 0.0000, 0.0000, 0.0000, 0.0000, 0.0000, -0.8755, 0.3742, -0.1775, 0.2489, -0.0160, -0.0058, -0.0057, 0.0000, 0.0000, 0.0000, 0.0000
3, 1.3600, 136, -0.2823, -0.9744, 0.0261, 3.0768, 10.8760, 0.3363, 0.0000, 0.0000, 0.0000, 0.0000, 0.0000, 0.0000, 0.7208, -0.6817, 0.0982, -0.0781, 0.0343, 0.0070, -0.0773, 0.0000, 0.0000, 0.0000, 0.0000
1, 1.3500, 135, 0.3217, -0.6137, -0.7602, -0.2780, 1.0134, 0.2698, 0.0000, 0.0000, 0.0000, 0.0000, 0.0000, 0.0000, 0.2960, 0.0540, -0.3626, -0.8820, -0.0118, 0.0061, 0.0290, 0.0000, 0.0000, 0.0000, 0.0000
2, 1.3500, 135, -0.4548, -0.5663, -0.6567, -2.2855, -1.3032, 1.8981, 0.0000, 0.0000, 0.0000, 0.0000, 0.0000, 0.0000, -0.8755, 0.3741, -0.1777, 0.2489, -0.0424, -0.0004, -0.0003, 0.0000, 0.0000, 0.0000, 0.0000
1, 1.3600, 136, 0.3646, -0.5998, -0.7613, 0.7574, 2.4254, 2.1451, 0.0000, 0.0000, 0.0000, 0.0000, 0.0000, 0.0000, 0.2958, 0.0541, -0.3627, -0.8820, -0.0546, -0.0080, 0.0302, 0.0000, 0.0000, 0.0000, 0.0000
3, 1.3700, 137, -0.3157, -0.9544, 0.0531, 3.5247, 13.6124, 0.6883, 0.0000, 0.0000, 0.0000, 0.0000, 0.0000, 0.0000, 0.7205, -0.6820, 0.0974, -0.0793, 0.0676, -0.0129, -0.1043, 0.0000, 0.0000, 0.0000, 0.0000
2, 1.3600, 136, -0.4561, -0.5655, -0.6572, -2.8231, -1.7572, 3.0648, 0.0000, 0.0000, 0.0000, 0.0000, 0.0000, 0.0000, -0.8755, 0.3738, -0.1780, 0.2491, -0.0415, -0.0006, 0.0001, 0.0000, 0.0000, 0.0000, 0.0000
1, 1.3700, 137, 0.3383, -0.6131, -0.7907, 3.1396, 5.0871, 3.7649, 0.0000, 0.0000, 0.0000, 0.0000, 0.0000, 0.0000, 0.2953, 0.0543, -0.3631, -0.8820, -0.0280, 0.0049, 0.0600, 0.0000, 0.0000, 0.0000, 0.0000
3, 1.3800, 138, -0.3659, -0.9363, 0.0740, 6.5444, 18.4283, 1.7298, 0.0000, 0.0000, 0.0000, 0.0000, 0.0000, 0.0000, 0.7202, -0.6823, 0.0963, -0.0805, 0.1174, -0.0310, -0.1246, 0.0000, 0.0000, 0.0000, 0.0000
1, 1.3800, 138, 0.3697, -0.6365, -0.8227, 8.5897, 9.1862, 5.1746, 0.0000, 0.0000, 0.0000, 0.0000, 0.0000, 0.0000, 0.2947, 0.0546, -0.3641, -0.8818, -0.0591, 0.0273, 0.0931, 0.0000, 0.0000, 0.0000, 0.0000
2, 1.3700, 137, -0.4906, -0.5656, -0.6457, -3.2352, -1.9603, 3.6779, 0.0000, 0.0000, 0.0000, 0.0000, 0.0000, 0.0000, -0.8755, 0.3736, -0.1783, 0.2492, -0.0077, 0.0000, -0.0115, 0.0000, 0.0000, 0.0000, 0.0000
2, 1.3800, 138, -0.5020, -0.5706, -0.6363, -3.8488, -1.3150, 3.5698, 0.0000, 0.0000, 0.0000, 0.0000, 0.0000, 0.0000, -0.8755, 0.3733, -0.1786, 0.2494, 0.0032, 0.0058, -0.0211, 0.0000, 0.0000, 0.0000, 0.0000
1, 1.3900, 139, 0.3646, -0.6554, -0.8536, 20.9457, 12.8622, 7.3485, 0.0000, 0.0000, 0.0000, 0.0000, 0.0000, 0.0000, 0.2938, 0.0549, -0.3660, -0.8813, -0.0531, 0.0438, 0.1264, 0.0000, 0.0000, 0.0000, 0.0000
3, 1.3900, 139, -0.4080, -0.9102, 0.0917, 8.2694, 23.6998, 3.3856, 0.0000, 0.0000, 0.0000, 0.0000, 0.0000, 0.0000, 0.7199, -0.6826, 0.0949, -0.0822, 0.1592, -0.0571, -0.1419, 0.0000, 0.0000, 0.0000, 0.0000
1, 1.4000, 140, 0.3947, -0.7276, -0.7999, 28.2422, 11.0286, 8.7645, 0.0000, 0.0000, 0.0000, 0.0000, 0.0000, 0.0000, 0.2929, 0.0547, -0.3685, -0.8806, -0.0826, 0.1122, 0.0761, 0.0000, 0.0000, 0.0000, 0.0000
3, 1.4000, 140, -0.4203, -0.8795, 0.0996, 8.8071, 29.3584, 5.5349, 0.0000, 0.0000, 0.0000, 0.0000, 0.0000, 0.0000, 0.7196, -0.6829, 0.0934, -0.0844, 0.1709, -0.0876, -0.1495, 0.0000, 0.0000, 0.0000, 0.0000
2, 1.3900, 139, -0.5046, -0.5704, -0.6344, -4.5893, -0.6067, 3.6667, 0.0000, 0.0000, 0.0000, 0.0000, 0.0000, 0.0000, -0.8756, 0.3729, -0.1789, 0.2496, 0.0054, 0.0063, -0.0234, 0.0000, 0.0000, 0.0000, 0.0000
1, 1.4100, 141, 0.4032, -0.5548, -0.8689, 30.5290, 10.9793, 15.3928, 0.0000, 0.0000, 0.0000, 0.0000, 0.0000, 0.0000, 0.2915, 0.0543, -0.3712, -0.8799, -0.0910, -0.0650, 0.1489, 0.0000, 0.0000, 0.0000, 0.0000
2, 1.4000, 140, -0.4777, -0.5764, -0.6445, -5.6650, -0.4003, 4.0301, 0.0000, 0.0000, 0.0000, 0.0000, 0.0000, 0.0000, -0.8757, 0.3724, -0.1792, 0.2498, -0.0219, 0.0133, -0.0137, 0.0000, 0.0000, 0.0000, 0.0000
3, 1.4100, 141, -0.4325, -0.8437, 0.0914, 8.1793, 35.8435, 6.9871, 0.0000, 0.0000, 0.0000, 0.0000, 0.0000, 0.0000, 0.7193, -0.6831, 0.0915, -0.0870, 0.1824, -0.1232, -0.1414, 0.0000, 0.0000, 0.0000, 0.0000
1, 1.4200, 142, 0.6004, -0.8951, -0.8355, 30.4533, 11.4097, 23.4415, 0.0000, 0.0000, 0.0000, 0.0000, 0.0000, 0.0000, 0.2895, 0.0536, -0.3740, -0.8795, -0.2890, 0.2703, 0.1194, 0.0000, 0.0000, 0.0000, 0.0000
2, 1.4100, 141, -0.4749, -0.5746, -0.6578, -5.5430, -0.8705, 5.3771, 0.0000, 0.0000, 0.0000, 0.0000, 0.0000, 0.0000, -0.8757, 0.3719, -0.1795, 0.2501, -0.0253, 0.0125, -0.0009, 0.0000, 0.0000, 0.0000, 0.0000
3, 1.4200, 142, -0.4422, -0.8156, 0.0737, 8.5073, 41.8920, 7.0184, 0.0000, 0.0000, 0.0000, 0.0000, 0.0000, 0.0000, 0.7190, -0.6833, 0.0893, -0.0902, 0.1911, -0.1510, -0.1239, 0.0000, 0.0000, 0.0000, 0.0000
2, 1.4200, 142, -0.5050, -0.5611, -0.6618, -5.5108, -0.9712, 6.1283, 0.0000, 0.0000, 0.0000, 0.0000, 0.0000, 0.0000, -0.8757, 0.3714, -0.1799, 0.2504, 0.0041, 0.0002, 0.0026, 0.0000, 0.0000, 0.0000, 0.0000
1, 1.4300, 143, 0.2172, -0.9779, -0.8544, 20.3412, 26.6462, 55.5492, 0.0000, 0.0000, 0.0000, 0.0000, 0.0000, 0.0000, 0.2845, 0.0533, -0.3764, -0.8801, 0.0920, 0.3478, 0.1421, 0.0000, 0.0000, 0.0000, 0.0000
3, 1.4300, 143, -0.4236, -0.8113, 0.0219, 10.3335, 47.0586, 6.7895, 0.0000, 0.0000, 0.0000, 0.0000, 0.0000, 0.0000, 0.7187, -0.6835, 0.0866, -0.0935, 0.1715, -0.1550, -0.0724, 0.0000, 0.0000, 0.0000, 0.0000
1, 1.4400, 144, 0.2343, -0.7919, -0.8756, 16.3709, 57.5663, 83.5744, 0.0000, 0.0000, 0.0000, 0.0000, 0.0000, 0.0000, 0.2762, 0.0546, -0.3795, -0.8813, 0.0723, 0.1557, 0.1677, 0.0000, 0.0000, 0.0000, 0.0000
3, 1.4400, 144, -0.3769, -0.8303, -0.0388, 13.6318, 50.0336, 7.5142, 0.0000, 0.0000, 0.0000, 0.0000, 0.0000, 0.0000, 0.7182, -0.6839, 0.0838, -0.0971, 0.1240, -0.1359, -0.0118, 0.0000, 0.0000, 0.0000, 0.0000
3, 1.4500, 145, -0.3020, -0.8969, -0.1202, 17.4236, 49.0015, 9.2138, 0.0000, 0.0000, 0.0000, 0.0000, 0.0000, 0.0000, 0.7174, -0.6845, 0.0812, -0.1007, 0.0481, -0.0691, 0.0701, 0.0000, 0.0000, 0.0000, 0.0000
3, 1.4600, 146, -0.2462, -0.9940, -0.1788, 20.8774, 46.0816, 11.6220, 0.0000, 0.0000, 0.0000, 0.0000, 0.0000, 0.0000, 0.7164, -0.6853, 0.0788, -0.1044, -0.0091, 0.0284, 0.1299, 0.0000, 0.0000, 0.0000, 0.0000
2, 1.4300, 143, -0.5214, -0.5582, -0.6618, -5.2172, -1.3835, 5.5799, 0.0000, 0.0000, 0.0000, 0.0000, 0.0000, 0.0000, -0.8758, 0.3710, -0.1803, 0.2507, 0.0198, -0.0016, 0.0023, 0.0000, 0.0000, 0.0000, 0.0000
1, 1.4500, 145, 0.6061, -1.5984, -1.0747, 3.6128, 80.8727, 92.3718, 0.0000, 0.0000, 0.0000, 0.0000, 0.0000, 0.0000, 0.2664, 0.0577, -0.3822, -0.8830, -0.3007, 0.9560, 0.3718, 0.0000, 0.0000, 0.0000, 0.0000
2, 1.4400, 144, -0.5466, -0.5587, -0.6561, -4.4625, -1.0952, 4.2637, 0.0000, 0.0000, 0.0000, 0.0000, 0.0000, 0.0000, -0.8758, 0.3706, -0.1807, 0.2510, 0.0443, -0.0001, -0.0038, 0.0000, 0.0000, 0.0000, 0.0000
3, 1.4700, 147, -0.2236, -1.0984, -0.1861, 22.8682, 43.6454, 14.1713, 0.0000, 0.0000, 0.0000, 0.0000, 0.0000, 0.0000, 0.7152, -0.6862, 0.0767, -0.1080, -0.0336, 0.1332, 0.1390, 0.0000, 0.0000, 0.0000, 0.0000
1, 1.4600, 146, 0.9514, -1.4414, -1.0511, -22.4692, 67.5369, 94.5207, 0.0000, 0.0000, 0.0000, 0.0000, 0.0000, 0.0000, 0.2568, 0.0602, -0.3825, -0.8855, -0.6470, 0.7956, 0.3509, 0.0000, 0.0000, 0.0000, 0.0000
2, 1.4500, 145, -0.5496, -0.5610, -0.6596, -3.6903, -0.5067, 2.4425, 0.0000, 0.0000, 0.0000, 0.0000, 0.0000, 0.0000, -0.8758, 0.3703, -0.1809, 0.2511, 0.0468, 0.0030, -0.0006, 0.0000, 0.0000, 0.0000, 0.0000
3, 1.4800, 148, -0.2154, -1.1734, -0.1786, 21.6601, 40.5319, 14.9156, 0.0000, 0.0000, 0.0000, 0.0000, 0.0000, 0.0000, 0.7141, -0.6871, 0.0748, -0.1115, -0.0438, 0.2087, 0.1332, 0.0000, 0.0000, 0.0000, 0.0000
2, 1.4600, 146, -0.5317, -0.5662, -0.6638, -2.9727, 0.0423, 0.8637, 0.0000, 0.0000, 0.0000, 0.0000, 0.0000, 0.0000, -0.8759, 0.3701, -0.1810, 0.2512, 0.0287, 0.0087, 0.0034, 0.0000, 0.0000, 0.0000, 0.0000
1, 1.4700, 147, 0.7495, -0.9830, -1.0096, -41.4344, 32.7520, 91.5845, 0.0000, 0.0000, 0.0000, 0.0000, 0.0000, 0.0000, 0.2484, 0.0606, -0.3805, -0.8888, -0.4502, 0.3366, 0.3078, 0.0000, 0.0000, 0.0000, 0.0000
3, 1.4900, 149, -0.2513, -1.2335, -0.1452, 18.9210, 36.4725, 14.1683, 0.0000, 0.0000, 0.0000, 0.0000, 0.0000, 0.0000, 0.7130, -0.6878, 0.0732, -0.1147, -0.0101, 0.2693, 0.1015, 0.0000, 0.0000, 0.0000, 0.0000
1, 1.4800, 148, 0.4134, -0.7318, -0.9001, -40.6963, 19.9522, 86.9143, 0.0000, 0.0000, 0.0000, 0.0000, 0.0000, 0.0000, 0.2407, 0.0602, -0.3782, -0.8919, -0.1213, 0.0861, 0.1946, 0.0000, 0.0000, 0.0000, 0.0000
3, 1.5000, 150, -0.2811, -1.2436, -0.1241, 12.4534, 33.6240, 13.2752, 0.0000, 0.0000, 0.0000, 0.0000, 0.0000, 0.0000, 0.7124, -0.6882, 0.0718, -0.1176, 0.0177, 0.2799, 0.0814, 0.0000, 0.0000, 0.0000, 0.0000
1, 1.4900, 149, 0.2921, -0.5720, -0.7821, -24.0889, 23.8572, 80.0437, 0.0000, 0.0000, 0.0000, 0.0000, 0.0000, 0.0000, 0.2336, 0.0599, -0.3772, -0.8942, -0.0066, -0.0740, 0.0742, 0.0000, 0.0000, 0.0000, 0.0000
3, 1.5100, 151, -0.3036, -1.1874, -0.1260, 2.1048, 31.3699, 12.7457, 0.0000, 0.0000, 0.0000, 0.0000, 0.0000, 0.0000, 0.7123, -0.6879, 0.0706, -0.1203, 0.0383, 0.2242, 0.0829, 0.0000, 0.0000, 0.0000, 0.0000
2, 1.4700, 147, -0.5201, -0.5646, -0.6652, -2.2014, 0.2912, -0.1903, 0.0000, 0.0000, 0.0000, 0.0000, 0.0000, 0.0000, -0.8760, 0.3699, -0.1810, 0.2511, 0.0171, 0.0074, 0.0045, 0.0000, 0.0000, 0.0000, 0.0000
3, 1.5200, 152, -0.3026, -1.1080, -0.1437, -7.5072, 31.5426, 13.1317, 0.0000, 0.0000, 0.0000, 0.0000, 0.0000, 0.0000, 0.7129, -0.6869, 0.0695, -0.1229, 0.0353, 0.1455, 0.0984, 0.0000, 0.0000, 0.0000, 0.0000
1, 1.5000, 150, 0.3955, -0.5835, -0.7435, -5.4565, 26.1932, 74.0472, 0.0000, 0.0000, 0.0000, 0.0000, 0.0000, 0.0000, 0.2269, 0.0596, -0.3777, -0.8957, -0.1153, -0.0647, 0.0356, 0.0000, 0.0000, 0.0000, 0.0000
2, 1.4800, 148, -0.5086, -0.5648, -0.6663, -1.6275, 0.2335, -0.5016, 0.0000, 0.0000, 0.0000, 0.0000, 0.0000, 0.0000, -0.8760, 0.3698, -0.1810, 0.2511, 0.0057, 0.0078, 0.0054, 0.0000, 0.0000, 0.0000, 0.0000
3, 1.5300, 153, -0.2933, -1.0398, -0.1697, -12.7373, 31.4644, 14.9377, 0.0000, 0.0000, 0.0000, 0.0000, 0.0000, 0.0000, 0.7136, -0.6857, 0.0686, -0.1257, 0.0239, 0.0780, 0.1209, 0.0000, 0.0000, 0.0000, 0.0000
1, 1.5100, 151, 0.4315, -0.6003, -0.7336, 7.5845, 18.0785, 66.9356, 0.0000, 0.0000, 0.0000, 0.0000, 0.0000, 0.0000, 0.2211, 0.0587, -0.3790, -0.8967, -0.1566, -0.0518, 0.0270, 0.0000, 0.0000, 0.0000, 0.0000
2, 1.4900, 149, -0.5087, -0.5606, -0.6626, -1.0870, 0.0245, -0.9188, 0.0000, 0.0000, 0.0000, 0.0000, 0.0000, 0.0000, -0.8761, 0.3698, -0.1811, 0.2510, 0.0059, 0.0036, 0.0016, 0.0000, 0.0000, 0.0000, 0.0000
3, 1.5400, 154, -0.2724, -0.9987, -0.1872, -12.6838, 31.1307, 16.9316, 0.0000, 0.0000, 0.0000, 0.0000, 0.0000, 0.0000, 0.7144, -0.6845, 0.0678, -0.1285, 0.0006, 0.0378, 0.1347, 0.0000, 0.0000, 0.0000, 0.0000
2, 1.5000, 150, -0.4970, -0.5617, -0.6646, -0.9204, -0.3781, -1.1577, 0.0000, 0.0000, 0.0000, 0.0000, 0.0000, 0.0000, -0.8761, 0.3697, -0.1811, 0.2509, -0.0058, 0.0047, 0.0035, 0.0000, 0.0000, 0.0000, 0.0000
1, 1.5200, 152, 0.3960, -0.5853, -0.7212, 14.6230, 6.4704, 55.8983, 0.0000, 0.0000, 0.0000, 0.0000, 0.0000, 0.0000, 0.2166, 0.0571, -0.3805, -0.8972, -0.1267, -0.0711, 0.0165, 0.0000, 0.0000, 0.0000, 0.0000
1, 1.5300, 153, 0.3144, -0.5211, -0.7063, 20.3517, -0.9723, 42.7139, 0.0000, 0.0000, 0.0000, 0.0000, 0.0000, 0.0000, 0.2134, 0.0552, -0.3823, -0.8974, -0.0503, -0.1397, 0.0038, 0.0000, 0.0000, 0.0000, 0.0000
3, 1.5500, 155, -0.2631, -0.9699, -0.1865, -11.5313, 29.5087, 19.2409, 0.0000, 0.0000, 0.0000, 0.0000, 0.0000, 0.0000, 0.7150, -0.6833, 0.0672, -0.1314, -0.0115, 0.0100, 0.1306, 0.0000, 0.0000, 0.0000, 0.0000
2, 1.5100, 151, -0.4950, -0.5615, -0.6610, -0.7569, -0.6149, -1.1871, 0.0000, 0.0000, 0.0000, 0.0000, 0.0000, 0.0000, -0.8762, 0.3697, -0.1811, 0.2508, -0.0077, 0.0046, -0.0001, 0.0000, 0.0000, 0.0000, 0.0000
1, 1.5400, 154, 0.2473, -0.4925, -0.6803, 25.9799, -3.2541, 29.6784, 0.0000, 0.0000, 0.0000, 0.0000, 0.0000, 0.0000, 0.2113, 0.0535, -0.3844, -0.8971, 0.0124, -0.1729, -0.0195, 0.0000, 0.0000, 0.0000, 0.0000
3, 1.5600, 156, -0.2492, -0.9433, -0.1668, -10.6509, 27.3992, 20.8176, 0.0000, 0.0000, 0.0000, 0.0000, 0.0000, 0.0000, 0.7156, -0.6822, 0.0669, -0.1343, -0.0285, -0.0155, 0.1078, 0.0000, 0.0000, 0.0000, 0.0000
2, 1.5200, 152, -0.4934, -0.5618, -0.6558, -0.7195, -0.7679, -1.1860, 0.0000, 0.0000, 0.0000, 0.0000, 0.0000, 0.0000, -0.8762, 0.3697, -0.1811, 0.2506, -0.0093, 0.0048, -0.0053, 0.0000, 0.0000, 0.0000, 0.0000
2, 1.5300, 153, -0.4908, -0.5632, -0.6580, -0.9148, -0.9961, -0.9315, 0.0000, 0.0000, 0.0000, 0.0000, 0.0000, 0.0000, -0.8762, 0.3696, -0.1812, 0.2505, -0.0119, 0.0062, -0.0031, 0.0000, 0.0000, 0.0000, 0.0000
2, 1.5400, 154, -0.5003, -0.5645, -0.6483, -0.6687, -0.8130, -0.6434, 0.0000, 0.0000, 0.0000, 0.0000, 0.0000, 0.0000, -0.8761, 0.3700, -0.1813, 0.2504, -0.0025, 0.0074, -0.0126, 0.0000, 0.0000, 0.0000, 0.0000
1, 1.5500, 155, 0.2015, -0.4720, -0.6635, 30.1575, -3.5601, 19.9384, 0.0000, 0.0000, 0.0000, 0.0000, 0.0000, 0.0000, 0.2100, 0.0520, -0.3868, -0.8964, 0.0551, -0.1978, -0.0332, 0.0000, 0.0000, 0.0000, 0.0000
3, 1.5700, 157, -0.2346, -0.9264, -0.1566, -9.4968, 23.9303, 21.4453, 0.0000, 0.0000, 0.0000, 0.0000, 0.0000, 0.0000, 0.7161, -0.6811, 0.0668, -0.1370, -0.0464, -0.0313, 0.0946, 0.0000, 0.0000, 0.0000, 0.0000
2, 1.5500, 155, -0.4994, -0.5623, -0.6467, -0.5481, -0.5619, -0.3946, 0.0000, 0.0000, 0.0000, 0.0000, 0.0000, 0.0000, -0.8761, 0.3700, -0.1813, 0.2503, -0.0035, 0.0048, -0.0138, 0.0000, 0.0000, 0.0000, 0.0000
1, 1.5600, 156, 0.1553, -0.4663, -0.6440, 31.2634, -3.3055, 13.3147, 0.0000, 0.0000, 0.0000, 0.0000, 0.0000, 0.0000, 0.2092, 0.0507, -0.3892, -0.8956, 0.0991, -0.2081, -0.0492, 0.0000, 0.0000, 0.0000, 0.0000
1, 1.5700, 157, 0.1157, -0.4665, -0.6318, 29.2972, -2.3006, 9.7190, 0.0000, 0.0000, 0.0000, 0.0000, 0.0000, 0.0000, 0.2087, 0.0497, -0.3915, -0.8948, 0.1370, -0.2120, -0.0580, 0.0000, 0.0000, 0.0000, 0.0000
3, 1.5800, 158, -0.2300, -0.9118, -0.1558, -8.5102, 20.2484, 21.4791, 0.0000, 0.0000, 0.0000, 0.0000, 0.0000, 0.0000, 0.7165, -0.6802, 0.0669, -0.1394, -0.0543, -0.0448, 0.0911, 0.0000, 0.0000, 0.0000, 0.0000
2, 1.5600, 156, -0.4928, -0.5601, -0.6473, -0.7862, -0.1423, -0.1757, 0.0000, 0.0000, 0.0000, 0.0000, 0.0000, 0.0000, -0.8761, 0.3699, -0.1813, 0.2503, -0.0101, 0.0027, -0.0132, 0.0000, 0.0000, 0.0000, 0.0000
1, 1.5800, 158, 0.0752, -0.4634, -0.6033, 24.7222, -0.3418, 8.5724, 0.0000, 0.0000, 0.0000, 0.0000, 0.0000, 0.0000, 0.2081, 0.0489, -0.3934, -0.8941, 0.1764, -0.2187, -0.0834, 0.0000, 0.0000, 0.0000, 0.0000
3, 1.5900, 159, -0.2432, -0.8894, -0.1556, -8.3417, 17.0026, 21.0138, 0.0000, 0.0000, 0.0000, 0.0000, 0.0000, 0.0000, 0.7168, -0.6794, 0.0672, -0.1417, -0.0444, -0.0659, 0.0886, 0.0000, 0.0000, 0.0000, 0.0000
2, 1.5700, 157, -0.4927, -0.5602, -0.6527, -0.8619, 0.1787, -0.0733, 0.0000, 0.0000, 0.0000, 0.0000, 0.0000, 0.0000, -0.8762, 0.3699, -0.1813, 0.2503, -0.0102, 0.0028, -0.0080, 0.0000, 0.0000, 0.0000, 0.0000
1, 1.5900, 159, 0.0800, -0.4430, -0.5671, 18.9239, 0.2670, 10.3706, 0.0000, 0.0000, 0.0000, 0.0000, 0.0000, 0.0000, 0.2074, 0.0481, -0.3949, -0.8937, 0.1704, -0.2420, -0.1171, 0.0000, 0.0000, 0.0000, 0.0000
3, 1.6000, 160, -0.2600, -0.8702, -0.1592, -8.4129, 13.8886, 20.1611, 0.0000, 0.0000, 0.0000, 0.0000, 0.0000, 0.0000, 0.7172, -0.6786, 0.0676, -0.1438, -0.0309, -0.0840, 0.0901, 0.0000, 0.0000, 0.0000, 0.0000
2, 1.5800, 158, -0.4949, -0.5517, -0.6544, -0.9155, 0.1425, 0.0120, 0.0000, 0.0000, 0.0000, 0.0000, 0.0000, 0.0000, -0.8762, 0.3698, -0.1813, 0.2503, -0.0080, -0.0056, -0.0063, 0.0000, 0.0000, 0.0000, 0.0000
1, 1.6000, 160, 0.0485, -0.4036, -0.5457, 14.7739, 0.7393, 13.9626, 0.0000, 0.0000, 0.0000, 0.0000, 0.0000, 0.0000, 0.2063, 0.0475, -0.3961, -0.8934, 0.2004, -0.2838, -0.1366, 0.0000, 0.0000, 0.0000, 0.0000
3, 1.6100, 161, -0.2786, -0.8318, -0.1619, -9.9991, 11.2970, 18.3485, 0.0000, 0.0000, 0.0000, 0.0000, 0.0000, 0.0000, 0.7176, -0.6777, 0.0681, -0.1455, -0.0153, -0.1214, 0.0905, 0.0000, 0.0000, 0.0000, 0.0000
2, 1.5900, 159, -0.4867, -0.5573, -0.6552, -1.2900, 0.1235, -0.0187, 0.0000, 0.0000, 0.0000, 0.0000, 0.0000, 0.0000, -0.8763, 0.3698, -0.1811, 0.2500, -0.0160, 0.0000, -0.0057, 0.0000, 0.0000, 0.0000, 0.0000
1, 1.6100, 161, 0.0307, -0.3759, -0.5169, 12.8062, 1.5208, 15.9213, 0.0000, 0.0000, 0.0000, 0.0000, 0.0000, 0.0000, 0.2051, 0.0468, -0.3972, -0.8933, 0.2165, -0.3137, -0.1637, 0.0000, 0.0000, 0.0000, 0.0000
3, 1.6200, 162, -0.2822, -0.8124, -0.1700, -11.2304, 9.0502, 16.4842, 0.0000, 0.0000, 0.0000, 0.0000, 0.0000, 0.0000, 0.7182, -0.6767, 0.0687, -0.1471, -0.0144, -0.1398, 0.0963, 0.0000, 0.0000, 0.0000, 0.0000
2, 1.6000, 160, -0.4940, -0.5613, -0.6482, -1.3100, 0.1868, 0.2074, 0.0000, 0.0000, 0.0000, 0.0000, 0.0000, 0.0000, -0.8764, 0.3697, -0.1811, 0.2500, -0.0082, 0.0038, -0.0128, 0.0000, 0.0000, 0.0000, 0.0000
1, 1.6200, 162, 0.0345, -0.3479, -0.4807, 12.5845, 0.6279, 15.9965, 0.0000, 0.0000, 0.0000, 0.0000, 0.0000, 0.0000, 0.2039, 0.0461, -0.3983, -0.8931, 0.2108, -0.3440, -0.1983, 0.0000, 0.0000, 0.0000, 0.0000
3, 1.6300, 163, -0.2848, -0.8104, -0.1772, -9.5681, 5.9751, 15.2797, 0.0000, 0.0000, 0.0000, 0.0000, 0.0000, 0.0000, 0.7186, -0.6759, 0.0693, -0.1483, -0.0144, -0.1407, 0.1012, 0.0000, 0.0000, 0.0000, 0.0000
2, 1.6100, 161, -0.5061, -0.5561, -0.6408, -1.6558, 0.8515, 0.0739, 0.0000, 0.0000, 0.0000, 0.0000, 0.0000, 0.0000, -0.8764, 0.3695, -0.1811, 0.2500, 0.0039, -0.0012, -0.0204, 0.0000, 0.0000, 0.0000, 0.0000
1, 1.6300, 163, 0.0376, -0.3076, -0.4419, 14.6298, -2.7052, 15.1855, 0.0000, 0.0000, 0.0000, 0.0000, 0.0000, 0.0000, 0.2028, 0.0451, -0.3994, -0.8929, 0.2058, -0.3865, -0.2356, 0.0000, 0.0000, 0.0000, 0.0000
1, 1.6400, 164, 0.0348, -0.2821, -0.4170, 18.8347, -5.7715, 13.1607, 0.0000, 0.0000, 0.0000, 0.0000, 0.0000, 0.0000, 0.2021, 0.0438, -0.4008, -0.8925, 0.2063, -0.4146, -0.2586, 0.0000, 0.0000, 0.0000, 0.0000
3, 1.6400, 164, -0.2815, -0.8241, -0.1809, -8.5000, 2.7568, 13.7217, 0.0000, 0.0000, 0.0000, 0.0000, 0.0000, 0.0000, 0.7189, -0.6752, 0.0701, -0.1493, -0.0200, -0.1261, 0.1032, 0.0000, 0.0000, 0.0000, 0.0000
3, 1.6500, 165, -0.2868, -0.8444, -0.1761, -6.8483, 0.4338, 12.3024, 0.0000, 0.0000, 0.0000, 0.0000, 0.0000, 0.0000, 0.7192, -0.6747, 0.0708, -0.1500, -0.0169, -0.1051, 0.0971, 0.0000, 0.0000, 0.0000, 0.0000
3, 1.6600, 166, -0.2914, -0.8720, -0.1757, -6.1179, -2.2449, 10.0041, 0.0000, 0.0000, 0.0000, 0.0000, 0.0000, 0.0000, 0.7194, -0.6743, 0.0717, -0.1505, -0.0141, -0.0768, 0.0957, 0.0000, 0.0000, 0.0000, 0.0000
2, 1.6200, 162, -0.5061, -0.5574, -0.6408, -2.0184, 1.6264, -0.4438, 0.0000, 0.0000, 0.0000, 0.0000, 0.0000, 0.0000, -0.8765, 0.3694, -0.1810, 0.2500, 0.0040, 0.0003, -0.0207, 0.0000, 0.0000, 0.0000, 0.0000
2, 1.6300, 163, -0.4973, -0.5582, -0.6470, -2.4344, 2.2244, -0.6671, 0.0000, 0.0000, 0.0000, 0.0000, 0.0000, 0.0000, -0.8767, 0.3691, -0.1808, 0.2500, -0.0044, 0.0013, -0.0149, 0.0000, 0.0000, 0.0000, 0.0000
2, 1.6400, 164, -0.4947, -0.5562, -0.6557, -2.6728, 2.9441, -0.9538, 0.0000, 0.0000, 0.0000, 0.0000, 0.0000, 0.0000, -0.8768, 0.3689, -0.1806, 0.2499, -0.0067, -0.0004, -0.0067, 0.0000, 0.0000, 0.0000, 0.0000
2, 1.6500, 165, -0.4903, -0.5582, -0.6645, -2.8322, 2.8946, -1.0816, 0.0000, 0.0000, 0.0000, 0.0000, 0.0000, 0.0000, -0.8770, 0.3686, -0.1804, 0.2499, -0.0106, 0.0018, 0.0016, 0.0000, 0.0000, 0.0000, 0.0000
1, 1.6500, 165, 0.0600, -0.2756, -0.4008, 22.7318, -8.4570, 8.8998, 0.0000, 0.0000, 0.0000, 0.0000, 0.0000, 0.0000, 0.2018, 0.0424, -0.4025, -0.8919, 0.1788, -0.4240, -0.2725, 0.0000, 0.0000, 0.0000, 0.0000
3, 1.6700, 167, -0.2901, -0.8953, -0.1737, -5.6378, -4.5960, 8.0158, 0.0000, 0.0000, 0.0000, 0.0000, 0.0000, 0.0000, 0.7198, -0.6738, 0.0725, -0.1507, -0.0169, -0.0530, 0.0928, 0.0000, 0.0000, 0.0000, 0.0000
2, 1.6600, 166, -0.4965, -0.5560, -0.6607, -2.7766, 2.7605, -1.1670, 0.0000, 0.0000, 0.0000, 0.0000, 0.0000, 0.0000, -0.8771, 0.3684, -0.1802, 0.2499, -0.0040, -0.0002, -0.0027, 0.0000, 0.0000, 0.0000, 0.0000
1, 1.6600, 166, 0.0789, -0.2752, -0.4003, 25.3142, -10.5706, 2.5973, 0.0000, 0.0000, 0.0000, 0.0000, 0.0000, 0.0000, 0.2020, 0.0411, -0.4043, -0.8911, 0.1581, -0.4275, -0.2705, 0.0000, 0.0000, 0.0000, 0.0000
1, 1.6700, 167, 0.0888, -0.2862, -0.4054, 25.6036, -11.8608, -5.0810, 0.0000, 0.0000, 0.0000, 0.0000, 0.0000, 0.0000, 0.2030, 0.0399, -0.4060, -0.8901, 0.1471, -0.4194, -0.2627, 0.0000, 0.0000, 0.0000, 0.0000
3, 1.6800, 168, -0.2818, -0.9040, -0.1722, -6.8223, -6.2250, 5.6412, 0.0000, 0.0000, 0.0000, 0.0000, 0.0000, 0.0000, 0.7200, -0.6734, 0.0733, -0.1507, -0.0263, -0.0438, 0.0902, 0.0000, 0.0000, 0.0000, 0.0000
3, 1.6900, 169, -0.2783, -0.9026, -0.1689, -7.0299, -7.7528, 2.8378, 0.0000, 0.0000, 0.0000, 0.0000, 0.0000, 0.0000, 0.7204, -0.6730, 0.0740, -0.1503, -0.0306, -0.0449, 0.0861, 0.0000, 0.0000, 0.0000, 0.0000
2, 1.6700, 167, -0.5017, -0.5536, -0.6588, -2.6670, 2.7522, -1.5469, 0.0000, 0.0000, 0.0000, 0.0000, 0.0000, 0.0000, -0.8773, 0.3681, -0.1800, 0.2498, 0.0017, -0.0024, -0.0052, 0.0000, 0.0000, 0.0000, 0.0000
1, 1.6800, 168, 0.0890, -0.2954, -0.4048, 23.7134, -12.3748, -13.3843, 0.0000, 0.0000, 0.0000, 0.0000, 0.0000, 0.0000, 0.2045, 0.0390, -0.4076, -0.8891, 0.1468, -0.4127, -0.2608, 0.0000, 0.0000, 0.0000, 0.0000
1, 1.6900, 169, 0.1047, -0.3134, -0.4246, 20.8374, -11.1243, -21.4662, 0.0000, 0.0000, 0.0000, 0.0000, 0.0000, 0.0000, 0.2066, 0.0385, -0.4089, -0.8880, 0.1320, -0.3965, -0.2387, 0.0000, 0.0000, 0.0000, 0.0000
3, 1.7000, 170, -0.2813, -0.8821, -0.1551, -5.7517, -9.1361, -0.2330, 0.0000, 0.0000, 0.0000, 0.0000, 0.0000, 0.0000, 0.7207, -0.6728, 0.0747, -0.1498, -0.0278, -0.0653, 0.0717, 0.0000, 0.0000, 0.0000, 0.0000
2, 1.6800, 168, -0.4940, -0.5597, -0.6581, -2.6823, 2.5666, -1.6349, 0.0000, 0.0000, 0.0000, 0.0000, 0.0000, 0.0000, -0.8775, 0.3679, -0.1799, 0.2497, -0.0055, 0.0039, -0.0063, 0.0000, 0.0000, 0.0000, 0.0000
3, 1.7100, 171, -0.2854, -0.8749, -0.1487, -3.0952, -11.0183, -2.5897, 0.0000, 0.0000, 0.0000, 0.0000, 0.0000, 0.0000, 0.7208, -0.6728, 0.0753, -0.1489, -0.0236, -0.0725, 0.0651, 0.0000, 0.0000, 0.0000, 0.0000
1, 1.7000, 170, 0.1075, -0.3328, -0.4442, 15.1439, -6.9021, -29.9550, 0.0000, 0.0000, 0.0000, 0.0000, 0.0000, 0.0000, 0.2093, 0.0387, -0.4099, -0.8870, 0.1315, -0.3780, -0.2174, 0.0000, 0.0000, 0.0000, 0.0000
2, 1.6900, 169, -0.4950, -0.5582, -0.6553, -2.9859, 2.5817, -1.6456, 0.0000, 0.0000, 0.0000, 0.0000, 0.0000, 0.0000, -0.8776, 0.3677, -0.1797, 0.2496, -0.0041, 0.0025, -0.0096, 0.0000, 0.0000, 0.0000, 0.0000
1, 1.7100, 171, 0.1256, -0.3770, -0.4587, 8.5810, -2.4571, -38.0228, 0.0000, 0.0000, 0.0000, 0.0000, 0.0000, 0.0000, 0.2123, 0.0398, -0.4103, -0.8860, 0.1173, -0.3336, -0.2016, 0.0000, 0.0000, 0.0000, 0.0000
3, 1.7200, 172, -0.2910, -0.8720, -0.1461, -1.4594, -13.5296, -4.1650, 0.0000, 0.0000, 0.0000, 0.0000, 0.0000, 0.0000, 0.7210, -0.6728, 0.0759, -0.1479, -0.0176, -0.0756, 0.0628, 0.0000, 0.0000, 0.0000, 0.0000
2, 1.7000, 170, -0.4906, -0.5623, -0.6563, -2.8285, 2.9962, -1.8663, 0.0000, 0.0000, 0.0000, 0.0000, 0.0000, 0.0000, -0.8778, 0.3674, -0.1794, 0.2495, -0.0080, 0.0067, -0.0091, 0.0000, 0.0000, 0.0000, 0.0000
3, 1.7300, 173, -0.2943, -0.8691, -0.1327, -0.3650, -15.2160, -5.8032, 0.0000, 0.0000, 0.0000, 0.0000, 0.0000, 0.0000, 0.7209, -0.6730, 0.0765, -0.1466, -0.0137, -0.0787, 0.0499, 0.0000, 0.0000, 0.0000, 0.0000
1, 1.7200, 172, 0.1761, -0.4162, -0.4801, 1.2978, -0.9103, -44.2224, 0.0000, 0.0000, 0.0000, 0.0000, 0.0000, 0.0000, 0.2158, 0.0412, -0.4103, -0.8851, 0.0719, -0.2930, -0.1798, 0.0000, 0.0000, 0.0000, 0.0000
2, 1.7100, 171, -0.4888, -0.5597, -0.6573, -2.9748, 3.3016, -1.8537, 0.0000, 0.0000, 0.0000, 0.0000, 0.0000, 0.0000, -0.8780, 0.3671, -0.1792, 0.2494, -0.0092, 0.0043, -0.0087, 0.0000, 0.0000, 0.0000, 0.0000
1, 1.7300, 173, 0.2003, -0.4349, -0.4988, -4.7987, -1.4945, -48.3021, 0.0000, 0.0000, 0.0000, 0.0000, 0.0000, 0.0000, 0.2195, 0.0430, -0.4097, -0.8844, 0.0534, -0.2719, -0.1615, 0.0000, 0.0000, 0.0000, 0.0000
2, 1.7200, 172, -0.4876, -0.5627, -0.6556, -3.2640, 3.4817, -1.6020, 0.0000, 0.0000, 0.0000, 0.0000, 0.0000, 0.0000, -0.8782, 0.3668, -0.1790, 0.2494, -0.0099, 0.0076, -0.0110, 0.0000, 0.0000, 0.0000, 0.0000
3, 1.7400, 174, -0.3010, -0.8572, -0.1065, 0.7804, -15.1404, -6.8241, 0.0000, 0.0000, 0.0000, 0.0000, 0.0000, 0.0000, 0.7209, -0.6733, 0.0770, -0.1453, -0.0061, -0.0909, 0.0245, 0.0000, 0.0000, 0.0000, 0.0000
2, 1.7300, 173, -0.4908, -0.5629, -0.6556, -3.5177, 3.7679, -1.5234, 0.0000, 0.0000, 0.0000, 0.0000, 0.0000, 0.0000, -0.8784, 0.3665, -0.1787, 0.2493, -0.0061, 0.0080, -0.0116, 0.0000, 0.0000, 0.0000, 0.0000
3, 1.7500, 175, -0.3028, -0.8567, -0.1057, 4.2221, -16.1261, -7.3810, 0.0000, 0.0000, 0.0000, 0.0000, 0.0000, 0.0000, 0.7206, -0.6738, 0.0776, -0.1439, -0.0034, -0.0919, 0.0250, 0.0000, 0.0000, 0.0000, 0.0000
1, 1.7400, 174, 0.2159, -0.4647, -0.5178, -8.2923, -2.1292, -51.0111, 0.0000, 0.0000, 0.0000, 0.0000, 0.0000, 0.0000, 0.2235, 0.0448, -0.4088, -0.8837, 0.0437, -0.2391, -0.1435, 0.0000, 0.0000, 0.0000, 0.0000
2, 1.7400, 174, -0.4890, -0.5616, -0.6619, -4.0538, 3.9037, -1.6817, 0.0000, 0.0000, 0.0000, 0.0000, 0.0000, 0.0000, -0.8786, 0.3662, -0.1784, 0.2492, -0.0073, 0.0070, -0.0060, 0.0000, 0.0000, 0.0000, 0.0000
1, 1.7500, 175, 0.2308, -0.5045, -0.5380, -9.4200, -0.7678, -53.0922, 0.0000, 0.0000, 0.0000, 0.0000, 0.0000, 0.0000, 0.2276, 0.0468, -0.4078, -0.8830, 0.0350, -0.1958, -0.1245, 0.0000, 0.0000, 0.0000, 0.0000
3, 1.7600, 176, -0.3039, -0.8504, -0.1105, 6.3719, -18.1408, -7.9248, 0.0000, 0.0000, 0.0000, 0.0000, 0.0000, 0.0000, 0.7202, -0.6745, 0.0782, -0.1424, -0.0012, -0.0987, 0.0317, 0.0000, 0.0000, 0.0000, 0.0000
2, 1.7500, 175, -0.4968, -0.5553, -0.6607, -3.8620, 4.2786, -1.6221, 0.0000, 0.0000, 0.0000, 0.0000, 0.0000, 0.0000, -0.8788, 0.3658, -0.1781, 0.2492, 0.0012, 0.0009, -0.0080, 0.0000, 0.0000, 0.0000, 0.0000
3, 1.7700, 177, -0.2972, -0.8493, -0.1164, 8.4992, -19.6912, -9.1006, 0.0000, 0.0000, 0.0000, 0.0000, 0.0000, 0.0000, 0.7197, -0.6752, 0.0788, -0.1408, -0.0067, -0.1003, 0.0399, 0.0000, 0.0000, 0.0000, 0.0000
1, 1.7600, 176, 0.2613, -0.5403, -0.5464, -8.2865, 0.8904, -56.1082, 0.0000, 0.0000, 0.0000, 0.0000, 0.0000, 0.0000, 0.2319, 0.0490, -0.4070, -0.8822, 0.0113, -0.1563, -0.1172, 0.0000, 0.0000, 0.0000, 0.0000
2, 1.7600, 176, -0.5172, -0.5434, -0.6610, -3.7932, 4.8720, -2.2819, 0.0000, 0.0000, 0.0000, 0.0000, 0.0000, 0.0000, -0.8791, 0.3655, -0.1777, 0.2491, 0.0223, -0.0107, -0.0084, 0.0000, 0.0000, 0.0000, 0.0000
1, 1.7700, 177, 0.2716, -0.5815, -0.5551, -5.2137, 3.9873, -59.1033, 0.0000, 0.0000, 0.0000, 0.0000, 0.0000, 0.0000, 0.2362, 0.0515, -0.4064, -0.8811, 0.0084, -0.1116, -0.1091, 0.0000, 0.0000, 0.0000, 0.0000
3, 1.7800, 178, -0.2910, -0.8529, -0.1204, 11.4750, -20.7122, -10.2727, 0.0000, 0.0000, 0.0000, 0.0000, 0.0000, 0.0000, 0.7190, -0.6763, 0.0793, -0.1390, -0.0116, -0.0974, 0.0465, 0.0000, 0.0000, 0.0000, 0.0000
2, 1.7700, 177, -0.4877, -0.5671, -0.6562, -4.2498, 4.7363, -3.2751, 0.0000, 0.0000, 0.0000, 0.0000, 0.0000, 0.0000, -0.8794, 0.3651, -0.1774, 0.2490, -0.0063, 0.0133, -0.0140, 0.0000, 0.0000, 0.0000, 0.0000
1, 1.7800, 178, 0.2901, -0.6423, -0.5616, -0.6441, 6.8674, -63.4123, 0.0000, 0.0000, 0.0000, 0.0000, 0.0000, 0.0000, 0.2409, 0.0543, -0.4062, -0.8798, -0.0020, -0.0475, -0.1026, 0.0000, 0.0000, 0.0000, 0.0000
3, 1.7900, 179, -0.3018, -0.8648, -0.1269, 14.0533, -21.2527, -11.7834, 0.0000, 0.0000, 0.0000, 0.0000, 0.0000, 0.0000, 0.7182, -0.6775, 0.0798, -0.1371, 0.0008, -0.0862, 0.0564, 0.0000, 0.0000, 0.0000, 0.0000
1, 1.7900, 179, 0.3408, -0.7042, -0.5751, 2.4583, 8.6561, -67.7630, 0.0000, 0.0000, 0.0000, 0.0000, 0.0000, 0.0000, 0.2458, 0.0574, -0.4063, -0.8782, -0.0438, 0.0176, -0.0885, 0.0000, 0.0000, 0.0000, 0.0000
2, 1.7800, 178, -0.4779, -0.5585, -0.6642, -3.8100, 5.2656, -3.1891, 0.0000, 0.0000, 0.0000, 0.0000, 0.0000, 0.0000, -0.8796, 0.3647, -0.1769, 0.2488, -0.0152, 0.0049, -0.0068, 0.0000, 0.0000, 0.0000, 0.0000
3, 1.8000, 180, -0.3135, -0.8665, -0.1345, 15.2623, -22.2557, -13.7571, 0.0000, 0.0000, 0.0000, 0.0000, 0.0000, 0.0000, 0.7173, -0.6788, 0.0802, -0.1350, 0.0144, -0.0854, 0.0675, 0.0000, 0.0000, 0.0000, 0.0000
2, 1.7900, 179, -0.4654, -0.5595, -0.6681, -4.0053, 5.0024, -2.8823, 0.0000, 0.0000, 0.0000, 0.0000, 0.0000, 0.0000, -0.8799, 0.3644, -0.1765, 0.2486, -0.0268, 0.0060, -0.0038, 0.0000, 0.0000, 0.0000, 0.0000
1, 1.8000, 180, 0.3774, -0.7664, -0.5771, 3.8539, 7.7421, -70.2604, 0.0000, 0.0000, 0.0000, 0.0000, 0.0000, 0.0000, 0.2509, 0.0604, -0.4064, -0.8765, -0.0711, 0.0831, -0.0856, 0.0000, 0.0000, 0.0000, 0.0000
1, 1.8100, 181, 0.3421, -0.7926, -0.5557, 6.8685, 7.3693, -67.8940, 0.0000, 0.0000, 0.0000, 0.0000, 0.0000, 0.0000, 0.2559, 0.0632, -0.4067, -0.8747, -0.0267, 0.1124, -0.1060, 0.0000, 0.0000, 0.0000, 0.0000
3, 1.8100, 181, -0.3336, -0.8741, -0.1392, 15.9354, -23.6041, -16.4666, 0.0000, 0.0000, 0.0000, 0.0000, 0.0000, 0.0000, 0.7164, -0.6802, 0.0805, -0.1327, 0.0368, -0.0787, 0.0761, 0.0000, 0.0000, 0.0000, 0.0000
2, 1.8000, 180, -0.4662, -0.5628, -0.6711, -3.5953, 4.5778, -1.9961, 0.0000, 0.0000, 0.0000, 0.0000, 0.0000, 0.0000, -0.8802, 0.3640, -0.1762, 0.2486, -0.0251, 0.0095, -0.0016, 0.0000, 0.0000, 0.0000, 0.0000
1, 1.8200, 182, 0.2709, -0.7900, -0.5350, 16.2960, 8.3128, -59.2697, 0.0000, 0.0000, 0.0000, 0.0000, 0.0000, 0.0000, 0.2602, 0.0656, -0.4078, -0.8728, 0.0528, 0.1118, -0.1248, 0.0000, 0.0000, 0.0000, 0.0000
3, 1.8200, 182, -0.3395, -0.8962, -0.1346, 15.5531, -23.8653, -19.0008, 0.0000, 0.0000, 0.0000, 0.0000, 0.0000, 0.0000, 0.7156, -0.6815, 0.0807, -0.1303, 0.0454, -0.0577, 0.0753, 0.0000, 0.0000, 0.0000, 0.0000
1, 1.8300, 183, 0.2394, -0.8622, -0.5135, 23.9304, 13.9379, -45.8954, 0.0000, 0.0000, 0.0000, 0.0000, 0.0000, 0.0000, 0.2633, 0.0677, -0.4097, -0.8708, 0.0917, 0.1845, -0.1431, 0.0000, 0.0000, 0.0000, 0.0000
2, 1.8100, 181, -0.4817, -0.5627, -0.6602, -2.8405, 3.7506, -1.2901, 0.0000, 0.0000, 0.0000, 0.0000, 0.0000, 0.0000, -0.8803, 0.3637, -0.1759, 0.2486, -0.0090, 0.0096, -0.0131, 0.0000, 0.0000, 0.0000, 0.0000
3, 1.8300, 183, -0.3371, -0.9135, -0.1197, 14.3585, -22.6311, -21.0109, 0.0000, 0.0000, 0.0000, 0.0000, 0.0000, 0.0000, 0.7148, -0.6828, 0.0807, -0.1277, 0.0461, -0.0416, 0.0639, 0.0000, 0.0000, 0.0000, 0.0000
2, 1.8200, 182, -0.4801, -0.5619, -0.6778, -2.0937, 3.9933, -1.2460, 0.0000, 0.0000, 0.0000, 0.0000, 0.0000, 0.0000, -0.8805, 0.3635, -0.1756, 0.2486, -0.0100, 0.0090, 0.0040, 0.0000, 0.0000, 0.0000, 0.0000
2, 1.8300, 183, -0.4963, -0.5688, -0.6693, -2.4890, 3.9814, -0.8064, 0.0000, 0.0000, 0.0000, 0.0000, 0.0000, 0.0000, -0.8806, 0.3632, -0.1753, 0.2486, 0.0067, 0.0161, -0.0051, 0.0000, 0.0000, 0.0000, 0.0000
3, 1.8400, 184, -0.3374, -0.9192, -0.1150, 13.2459, -21.6988, -22.7387, 0.0000, 0.0000, 0.0000, 0.0000, 0.0000, 0.0000, 0.7141, -0.6841, 0.0806, -0.1251, 0.0498, -0.0372, 0.0627, 0.0000, 0.0000, 0.0000, 0.0000
1, 1.8400, 184, 0.2733, -0.9445, -0.5161, 26.9470, 23.1998, -32.8903, 0.0000, 0.0000, 0.0000, 0.0000, 0.0000, 0.0000, 0.2651, 0.0700, -0.4122, -0.8689, 0.0644, 0.2660, -0.1362, 0.0000, 0.0000, 0.0000, 0.0000
3, 1.8500, 185, -0.3425, -0.9208, -0.1129, 10.6727, -21.2662, -24.7554, 0.0000, 0.0000, 0.0000, 0.0000, 0.0000, 0.0000, 0.7136, -0.6851, 0.0803, -0.1223, 0.0587, -0.0368, 0.0635, 0.0000, 0.0000, 0.0000, 0.0000
2, 1.8400, 184, -0.4997, -0.5749, -0.6641, -3.9177, 4.1110, -0.9614, 0.0000, 0.0000, 0.0000, 0.0000, 0.0000, 0.0000, -0.8808, 0.3630, -0.1751, 0.2486, 0.0107, 0.0224, -0.0109, 0.0000, 0.0000, 0.0000, 0.0000
1, 1.8500, 185, 0.3222, -0.8996, -0.4897, 25.5045, 28.1563, -21.6117, 0.0000, 0.0000, 0.0000, 0.0000, 0.0000, 0.0000, 0.2659, 0.0723, -0.4146, -0.8673, 0.0217, 0.2195, -0.1578, 0.0000, 0.0000, 0.0000, 0.0000
2, 1.8500, 185, -0.4953, -0.5726, -0.6651, -4.7536, 5.2931, -0.7452, 0.0000, 0.0000, 0.0000, 0.0000, 0.0000, 0.0000, -0.8810, 0.3625, -0.1747, 0.2486, 0.0069, 0.0204, -0.0107, 0.0000, 0.0000, 0.0000, 0.0000
2, 1.8600, 186, -0.4937, -0.5791, -0.6655, -5.7083, 5.9646, -0.5862, 0.0000, 0.0000, 0.0000, 0.0000, 0.0000, 0.0000, -0.8813, 0.3620, -0.1744, 0.2487, 0.0061, 0.0275, -0.0112, 0.0000, 0.0000, 0.0000, 0.0000
1, 1.8600, 186, 1.5937, -2.8882, -0.8725, 25.3728, 26.4438, -10.5657, 0.0000, 0.0000, 0.0000, 0.0000, 0.0000, 0.0000, 0.2659, 0.0741, -0.4171, -0.8659, -1.2450, 2.2062, 0.2296, 0.0000, 0.0000, 0.0000, 0.0000
2, 1.8700, 187, -0.4783, -0.5721, -0.6936, -6.5010, 6.3938, -0.1951, 0.0000, 0.0000, 0.0000, 0.0000, 0.0000, 0.0000, -0.8816, 0.3613, -0.1740, 0.2488, -0.0086, 0.0213, 0.0157, 0.0000, 0.0000, 0.0000, 0.0000
1, 1.8700, 187, 1.5909, -0.5306, -0.8013, -33.6296, -117.9860, 70.5100, 0.0000, 0.0000, 0.0000, 0.0000, 0.0000, 0.0000, 0.2646, 0.0634, -0.4122, -0.8695, -1.2517, -0.1530, 0.1551, 0.0000, 0.0000, 0.0000, 0.0000
2, 1.8800, 188, -0.4833, -0.5676, -0.7117, -6.1735, 5.7982, -0.1144, 0.0000, 0.0000, 0.0000, 0.0000, 0.0000, 0.0000, -0.8819, 0.3607, -0.1737, 0.2488, -0.0028, 0.0175, 0.0327, 0.0000, 0.0000, 0.0000, 0.0000
3, 1.8600, 186, -0.3358, -0.9212, -0.0993, 6.8542, -20.7951, -27.1326, 0.0000, 0.0000, 0.0000, 0.0000, 0.0000, 0.0000, 0.7133, -0.6860, 0.0799, -0.1195, 0.0563, -0.0378, 0.0523, 0.0000, 0.0000, 0.0000, 0.0000
3, 1.8700, 187, -0.2902, -0.8917, -0.0978, 5.2727, -20.4006, -30.5026, 0.0000, 0.0000, 0.0000, 0.0000, 0.0000, 0.0000, 0.7132, -0.6867, 0.0793, -0.1164, 0.0154, -0.0688, 0.0528, 0.0000, 0.0000, 0.0000, 0.0000
3, 1.8800, 188, -0.2598, -0.8625, -0.0900, 5.5659, -21.1797, -34.5818, 0.0000, 0.0000, 0.0000, 0.0000, 0.0000, 0.0000, 0.7131, -0.6875, 0.0785, -0.1130, -0.0096, -0.0996, 0.0467, 0.0000, 0.0000, 0.0000, 0.0000
1, 1.8800, 188, -1.4896, -0.6237, -1.0978, -115.2873, -161.2946, -55.8405, 0.0000, 0.0000, 0.0000, 0.0000, 0.0000, 0.0000, 0.2740, 0.0558, -0.3994, -0.8731, 1.8090, -0.0490, 0.4304, 0.0000, 0.0000, 0.0000, 0.0000
2, 1.8900, 189, -0.5256, -0.5569, -0.7140, -4.6817, 5.2954, -0.8299, 0.0000, 0.0000, 0.0000, 0.0000, 0.0000, 0.0000, -0.8821, 0.3602, -0.1734, 0.2489, 0.0401, 0.0074, 0.0340, 0.0000, 0.0000, 0.0000, 0.0000
2, 1.9000, 190, -0.5546, -0.5443, -0.7179, -2.4119, 4.7462, -3.1403, 0.0000, 0.0000, 0.0000, 0.0000, 0.0000, 0.0000, -0.8824, 0.3600, -0.1730, 0.2488, 0.0697, -0.0048, 0.0372, 0.0000, 0.0000, 0.0000, 0.0000
1, 1.8900, 189, 0.6293, -0.4661, -1.3777, -115.0199, -22.3174, -12.3291, 0.0000, 0.0000, 0.0000, 0.0000, 0.0000, 0.0000, 0.2751, 0.0573, -0.3900, -0.8769, -0.3128, -0.1918, 0.6943, 0.0000, 0.0000, 0.0000, 0.0000
1, 1.9000, 190, 0.7259, -0.5317, -1.2218, -105.6525, -22.7608, 11.0066, 0.0000, 0.0000, 0.0000, 0.0000, 0.0000, 0.0000, 0.2745, 0.0578, -0.3814, -0.8808, -0.4132, -0.1127, 0.5240, 0.0000, 0.0000, 0.0000, 0.0000
3, 1.8900, 189, -0.3192, -0.8674, -0.0177, 7.5604, -21.6590, -38.0717, 0.0000, 0.0000, 0.0000, 0.0000, 0.0000, 0.0000, 0.7128, -0.6884, 0.0775, -0.1094, 0.0558, -0.0964, -0.0233, 0.0000, 0.0000, 0.0000, 0.0000
3, 1.9000, 190, -0.4859, -0.9608, 0.1325, 7.5396, -15.9359, -36.2422, 0.0000, 0.0000, 0.0000, 0.0000, 0.0000, 0.0000, 0.7126, -0.6893, 0.0762, -0.1062, 0.2287, -0.0048, -0.1714, 0.0000, 0.0000, 0.0000, 0.0000
3, 1.9100, 191, -0.6084, -1.0772, 0.1245, 3.6558, -10.3946, -27.9130, 0.0000, 0.0000, 0.0000, 0.0000, 0.0000, 0.0000, 0.7126, -0.6898, 0.0751, -0.1039, 0.3564, 0.1102, -0.1619, 0.0000, 0.0000, 0.0000, 0.0000
1, 1.9100, 191, 1.0536, -0.8257, -0.9998, -44.6030, -25.6411, -12.2420, 0.0000, 0.0000, 0.0000, 0.0000, 0.0000, 0.0000, 0.2761, 0.0573, -0.3773, -0.8821, -0.7438, 0.1898, 0.2928, 0.0000, 0.0000, 0.0000, 0.0000
2, 1.9100, 191, -0.5920, -0.5390, -0.7215, 1.8301, 4.0814, -6.6023, 0.0000, 0.0000, 0.0000, 0.0000, 0.0000, 0.0000, -0.8825, 0.3602, -0.1725, 0.2484, 0.1082, -0.0106, 0.0404, 0.0000, 0.0000, 0.0000, 0.0000
1, 1.9200, 192, 0.0364, -0.6088, -1.0188, -9.3696, -11.1165, 2.9299, 0.0000, 0.0000, 0.0000, 0.0000, 0.0000, 0.0000, 0.2762, 0.0565, -0.3763, -0.8825, 0.2718, -0.0244, 0.3088, 0.0000, 0.0000, 0.0000, 0.0000
1, 1.9300, 193, 0.2695, -0.5768, -0.8175, 9.0299, 4.3889, 0.3950, 0.0000, 0.0000, 0.0000, 0.0000, 0.0000, 0.0000, 0.2761, 0.0566, -0.3772, -0.8822, 0.0383, -0.0569, 0.1078, 0.0000, 0.0000, 0.0000, 0.0000
2, 1.9200, 192, -0.5569, -0.5303, -0.7351, 6.3579, 2.6330, -11.5903, 0.0000, 0.0000, 0.0000, 0.0000, 0.0000, 0.0000, -0.8826, 0.3608, -0.1718, 0.2477, 0.0744, -0.0207, 0.0542, 0.0000, 0.0000, 0.0000, 0.0000
3, 1.9200, 192, -0.6471, -1.2430, 0.1192, 1.9690, -8.2025, -14.8607, 0.0000, 0.0000, 0.0000, 0.0000, 0.0000, 0.0000, 0.7125, -0.6901, 0.0748, -0.1026, 0.3984, 0.2751, -0.1560, 0.0000, 0.0000, 0.0000, 0.0000
1, 1.9400, 194, 0.1161, -0.5654, -0.7588, 13.7132, 12.3595, -2.6304, 0.0000, 0.0000, 0.0000, 0.0000, 0.0000, 0.0000, 0.2759, 0.0573, -0.3785, -0.8817, 0.1930, -0.0698, 0.0510, 0.0000, 0.0000, 0.0000, 0.0000
3, 1.9300, 193, -0.4621, -1.4224, 0.0316, 7.8590, -13.0275, -0.4712, 0.0000, 0.0000, 0.0000, 0.0000, 0.0000, 0.0000, 0.7119, -0.6907, 0.0755, -0.1018, 0.2142, 0.4543, -0.0669, 0.0000, 0.0000, 0.0000, 0.0000
3, 1.9400, 194, -0.2038, -1.4437, -0.0045, 7.3918, -21.9127, 7.0785, 0.0000, 0.0000, 0.0000, 0.0000, 0.0000, 0.0000, 0.7113, -0.6913, 0.0772, -0.1010, -0.0451, 0.4757, -0.0285, 0.0000, 0.0000, 0.0000, 0.0000
1, 1.9500, 195, 0.2986, -0.5874, -0.6917, 11.8256, 16.2610, -7.4460, 0.0000, 0.0000, 0.0000, 0.0000, 0.0000, 0.0000, 0.2760, 0.0585, -0.3797, -0.8810, 0.0130, -0.0490, -0.0138, 0.0000, 0.0000, 0.0000, 0.0000
3, 1.9500, 195, -0.0411, -1.2139, 0.0429, -0.9351, -28.3479, 5.6696, 0.0000, 0.0000, 0.0000, 0.0000, 0.0000, 0.0000, 0.7111, -0.6915, 0.0793, -0.0996, -0.2091, 0.2462, -0.0743, 0.0000, 0.0000, 0.0000, 0.0000
1, 1.9600, 196, 0.4152, -0.6607, -0.6211, 6.3685, 15.4787, -7.8946, 0.0000, 0.0000, 0.0000, 0.0000, 0.0000, 0.0000, 0.2761, 0.0598, -0.3806, -0.8805, -0.1007, 0.0236, -0.0826, 0.0000, 0.0000, 0.0000, 0.0000
2, 1.9300, 193, -0.5740, -0.5227, -0.7260, 9.6015, 0.8960, -16.2403, 0.0000, 0.0000, 0.0000, 0.0000, 0.0000, 0.0000, -0.8827, 0.3617, -0.1710, 0.2467, 0.0931, -0.0305, 0.0458, 0.0000, 0.0000, 0.0000, 0.0000
3, 1.9600, 196, -0.0130, -0.9683, 0.0850, -9.8135, -28.6406, -1.1133, 0.0000, 0.0000, 0.0000, 0.0000, 0.0000, 0.0000, 0.7115, -0.6911, 0.0811, -0.0977, -0.2376, 0.0007, -0.1163, 0.0000, 0.0000, 0.0000, 0.0000
3, 1.9700, 197, -0.0079, -0.8174, 0.0607, -14.0517, -27.8939, -6.7972, 0.0000, 0.0000, 0.0000, 0.0000, 0.0000, 0.0000, 0.7122, -0.6906, 0.0825, -0.0954, -0.2419, -0.1503, -0.0930, 0.0000, 0.0000, 0.0000, 0.0000
2, 1.9400, 194, -0.5705, -0.5423, -0.7526, 13.3953, -3.8541, -26.4919, 0.0000, 0.0000, 0.0000, 0.0000, 0.0000, 0.0000, -0.8828, 0.3632, -0.1701, 0.2447, 0.0915, -0.0141, 0.0737, 0.0000, 0.0000, 0.0000, 0.0000
1, 1.9700, 197, 0.4422, -0.6644, -0.6252, -1.3922, 8.7415, -5.7380, 0.0000, 0.0000, 0.0000, 0.0000, 0.0000, 0.0000, 0.2763, 0.0607, -0.3806, -0.8804, -0.1255, 0.0275, -0.0777, 0.0000, 0.0000, 0.0000, 0.0000
1, 1.9800, 198, 0.3927, -0.6598, -0.6546, -8.3378, 1.8924, -2.6406, 0.0000, 0.0000, 0.0000, 0.0000, 0.0000, 0.0000, 0.2764, 0.0611, -0.3800, -0.8806, -0.0751, 0.0238, -0.0487, 0.0000, 0.0000, 0.0000, 0.0000
3, 1.9800, 198, -0.0149, -0.7158, -0.0216, -13.5237, -32.2356, -11.1817, 0.0000, 0.0000, 0.0000, 0.0000, 0.0000, 0.0000, 0.7129, -0.6901, 0.0839, -0.0926, -0.2332, -0.2523, -0.0117, 0.0000, 0.0000, 0.0000, 0.0000
1, 1.9900, 199, 0.3484, -0.6370, -0.7161, -11.7938, -2.0440, -0.6877, 0.0000, 0.0000, 0.0000, 0.0000, 0.0000, 0.0000, 0.2764, 0.0613, -0.3790, -0.8810, -0.0307, 0.0024, 0.0116, 0.0000, 0.0000, 0.0000, 0.0000
3, 1.9900, 199, -0.0368, -0.7329, -0.0502, -5.0295, -38.5774, -13.9632, 0.0000, 0.0000, 0.0000, 0.0000, 0.0000, 0.0000, 0.7130, -0.6902, 0.0855, -0.0894, -0.2093, -0.2358, 0.0170, 0.0000, 0.0000, 0.0000, 0.0000
1, 2.0000, 200, 0.3429, -0.6129, -0.7537, -11.0767, -2.4059, -0.1470, 0.0000, 0.0000, 0.0000, 0.0000, 0.0000, 0.0000, 0.2765, 0.0614, -0.3781, -0.8814, -0.0255, -0.0201, 0.0477, 0.0000, 0.0000, 0.0000, 0.0000
2, 1.9500, 195, -0.4330, -0.5615, -0.8189, 26.4980, -11.8866, -29.0393, 0.0000, 0.0000, 0.0000, 0.0000, 0.0000, 0.0000, -0.8824, 0.3659, -0.1696, 0.2425, -0.0441, 0.0002, 0.1427, 0.0000, 0.0000, 0.0000, 0.0000
1, 2.0100, 201, 0.3410, -0.6137, -0.7693, -8.3031, -0.9382, 0.6044, 0.0000, 0.0000, 0.0000, 0.0000, 0.0000, 0.0000, 0.2764, 0.0615, -0.3774, -0.8817, -0.0238, -0.0181, 0.0621, 0.0000, 0.0000, 0.0000, 0.0000
3, 2.0000, 200, -0.0495, -0.8439, 0.0001, 0.2683, -44.2494, -16.1834, 0.0000, 0.0000, 0.0000, 0.0000, 0.0000, 0.0000, 0.7128, -0.6906, 0.0873, -0.0857, -0.1943, -0.1254, -0.0317, 0.0000, 0.0000, 0.0000, 0.0000
2, 1.9600, 196, -0.5468, -0.6371, -0.8025, 35.2995, -18.8752, -30.7955, 0.0000, 0.0000, 0.0000, 0.0000, 0.0000, 0.0000, -0.8816, 0.3695, -0.1693, 0.2400, 0.0706, 0.0695, 0.1309, 0.0000, 0.0000, 0.0000, 0.0000
1, 2.0200, 202, 0.3362, -0.6166, -0.7634, -5.3885, 0.6526, 1.2498, 0.0000, 0.0000, 0.0000, 0.0000, 0.0000, 0.0000, 0.2763, 0.0617, -0.3770, -0.8819, -0.0191, -0.0145, 0.0555, 0.0000, 0.0000, 0.0000, 0.0000
3, 2.0100, 201, -0.0746, -0.9613, 0.0971, -1.0094, -50.6431, -18.5612, 0.0000, 0.0000, 0.0000, 0.0000, 0.0000, 0.0000, 0.7126, -0.6911, 0.0893, -0.0815, -0.1664, -0.0088, -0.1267, 0.0000, 0.0000, 0.0000, 0.0000
3, 2.0200, 202, -0.1200, -1.0472, 0.1569, -2.3506, -58.5557, -19.6716, 0.0000, 0.0000, 0.0000, 0.0000, 0.0000, 0.0000, 0.7123, -0.6916, 0.0918, -0.0767, -0.1180, 0.0764, -0.1845, 0.0000, 0.0000, 0.0000, 0.0000
2, 1.9700, 197, -0.7181, -0.5774, -0.8392, 39.3897, -16.2706, -35.8810, 0.0000, 0.0000, 0.0000, 0.0000, 0.0000, 0.0000, -0.8808, 0.3734, -0.1686, 0.2373, 0.2431, 0.0026, 0.1728, 0.0000, 0.0000, 0.0000, 0.0000
3, 2.0300, 203, -0.1414, -1.1273, 0.1458, 1.1742, -66.0456, -17.5458, 0.0000, 0.0000, 0.0000, 0.0000, 0.0000, 0.0000, 0.7118, -0.6922, 0.0948, -0.0716, -0.0937, 0.1556, -0.1707, 0.0000, 0.0000, 0.0000, 0.0000
3, 2.0400, 204, -0.1743, -1.1726, 0.0985, 7.7736, -69.3261, -13.6055, 0.0000, 0.0000, 0.0000, 0.0000, 0.0000, 0.0000, 0.7109, -0.6932, 0.0983, -0.0666, -0.0585, 0.2003, -0.1196, 0.0000, 0.0000, 0.0000, 0.0000
1, 2.0300, 203, 0.3316, -0.6270, -0.7414, -3.4824, 1.5223, 1.5007, 0.0000, 0.0000, 0.0000, 0.0000, 0.0000, 0.0000, 0.2761, 0.0618, -0.3768, -0.8820, -0.0145, -0.0037, 0.0332, 0.0000, 0.0000, 0.0000, 0.0000
2, 1.9800, 198, -0.7105, -0.6650, -0.8602, 44.5790, -15.5322, -45.0297, 0.0000, 0.0000, 0.0000, 0.0000, 0.0000, 0.0000, -0.8801, 0.3778, -0.1674, 0.2340, 0.2380, 0.0818, 0.1994, 0.0000, 0.0000, 0.0000, 0.0000
2, 1.9900, 199, -0.7353, -0.9127, -0.8016, 47.9938, -24.9801, -54.7599, 0.0000, 0.0000, 0.0000, 0.0000, 0.0000, 0.0000, -0.8792, 0.3828, -0.1665, 0.2297, 0.2656, 0.3199, 0.1474, 0.0000, 0.0000, 0.0000, 0.0000
3, 2.0500, 205, -0.1922, -1.1587, 0.0517, 9.4581, -67.6957, -11.6107, 0.0000, 0.0000, 0.0000, 0.0000, 0.0000, 0.0000, 0.7098, -0.6943, 0.1017, -0.0619, -0.0387, 0.1859, -0.0685, 0.0000, 0.0000, 0.0000, 0.0000
2, 2.0000, 200, -0.8237, -1.0213, -0.7166, 43.2291, -27.8992, -73.1097, 0.0000, 0.0000, 0.0000, 0.0000, 0.0000, 0.0000, -0.8788, 0.3877, -0.1653, 0.2237, 0.3578, 0.4179, 0.0694, 0.0000, 0.0000, 0.0000, 0.0000
1, 2.0400, 204, 0.3192, -0.6264, -0.7308, -2.7599, 1.3757, 1.4990, 0.0000, 0.0000, 0.0000, 0.0000, 0.0000, 0.0000, 0.2759, 0.0619, -0.3765, -0.8822, -0.0021, -0.0040, 0.0222, 0.0000, 0.0000, 0.0000, 0.0000
2, 2.0100, 201, -0.8276, -1.2465, -0.6644, 43.3545, -24.3798, -97.1574, 0.0000, 0.0000, 0.0000, 0.0000, 0.0000, 0.0000, -0.8788, 0.3929, -0.1631, 0.2161, 0.3680, 0.6313, 0.0239, 0.0000, 0.0000, 0.0000, 0.0000
2, 2.0200, 202, -0.6812, -1.5224, -0.7735, 41.9582, -12.1967, -104.3089, 0.0000, 0.0000, 0.0000, 0.0000, 0.0000, 0.0000, -0.8791, 0.3978, -0.1596, 0.2083, 0.2312, 0.8940, 0.1390, 0.0000, 0.0000, 0.0000, 0.0000
2, 2.0300, 203, -0.6730, -1.7625, -0.8937, 31.0321, -22.9823, -87.4210, 0.0000, 0.0000, 0.0000, 0.0000, 0.0000, 0.0000, -0.8793, 0.4018, -0.1578, 0.2012, 0.2314, 1.1229, 0.2645, 0.0000, 0.0000, 0.0000, 0.0000
2, 2.0400, 204, -0.7782, -1.3104, -0.8068, 16.7967, -37.6067, -77.0223, 0.0000, 0.0000, 0.0000, 0.0000, 0.0000, 0.0000, -0.8795, 0.4048, -0.1577, 0.1942, 0.3420, 0.6623, 0.1826, 0.0000, 0.0000, 0.0000, 0.0000
3, 2.0600, 206, -0.2043, -1.1098, 0.0214, 4.6745, -64.3913, -12.3739, 0.0000, 0.0000, 0.0000, 0.0000, 0.0000, 0.0000, 0.7090, -0.6950, 0.1049, -0.0573, -0.0248, 0.1365, -0.0344, 0.0000, 0.0000, 0.0000, 0.0000
3, 2.0700, 207, -0.1908, -1.0817, 0.0132, 0.4843, -60.3711, -13.6434, 0.0000, 0.0000, 0.0000, 0.0000, 0.0000, 0.0000, 0.7084, -0.6955, 0.1078, -0.0527, -0.0362, 0.1079, -0.0235, 0.0000, 0.0000, 0.0000, 0.0000
2, 2.0500, 205, -0.7147, -1.0571, -0.7123, 12.7062, -39.9550, -89.8699, 0.0000, 0.0000, 0.0000, 0.0000, 0.0000, 0.0000, -0.8800, 0.4077, -0.1573, 0.1860, 0.2837, 0.4012, 0.0926, 0.0000, 0.0000, 0.0000, 0.0000
1, 2.0500, 205, 0.3284, -0.6267, -0.7265, -2.5050, 0.9925, 1.0984, 0.0000, 0.0000, 0.0000, 0.0000, 0.0000, 0.0000, 0.2758, 0.0620, -0.3764, -0.8823, -0.0114, -0.0033, 0.0176, 0.0000, 0.0000, 0.0000, 0.0000
3, 2.0800, 208, -0.1815, -1.0751, 0.0269, -1.2786, -54.9287, -15.2506, 0.0000, 0.0000, 0.0000, 0.0000, 0.0000, 0.0000, 0.7081, -0.6958, 0.1103, -0.0484, -0.0430, 0.1006, -0.0350, 0.0000, 0.0000, 0.0000, 0.0000
2, 2.0600, 206, -0.5789, -1.0150, -0.7483, 16.6156, -45.7197, -114.2666, 0.0000, 0.0000, 0.0000, 0.0000, 0.0000, 0.0000, -0.8806, 0.4113, -0.1565, 0.1758, 0.1554, 0.3497, 0.1334, 0.0000, 0.0000, 0.0000, 0.0000
1, 2.0600, 206, 0.3345, -0.6224, -0.7312, -2.0410, 0.5219, 0.9071, 0.0000, 0.0000, 0.0000, 0.0000, 0.0000, 0.0000, 0.2757, 0.0621, -0.3762, -0.8824, -0.0175, -0.0074, 0.0221, 0.0000, 0.0000, 0.0000, 0.0000
3, 2.0900, 209, -0.1849, -1.0460, 0.0562, 0.2865, -49.0584, -17.6000, 0.0000, 0.0000, 0.0000, 0.0000, 0.0000, 0.0000, 0.7076, -0.6962, 0.1122, -0.0444, -0.0368, 0.0709, -0.0624, 0.0000, 0.0000, 0.0000, 0.0000
3, 2.1000, 210, -0.1948, -1.0170, 0.0819, 6.0112, -46.4020, -20.8516, 0.0000, 0.0000, 0.0000, 0.0000, 0.0000, 0.0000, 0.7069, -0.6969, 0.1138, -0.0403, -0.0237, 0.0412, -0.0857, 0.0000, 0.0000, 0.0000, 0.0000
1, 2.0700, 207, 0.3469, -0.6167, -0.7256, -1.4432, 0.0429, 1.2392, 0.0000, 0.0000, 0.0000, 0.0000, 0.0000, 0.0000, 0.2756, 0.0621, -0.3761, -0.8825, -0.0300, -0.0130, 0.0163, 0.0000, 0.0000, 0.0000, 0.0000
3, 2.1100, 211, -0.1903, -0.9974, 0.1061, 11.2942, -43.6724, -24.0202, 0.0000, 0.0000, 0.0000, 0.0000, 0.0000, 0.0000, 0.7058, -0.6980, 0.1150, -0.0363, -0.0243, 0.0207, -0.1066, 0.0000, 0.0000, 0.0000, 0.0000
2, 2.0700, 207, -0.5359, -1.0376, -0.7932, 19.8143, -61.0018, -133.4147, 0.0000, 0.0000, 0.0000, 0.0000, 0.0000, 0.0000, -0.8810, 0.4155, -0.1561, 0.1637, 0.1214, 0.3611, 0.1846, 0.0000, 0.0000, 0.0000, 0.0000
1, 2.0800, 208, 0.3344, -0.6209, -0.7274, -1.7233, -0.4256, 1.4521, 0.0000, 0.0000, 0.0000, 0.0000, 0.0000, 0.0000, 0.2755, 0.0620, -0.3760, -0.8826, -0.0177, -0.0086, 0.0179, 0.0000, 0.0000, 0.0000, 0.0000
3, 2.1200, 212, -0.1674, -0.9829, 0.1070, 14.0976, -42.1241, -25.7528, 0.0000, 0.0000, 0.0000, 0.0000, 0.0000, 0.0000, 0.7046, -0.6993, 0.1160, -0.0322, -0.0428, 0.0053, -0.1035, 0.0000, 0.0000, 0.0000, 0.0000
1, 2.0900, 209, 0.3348, -0.6198, -0.7298, -1.5793, -0.7139, 1.4007, 0.0000, 0.0000, 0.0000, 0.0000, 0.0000, 0.0000, 0.2754, 0.0622, -0.3757, -0.8827, -0.0182, -0.0095, 0.0200, 0.0000, 0.0000, 0.0000, 0.0000
1, 2.1000, 210, 0.3288, -0.6200, -0.7315, -1.0493, -1.1381, 1.5058, 0.0000, 0.0000, 0.0000, 0.0000, 0.0000, 0.0000, 0.2753, 0.0621, -0.3756, -0.8828, -0.0123, -0.0090, 0.0214, 0.0000, 0.0000, 0.0000, 0.0000
1, 2.1100, 211, 0.3253, -0.6143, -0.7360, -0.9950, -1.3085, 1.5065, 0.0000, 0.0000, 0.0000, 0.0000, 0.0000, 0.0000, 0.2753, 0.0620, -0.3755, -0.8828, -0.0091, -0.0146, 0.0257, 0.0000, 0.0000, 0.0000, 0.0000
1, 2.1200, 212, 0.3250, -0.6152, -0.7347, -0.4490, -1.2671, 1.4170, 0.0000, 0.0000, 0.0000, 0.0000, 0.0000, 0.0000, 0.2752, 0.0618, -0.3754, -0.8829, -0.0091, -0.0137, 0.0243, 0.0000, 0.0000, 0.0000, 0.0000
2, 2.0800, 208, -0.6403, -1.0867, -0.8096, 20.3189, -71.1517, -144.7490, 0.0000, 0.0000, 0.0000, 0.0000, 0.0000, 0.0000, -0.8813, 0.4200, -0.1560, 0.1502, 0.2354, 0.3978, 0.2083, 0.0000, 0.0000, 0.0000, 0.0000
2, 2.0900, 209, -0.7261, -1.0670, -0.8043, 18.0765, -67.2201, -150.2138, 0.0000, 0.0000, 0.0000, 0.0000, 0.0000, 0.0000, -0.8816, 0.4243, -0.1554, 0.1364, 0.3319, 0.3658, 0.2102, 0.0000, 0.0000, 0.0000, 0.0000
2, 2.1000, 210, -0.6634, -0.9626, -0.7956, 16.4274, -56.6183, -151.0786, 0.0000, 0.0000, 0.0000, 0.0000, 0.0000, 0.0000, -0.8819, 0.4283, -0.1540, 0.1229, 0.2816, 0.2495, 0.2077, 0.0000, 0.0000, 0.0000, 0.0000
2, 2.1100, 211, -0.5132, -0.8282, -0.7912, 17.7094, -50.7745, -146.6471, 0.0000, 0.0000, 0.0000, 0.0000, 0.0000, 0.0000, -0.8821, 0.4321, -0.1522, 0.1100, 0.1447, 0.1035, 0.2089, 0.0000, 0.0000, 0.0000, 0.0000
3, 2.1300, 213, -0.1577, -0.9776, 0.1065, 13.1528, -40.9637, -25.8389, 0.0000, 0.0000, 0.0000, 0.0000, 0.0000, 0.0000, 0.7034, -0.7005, 0.1169, -0.0283, -0.0480, -0.0009, -0.0992, 0.0000, 0.0000, 0.0000, 0.0000
2, 2.1200, 212, -0.4198, -0.6849, -0.7446, 20.5516, -48.2782, -137.2104, 0.0000, 0.0000, 0.0000, 0.0000, 0.0000, 0.0000, -0.8819, 0.4359, -0.1505, 0.0979, 0.0643, -0.0506, 0.1679, 0.0000, 0.0000, 0.0000, 0.0000
1, 2.1300, 213, 0.3254, -0.6105, -0.7315, 0.2189, -0.7588, 1.1153, 0.0000, 0.0000, 0.0000, 0.0000, 0.0000, 0.0000, 0.2751, 0.0617, -0.3754, -0.8829, -0.0097, -0.0184, 0.0210, 0.0000, 0.0000, 0.0000, 0.0000
3, 2.1400, 214, -0.1292, -0.9641, 0.0809, 10.8866, -40.2916, -25.0425, 0.0000, 0.0000, 0.0000, 0.0000, 0.0000, 0.0000, 0.7024, -0.7015, 0.1178, -0.0244, -0.0721, -0.0154, -0.0701, 0.0000, 0.0000, 0.0000, 0.0000
3, 2.1500, 215, -0.1454, -0.9657, 0.0355, 9.0231, -41.7577, -23.6341, 0.0000, 0.0000, 0.0000, 0.0000, 0.0000, 0.0000, 0.7015, -0.7024, 0.1189, -0.0205, -0.0517, -0.0146, -0.0216, 0.0000, 0.0000, 0.0000, 0.0000
1, 2.1400, 214, 0.3308, -0.6096, -0.7264, 0.7803, -0.4607, 1.0245, 0.0000, 0.0000, 0.0000, 0.0000, 0.0000, 0.0000, 0.2751, 0.0619, -0.3751, -0.8830, -0.0152, -0.0193, 0.0158, 0.0000, 0.0000, 0.0000, 0.0000
1, 2.1500, 215, 0.3238, -0.6122, -0.7254, 0.5998, 0.0332, 1.0401, 0.0000, 0.0000, 0.0000, 0.0000, 0.0000, 0.0000, 0.2750, 0.0619, -0.3752, -0.8830, -0.0081, -0.0164, 0.0146, 0.0000, 0.0000, 0.0000, 0.0000
2, 2.1300, 213, -0.3574, -0.5516, -0.6879, 24.7776, -45.1120, -127.5843, 0.0000, 0.0000, 0.0000, 0.0000, 0.0000, 0.0000, -0.8814, 0.4399, -0.1489, 0.0866, 0.0142, -0.1942, 0.1169, 0.0000, 0.0000, 0.0000, 0.0000
3, 2.1600, 216, -0.1727, -1.0058, 0.0064, 11.0123, -40.5031, -23.1187, 0.0000, 0.0000, 0.0000, 0.0000, 0.0000, 0.0000, 0.7004, -0.7034, 0.1199, -0.0167, -0.0203, 0.0247, 0.0107, 0.0000, 0.0000, 0.0000, 0.0000
1, 2.1600, 216, 0.3384, -0.6088, -0.7220, 0.5491, 0.0875, 0.8479, 0.0000, 0.0000, 0.0000, 0.0000, 0.0000, 0.0000, 0.2750, 0.0618, -0.3752, -0.8830, -0.0228, -0.0198, 0.0112, 0.0000, 0.0000, 0.0000, 0.0000
2, 2.1400, 214, -0.2994, -0.4343, -0.6281, 27.8067, -38.7893, -117.7872, 0.0000, 0.0000, 0.0000, 0.0000, 0.0000, 0.0000, -0.8807, 0.4437, -0.1472, 0.0764, -0.0320, -0.3213, 0.0631, 0.0000, 0.0000, 0.0000, 0.0000
3, 2.1700, 217, -0.1916, -1.0181, -0.0058, 7.9596, -36.6461, -22.8749, 0.0000, 0.0000, 0.0000, 0.0000, 0.0000, 0.0000, 0.6996, -0.7041, 0.1207, -0.0131, 0.0027, 0.0363, 0.0257, 0.0000, 0.0000, 0.0000, 0.0000
3, 2.1800, 218, -0.1983, -1.0044, -0.0133, 5.8443, -31.3949, -22.4229, 0.0000, 0.0000, 0.0000, 0.0000, 0.0000, 0.0000, 0.6989, -0.7048, 0.1213, -0.0099, 0.0133, 0.0219, 0.0354, 0.0000, 0.0000, 0.0000, 0.0000
2, 2.1500, 215, -0.2126, -0.3184, -0.5722, 29.5255, -31.8282, -108.0008, 0.0000, 0.0000, 0.0000, 0.0000, 0.0000, 0.0000, -0.8798, 0.4476, -0.1452, 0.0673, -0.1073, -0.4463, 0.0129, 0.0000, 0.0000, 0.0000, 0.0000
2, 2.1600, 216, -0.1411, -0.2123, -0.5230, 30.1968, -26.7561, -98.6375, 0.0000, 0.0000, 0.0000, 0.0000, 0.0000, 0.0000, -0.8788, 0.4513, -0.1432, 0.0590, -0.1679, -0.5610, -0.0307, 0.0000, 0.0000, 0.0000, 0.0000
1, 2.1700, 217, 0.3286, -0.6110, -0.7169, 0.4570, 0.3751, 0.9690, 0.0000, 0.0000, 0.0000, 0.0000, 0.0000, 0.0000, 0.2749, 0.0618, -0.3753, -0.8831, -0.0131, -0.0178, 0.0062, 0.0000, 0.0000, 0.0000, 0.0000
1, 2.1800, 218, 0.3225, -0.6044, -0.7244, 0.2286, 0.4596, 0.8995, 0.0000, 0.0000, 0.0000, 0.0000, 0.0000, 0.0000, 0.2748, 0.0618, -0.3753, -0.8831, -0.0070, -0.0245, 0.0137, 0.0000, 0.0000, 0.0000, 0.0000
3, 2.1900, 219, -0.1710, -0.9840, -0.0183, 6.4368, -26.4243, -21.6483, 0.0000, 0.0000, 0.0000, 0.0000, 0.0000, 0.0000, 0.6983, -0.7054, 0.1215, -0.0070, -0.0101, 0.0008, 0.0423, 0.0000, 0.0000, 0.0000, 0.0000
2, 2.1700, 217, -0.0869, -0.1270, -0.4762, 29.4286, -23.6271, -89.6940, 0.0000, 0.0000, 0.0000, 0.0000, 0.0000, 0.0000, -0.8778, 0.4548, -0.1414, 0.0516, -0.2119, -0.6540, -0.0721, 0.0000, 0.0000, 0.0000, 0.0000
1, 2.1900, 219, 0.3151, -0.6101, -0.7284, 0.2461, 0.9445, 0.5827, 0.0000, 0.0000, 0.0000, 0.0000, 0.0000, 0.0000, 0.2748, 0.0620, -0.3749, -0.8832, 0.0004, -0.0186, 0.0177, 0.0000, 0.0000, 0.0000, 0.0000
1, 2.2000, 220, 0.3204, -0.6042, -0.7282, 0.8276, 1.2983, 0.2645, 0.0000, 0.0000, 0.0000, 0.0000, 0.0000, 0.0000, 0.2747, 0.0621, -0.3750, -0.8832, -0.0047, -0.0240, 0.0172, 0.0000, 0.0000, 0.0000, 0.0000
3, 2.2000, 220, -0.1474, -0.9653, -0.0145, 5.7179, -22.1041, -20.6362, 0.0000, 0.0000, 0.0000, 0.0000, 0.0000, 0.0000, 0.6977, -0.7060, 0.1216, -0.0045, -0.0300, -0.0185, 0.0402, 0.0000, 0.0000, 0.0000, 0.0000
2, 2.1800, 218, -0.0581, -0.0531, -0.4275, 27.5299, -21.4731, -80.9312, 0.0000, 0.0000, 0.0000, 0.0000, 0.0000, 0.0000, -0.8768, 0.4580, -0.1397, 0.0449, -0.2313, -0.7350, -0.1158, 0.0000, 0.0000, 0.0000, 0.0000
3, 2.2100, 221, -0.1355, -0.9449, 0.0108, 5.5725, -18.6646, -19.3860, 0.0000, 0.0000, 0.0000, 0.0000, 0.0000, 0.0000, 0.6972, -0.7065, 0.1216, -0.0022, -0.0384, -0.0394, 0.0165, 0.0000, 0.0000, 0.0000, 0.0000
1, 2.2100, 221, 0.3310, -0.6069, -0.7216, 1.1452, 1.5282, 0.0352, 0.0000, 0.0000, 0.0000, 0.0000, 0.0000, 0.0000, 0.2747, 0.0622, -0.3751, -0.8831, -0.0152, -0.0215, 0.0107, 0.0000, 0.0000, 0.0000, 0.0000
2, 2.1900, 219, -0.0280, -0.0034, -0.3805, 24.7506, -19.2571, -71.3447, 0.0000, 0.0000, 0.0000, 0.0000, 0.0000, 0.0000, -0.8759, 0.4607, -0.1382, 0.0389, -0.2529, -0.7908, -0.1583, 0.0000, 0.0000, 0.0000, 0.0000
3, 2.2200, 222, -0.1186, -0.9308, 0.0179, 7.3974, -17.1920, -17.4064, 0.0000, 0.0000, 0.0000, 0.0000, 0.0000, 0.0000, 0.6965, -0.7072, 0.1215, -0.0001, -0.0520, -0.0542, 0.0112, 0.0000, 0.0000, 0.0000, 0.0000
3, 2.2300, 223, -0.1106, -0.9302, 0.0165, 8.0870, -16.7700, -15.2898, 0.0000, 0.0000, 0.0000, 0.0000, 0.0000, 0.0000, 0.6959, -0.7078, 0.1216, 0.0018, -0.0570, -0.0552, 0.0144, 0.0000, 0.0000, 0.0000, 0.0000
2, 2.2000, 220, -0.0043, 0.0373, -0.3377, 20.9073, -17.0868, -59.9293, 0.0000, 0.0000, 0.0000, 0.0000, 0.0000, 0.0000, -0.8750, 0.4631, -0.1370, 0.0339, -0.2693, -0.8367, -0.1972, 0.0000, 0.0000, 0.0000, 0.0000
2, 2.2100, 221, 0.0194, 0.0528, -0.3072, 15.6006, -15.9703, -46.6655, 0.0000, 0.0000, 0.0000, 0.0000, 0.0000, 0.0000, -0.8743, 0.4649, -0.1363, 0.0299, -0.2873, -0.8562, -0.2245, 0.0000, 0.0000, 0.0000, 0.0000
1, 2.2200, 222, 0.3316, -0.6051, -0.7184, 0.7603, 1.4233, -0.0502, 0.0000, 0.0000, 0.0000, 0.0000, 0.0000, 0.0000, 0.2747, 0.0623, -0.3752, -0.8831, -0.0156, -0.0234, 0.0077, 0.0000, 0.0000, 0.0000, 0.0000
1, 2.2300, 223, 0.3412, -0.6077, -0.7133, 0.6181, 1.4889, 0.0198, 0.0000, 0.0000, 0.0000, 0.0000, 0.0000, 0.0000, 0.2746, 0.0624, -0.3753, -0.8831, -0.0250, -0.0209, 0.0028, 0.0000, 0.0000, 0.0000, 0.0000
3, 2.2400, 224, -0.0965, -0.9279, 0.0114, 5.9204, -16.0394, -13.0432, 0.0000, 0.0000, 0.0000, 0.0000, 0.0000, 0.0000, 0.6953, -0.7083, 0.1217, 0.0035, -0.0686, -0.0579, 0.0211, 0.0000, 0.0000, 0.0000, 0.0000
2, 2.2200, 222, 0.0428, 0.0764, -0.2725, 9.3692, -15.7687, -32.3190, 0.0000, 0.0000, 0.0000, 0.0000, 0.0000, 0.0000, -0.8738, 0.4660, -0.1362, 0.0269, -0.3068, -0.8827, -0.2567, 0.0000, 0.0000, 0.0000, 0.0000
1, 2.2400, 224, 0.3336, -0.6105, -0.7164, -0.0341, 1.1511, 0.3556, 0.0000, 0.0000, 0.0000, 0.0000, 0.0000, 0.0000, 0.2746, 0.0628, -0.3750, -0.8832, -0.0171, -0.0180, 0.0059, 0.0000, 0.0000, 0.0000, 0.0000
3, 2.2500, 225, -0.0746, -0.9259, 0.0160, 2.7642, -15.8020, -10.7845, 0.0000, 0.0000, 0.0000, 0.0000, 0.0000, 0.0000, 0.6950, -0.7086, 0.1220, 0.0051, -0.0885, -0.0601, 0.0177, 0.0000, 0.0000, 0.0000, 0.0000
2, 2.2300, 223, 0.0592, 0.1042, -0.2449, 3.3999, -16.6022, -18.0692, 0.0000, 0.0000, 0.0000, 0.0000, 0.0000, 0.0000, -0.8735, 0.4665, -0.1367, 0.0249, -0.3215, -0.9121, -0.2829, 0.0000, 0.0000, 0.0000, 0.0000
1, 2.2500, 225, 0.3251, -0.6064, -0.7236, -0.3473, 0.7026, 0.3938, 0.0000, 0.0000, 0.0000, 0.0000, 0.0000, 0.0000, 0.2745, 0.0629, -0.3750, -0.8832, -0.0082, -0.0216, 0.0128, 0.0000, 0.0000, 0.0000, 0.0000
3, 2.2600, 226, -0.0598, -0.9260, 0.0151, 1.1360, -15.0865, -8.0615, 0.0000, 0.0000, 0.0000, 0.0000, 0.0000, 0.0000, 0.6947, -0.7087, 0.1225, 0.0065, -0.1016, -0.0603, 0.0192, 0.0000, 0.0000, 0.0000, 0.0000
2, 2.2400, 224, 0.0784, 0.1139, -0.2241, -2.9234, -17.5517, -4.0938, 0.0000, 0.0000, 0.0000, 0.0000, 0.0000, 0.0000, -0.8735, 0.4663, -0.1378, 0.0238, -0.3409, -0.9221, -0.3030, 0.0000, 0.0000, 0.0000, 0.0000
1, 2.2600, 226, 0.3319, -0.6101, -0.7242, -0.3273, 0.6370, 0.2544, 0.0000, 0.0000, 0.0000, 0.0000, 0.0000, 0.0000, 0.2745, 0.0629, -0.3750, -0.8832, -0.0149, -0.0178, 0.0134, 0.0000, 0.0000, 0.0000, 0.0000
3, 2.2700, 227, -0.0532, -0.9364, 0.0098, 0.8272, -14.6486, -5.2551, 0.0000, 0.0000, 0.0000, 0.0000, 0.0000, 0.0000, 0.6946, -0.7088, 0.1229, 0.0080, -0.1069, -0.0501, 0.0251, 0.0000, 0.0000, 0.0000, 0.0000
2, 2.2500, 225, 0.1065, 0.1198, -0.2028, -9.5716, -17.9845, 9.5044, 0.0000, 0.0000, 0.0000, 0.0000, 0.0000, 0.0000, -0.8736, 0.4655, -0.1396, 0.0237, -0.3712, -0.9272, -0.3246, 0.0000, 0.0000, 0.0000, 0.0000
2, 2.2600, 226, 0.1183, 0.1019, -0.1829, -16.3957, -19.3731, 21.5077, 0.0000, 0.0000, 0.0000, 0.0000, 0.0000, 0.0000, -0.8740, 0.4640, -0.1420, 0.0243, -0.3872, -0.9072, -0.3456, 0.0000, 0.0000, 0.0000, 0.0000
2, 2.2700, 227, 0.1032, 0.0637, -0.1808, -23.7758, -20.9416, 31.3454, 0.0000, 0.0000, 0.0000, 0.0000, 0.0000, 0.0000, -0.8747, 0.4619, -0.1449, 0.0256, -0.3779, -0.8657, -0.3496, 0.0000, 0.0000, 0.0000, 0.0000
1, 2.2700, 227, 0.3334, -0.6086, -0.7223, -0.2924, 0.7580, 0.2013, 0.0000, 0.0000, 0.0000, 0.0000, 0.0000, 0.0000, 0.2744, 0.0630, -0.3750, -0.8832, -0.0163, -0.0193, 0.0115, 0.0000, 0.0000, 0.0000, 0.0000
3, 2.2800, 228, -0.0601, -0.9573, 0.0112, 0.7212, -13.6147, -2.8179, 0.0000, 0.0000, 0.0000, 0.0000, 0.0000, 0.0000, 0.6944, -0.7089, 0.1236, 0.0090, -0.0989, -0.0294, 0.0242, 0.0000, 0.0000, 0.0000, 0.0000
1, 2.2800, 228, 0.3307, -0.6067, -0.7155, -0.5034, 0.7733, 0.1845, 0.0000, 0.0000, 0.0000, 0.0000, 0.0000, 0.0000, 0.2744, 0.0631, -0.3750, -0.8832, -0.0136, -0.0211, 0.0047, 0.0000, 0.0000, 0.0000, 0.0000
1, 2.2900, 229, 0.3211, -0.6119, -0.7165, -1.4834, 0.7531, -0.1788, 0.0000, 0.0000, 0.0000, 0.0000, 0.0000, 0.0000, 0.2744, 0.0632, -0.3748, -0.8833, -0.0038, -0.0157, 0.0056, 0.0000, 0.0000, 0.0000, 0.0000
1, 2.3000, 230, 0.3177, -0.6099, -0.7224, -1.9877, 0.8426, -0.6664, 0.0000, 0.0000, 0.0000, 0.0000, 0.0000, 0.0000, 0.2744, 0.0633, -0.3746, -0.8834, -0.0003, -0.0174, 0.0112, 0.0000, 0.0000, 0.0000, 0.0000
1, 2.3100, 231, 0.3274, -0.6086, -0.7214, -2.2475, 0.9842, -1.0679, 0.0000, 0.0000, 0.0000, 0.0000, 0.0000, 0.0000, 0.2745, 0.0635, -0.3745, -0.8834, -0.0098, -0.0184, 0.0100, 0.0000, 0.0000, 0.0000, 0.0000
3, 2.2900, 229, -0.0616, -0.9712, 0.0049, -0.5895, -11.9139, -0.8848, 0.0000, 0.0000, 0.0000, 0.0000, 0.0000, 0.0000, 0.6943, -0.7088, 0.1242, 0.0098, -0.0970, -0.0155, 0.0308, 0.0000, 0.0000, 0.0000, 0.0000
3, 2.3000, 230, -0.0695, -0.9648, 0.0049, -3.3449, -10.5765, 0.8983, 0.0000, 0.0000, 0.0000, 0.0000, 0.0000, 0.0000, 0.6944, -0.7086, 0.1249, 0.0105, -0.0890, -0.0219, 0.0307, 0.0000, 0.0000, 0.0000, 0.0000
3, 2.3100, 231, -0.0732, -0.9483, 0.0061, -6.7357, -9.2155, 2.7456, 0.0000, 0.0000, 0.0000, 0.0000, 0.0000, 0.0000, 0.6947, -0.7082, 0.1256, 0.0110, -0.0856, -0.0384, 0.0288, 0.0000, 0.0000, 0.0000, 0.0000
3, 2.3200, 232, -0.0846, -0.9373, 0.0050, -7.7411, -9.3137, 4.8858, 0.0000, 0.0000, 0.0000, 0.0000, 0.0000, 0.0000, 0.6951, -0.7076, 0.1264, 0.0115, -0.0748, -0.0493, 0.0288, 0.0000, 0.0000, 0.0000, 0.0000
1, 2.3200, 232, 0.3204, -0.6097, -0.7291, -2.2465, 1.4532, -1.4545, 0.0000, 0.0000, 0.0000, 0.0000, 0.0000, 0.0000, 0.2745, 0.0637, -0.3743, -0.8834, -0.0025, -0.0169, 0.0176, 0.0000, 0.0000, 0.0000, 0.0000
2, 2.2800, 228, 0.0686, 0.0107, -0.1932, -30.7758, -22.2408, 39.8362, 0.0000, 0.0000, 0.0000, 0.0000, 0.0000, 0.0000, -0.8755, 0.4590, -0.1483, 0.0273, -0.3503, -0.8084, -0.3401, 0.0000, 0.0000, 0.0000, 0.0000
3, 2.3300, 233, -0.0965, -0.9470, 0.0095, -7.7827, -9.3427, 7.3833, 0.0000, 0.0000, 0.0000, 0.0000, 0.0000, 0.0000, 0.6955, -0.7070, 0.1275, 0.0117, -0.0638, -0.0395, 0.0232, 0.0000, 0.0000, 0.0000, 0.0000
1, 2.3300, 233, 0.3247, -0.6065, -0.7199, -2.1383, 1.8910, -1.9461, 0.0000, 0.0000, 0.0000, 0.0000, 0.0000, 0.0000, 0.2746, 0.0639, -0.3742, -0.8835, -0.0064, -0.0197, 0.0082, 0.0000, 0.0000, 0.0000, 0.0000
2, 2.2900, 229, 0.0263, -0.0662, -0.2105, -39.0425, -23.5104, 48.1252, 0.0000, 0.0000, 0.0000, 0.0000, 0.0000, 0.0000, -0.8767, 0.4555, -0.1521, 0.0295, -0.3165, -0.7258, -0.3267, 0.0000, 0.0000, 0.0000, 0.0000
2, 2.3000, 230, -0.0264, -0.1349, -0.2359, -48.5894, -24.1082, 57.2595, 0.0000, 0.0000, 0.0000, 0.0000, 0.0000, 0.0000, -0.8781, 0.4510, -0.1563, 0.0323, -0.2734, -0.6501, -0.3062, 0.0000, 0.0000, 0.0000, 0.0000
3, 2.3400, 234, -0.0955, -0.9587, 0.0106, -8.2941, -8.4944, 9.7658, 0.0000, 0.0000, 0.0000, 0.0000, 0.0000, 0.0000, 0.6959, -0.7064, 0.1286, 0.0117, -0.0663, -0.0277, 0.0210, 0.0000, 0.0000, 0.0000, 0.0000
2, 2.3100, 231, -0.0566, -0.1709, -0.2606, -57.6913, -24.7606, 66.7060, 0.0000, 0.0000, 0.0000, 0.0000, 0.0000, 0.0000, -0.8798, 0.4458, -0.1610, 0.0357, -0.2541, -0.6056, -0.2877, 0.0000, 0.0000, 0.0000, 0.0000
1, 2.3400, 234, 0.3370, -0.6019, -0.7199, -2.3644, 1.6844, -1.9966, 0.0000, 0.0000, 0.0000, 0.0000, 0.0000, 0.0000, 0.2747, 0.0644, -0.3739, -0.8835, -0.0182, -0.0238, 0.0080, 0.0000, 0.0000, 0.0000, 0.0000
3, 2.3500, 235, -0.0936, -0.9597, 0.0093, -9.3437, -7.7000, 11.6375, 0.0000, 0.0000, 0.0000, 0.0000, 0.0000, 0.0000, 0.6964, -0.7057, 0.1297, 0.0116, -0.0700, -0.0264, 0.0209, 0.0000, 0.0000, 0.0000, 0.0000
1, 2.3500, 235, 0.3369, -0.5991, -0.7233, -1.7879, 1.6848, -1.7017, 0.0000, 0.0000, 0.0000, 0.0000, 0.0000, 0.0000, 0.2747, 0.0646, -0.3738, -0.8835, -0.0174, -0.0260, 0.0112, 0.0000, 0.0000, 0.0000, 0.0000
2, 2.3200, 232, -0.1009, -0.1993, -0.2841, -64.5290, -26.3361, 75.4290, 0.0000, 0.0000, 0.0000, 0.0000, 0.0000, 0.0000, -0.8817, 0.4398, -0.1662, 0.0395, -0.2220, -0.5672, -0.2711, 0.0000, 0.0000, 0.0000, 0.0000
1, 2.3600, 236, 0.3575, -0.5996, -0.7210, -1.2244, 1.3452, -1.5273, 0.0000, 0.0000, 0.0000, 0.0000, 0.0000, 0.0000, 0.2748, 0.0648, -0.3737, -0.8835, -0.0378, -0.0253, 0.0088, 0.0000, 0.0000, 0.0000, 0.0000
2, 2.3300, 233, -0.1768, -0.2676, -0.3023, -68.5145, -27.9140, 81.9500, 0.0000, 0.0000, 0.0000, 0.0000, 0.0000, 0.0000, -0.8836, 0.4334, -0.1717, 0.0438, -0.1594, -0.4877, -0.2603, 0.0000, 0.0000, 0.0000, 0.0000
3, 2.3600, 236, -0.1024, -0.9628, 0.0225, -10.1899, -5.6689, 13.2929, 0.0000, 0.0000, 0.0000, 0.0000, 0.0000, 0.0000, 0.6970, -0.7049, 0.1309, 0.0113, -0.0633, -0.0230, 0.0063, 0.0000, 0.0000, 0.0000, 0.0000
2, 2.3400, 234, -0.2390, -0.3506, -0.3282, -69.1212, -27.8849, 87.6854, 0.0000, 0.0000, 0.0000, 0.0000, 0.0000, 0.0000, -0.8854, 0.4269, -0.1774, 0.0484, -0.1111, -0.3927, -0.2417, 0.0000, 0.0000, 0.0000, 0.0000
2, 2.3500, 235, -0.2890, -0.4439, -0.3634, -64.5842, -25.2820, 94.2166, 0.0000, 0.0000, 0.0000, 0.0000, 0.0000, 0.0000, -0.8870, 0.4205, -0.1831, 0.0538, -0.0756, -0.2870, -0.2135, 0.0000, 0.0000, 0.0000, 0.0000
2, 2.3600, 236, -0.3462, -0.5156, -0.4025, -56.9445, -22.6873, 101.3459, 0.0000, 0.0000, 0.0000, 0.0000, 0.0000, 0.0000, -0.8882, 0.4145, -0.1889, 0.0599, -0.0333, -0.2028, -0.1804, 0.0000, 0.0000, 0.0000, 0.0000
1, 2.3700, 237, 0.3456, -0.6036, -0.7233, -0.9158, 1.0946, -0.7588, 0.0000, 0.0000, 0.0000, 0.0000, 0.0000, 0.0000, 0.2748, 0.0649, -0.3737, -0.8835, -0.0256, -0.0211, 0.0110, 0.0000, 0.0000, 0.0000, 0.0000
3, 2.3700, 237, -0.1187, -0.9724, 0.0425, -11.3383, -2.5102, 14.3616, 0.0000, 0.0000, 0.0000, 0.0000, 0.0000, 0.0000, 0.6977, -0.7041, 0.1319, 0.0107, -0.0494, -0.0130, -0.0155, 0.0000, 0.0000, 0.0000, 0.0000
2, 2.3700, 237, -0.4483, -0.6082, -0.4716, -47.7932, -21.0671, 108.3355, 0.0000, 0.0000, 0.0000, 0.0000, 0.0000, 0.0000, -0.8890, 0.4091, -0.1947, 0.0667, 0.0535, -0.0979, -0.1163, 0.0000, 0.0000, 0.0000, 0.0000
1, 2.3800, 238, 0.3266, -0.6037, -0.7272, -0.9157, 0.7137, -0.5123, 0.0000, 0.0000, 0.0000, 0.0000, 0.0000, 0.0000, 0.2748, 0.0650, -0.3736, -0.8835, -0.0063, -0.0209, 0.0149, 0.0000, 0.0000, 0.0000, 0.0000
3, 2.3800, 238, -0.1366, -0.9867, 0.0400, -11.9786, 0.0338, 15.4389, 0.0000, 0.0000, 0.0000, 0.0000, 0.0000, 0.0000, 0.6984, -0.7032, 0.1328, 0.0099, -0.0340, 0.0017, -0.0150, 0.0000, 0.0000, 0.0000, 0.0000
3, 2.3900, 239, -0.1452, -0.9986, 0.0264, -13.7261, 2.3347, 16.2462, 0.0000, 0.0000, 0.0000, 0.0000, 0.0000, 0.0000, 0.6993, -0.7022, 0.1337, 0.0090, -0.0281, 0.0140, -0.0036, 0.0000, 0.0000, 0.0000, 0.0000
2, 2.3800, 238, -0.5718, -0.7631, -0.5501, -39.7968, -20.2252, 118.7549, 0.0000, 0.0000, 0.0000, 0.0000, 0.0000, 0.0000, -0.8893, 0.4041, -0.2007, 0.0745, 0.1609, 0.0695, -0.0415, 0.0000, 0.0000, 0.0000, 0.0000
1, 2.3900, 239, 0.3421, -0.6055, -0.7248, -1.1987, 0.7780, -0.4418, 0.0000, 0.0000, 0.0000, 0.0000, 0.0000, 0.0000, 0.2748, 0.0656, -0.3733, -0.8836, -0.0216, -0.0188, 0.0123, 0.0000, 0.0000, 0.0000, 0.0000
3, 2.4000, 240, -0.1554, -0.9958, 0.0242, -15.3865, 5.0139, 17.2264, 0.0000, 0.0000, 0.0000, 0.0000, 0.0000, 0.0000, 0.7003, -0.7010, 0.1344, 0.0078, -0.0208, 0.0116, -0.0041, 0.0000, 0.0000, 0.0000, 0.0000
1, 2.4000, 240, 0.3335, -0.6017, -0.7257, -0.9542, 0.9337, -0.4085, 0.0000, 0.0000, 0.0000, 0.0000, 0.0000, 0.0000, 0.2748, 0.0657, -0.3733, -0.8836, -0.0123, -0.0219, 0.0131, 0.0000, 0.0000, 0.0000, 0.0000
2, 2.3900, 239, -0.6824, -0.9150, -0.6042, -35.9175, -18.9131, 133.0241, 0.0000, 0.0000, 0.0000, 0.0000, 0.0000, 0.0000, -0.8893, 0.3991, -0.2071, 0.0836, 0.2542, 0.2346, 0.0095, 0.0000, 0.0000, 0.0000, 0.0000
3, 2.4100, 241, -0.1665, -0.9888, 0.0331, -17.2201, 8.1311, 18.1496, 0.0000, 0.0000, 0.0000, 0.0000, 0.0000, 0.0000, 0.7015, -0.6998, 0.1350, 0.0064, -0.0127, 0.0051, -0.0161, 0.0000, 0.0000, 0.0000, 0.0000
2, 2.4000, 240, -0.8035, -1.0367, -0.6301, -33.4657, -14.5218, 150.2648, 0.0000, 0.0000, 0.0000, 0.0000, 0.0000, 0.0000, -0.8890, 0.3939, -0.2137, 0.0941, 0.3567, 0.3708, 0.0327, 0.0000, 0.0000, 0.0000, 0.0000
1, 2.4100, 241, 0.3221, -0.6082, -0.7302, -0.8316, 1.1422, -0.5148, 0.0000, 0.0000, 0.0000, 0.0000, 0.0000, 0.0000, 0.2748, 0.0658, -0.3732, -0.8836, -0.0007, -0.0153, 0.0175, 0.0000, 0.0000, 0.0000, 0.0000
3, 2.4200, 242, -0.1537, -0.9658, 0.0305, -17.5591, 11.1406, 19.2613, 0.0000, 0.0000, 0.0000, 0.0000, 0.0000, 0.0000, 0.7027, -0.6985, 0.1355, 0.0048, -0.0288, -0.0173, -0.0168, 0.0000, 0.0000, 0.0000, 0.0000
2, 2.4100, 241, -0.8903, -1.1266, -0.6339, -30.3220, -5.6447, 165.8260, 0.0000, 0.0000, 0.0000, 0.0000, 0.0000, 0.0000, -0.8885, 0.3884, -0.2200, 0.1062, 0.4241, 0.4768, 0.0336, 0.0000, 0.0000, 0.0000, 0.0000
1, 2.4200, 242, 0.3204, -0.6081, -0.7312, -0.8429, 1.5146, -1.2326, 0.0000, 0.0000, 0.0000, 0.0000, 0.0000, 0.0000, 0.2749, 0.0660, -0.3732, -0.8836, 0.0013, -0.0153, 0.0185, 0.0000, 0.0000, 0.0000, 0.0000
3, 2.4300, 243, -0.1231, -0.9516, 0.0333, -15.5771, 12.5256, 20.2473, 0.0000, 0.0000, 0.0000, 0.0000, 0.0000, 0.0000, 0.7038, -0.6973, 0.1359, 0.0030, -0.0628, -0.0310, -0.0227, 0.0000, 0.0000, 0.0000, 0.0000
3, 2.4400, 244, -0.1015, -0.9462, 0.0284, -13.6344, 12.4879, 21.0681, 0.0000, 0.0000, 0.0000, 0.0000, 0.0000, 0.0000, 0.7047, -0.6962, 0.1364, 0.0011, -0.0879, -0.0356, -0.0207, 0.0000, 0.0000, 0.0000, 0.0000
1, 2.4300, 243, 0.3338, -0.6013, -0.7283, -1.1208, 1.7764, -1.6696, 0.0000, 0.0000, 0.0000, 0.0000, 0.0000, 0.0000, 0.2749, 0.0662, -0.3732, -0.8836, -0.0117, -0.0219, 0.0156, 0.0000, 0.0000, 0.0000, 0.0000
2, 2.4200, 242, -0.9625, -1.1930, -0.6248, -23.0363, 5.4339, 174.4190, 0.0000, 0.0000, 0.0000, 0.0000, 0.0000, 0.0000, -0.8877, 0.3832, -0.2257, 0.1195, 0.4772, 0.5602, 0.0215, 0.0000, 0.0000, 0.0000, 0.0000
2, 2.4300, 243, -0.9976, -1.2827, -0.5659, -14.4401, 18.4432, 178.2808, 0.0000, 0.0000, 0.0000, 0.0000, 0.0000, 0.0000, -0.8865, 0.3783, -0.2303, 0.1336, 0.4944, 0.6670, -0.0405, 0.0000, 0.0000, 0.0000, 0.0000
3, 2.4500, 245, -0.0801, -0.9684, 0.0329, -11.0236, 11.8696, 21.8288, 0.0000, 0.0000, 0.0000, 0.0000, 0.0000, 0.0000, 0.7056, -0.6953, 0.1370, -0.0009, -0.1131, -0.0127, -0.0277, 0.0000, 0.0000, 0.0000, 0.0000
1, 2.4400, 244, 0.3498, -0.5966, -0.7301, -1.6658, 1.3210, -1.3860, 0.0000, 0.0000, 0.0000, 0.0000, 0.0000, 0.0000, 0.2750, 0.0669, -0.3728, -0.8837, -0.0271, -0.0261, 0.0173, 0.0000, 0.0000, 0.0000, 0.0000
2, 2.4400, 244, -1.0200, -1.3178, -0.4896, -5.1580, 31.3175, 178.2415, 0.0000, 0.0000, 0.0000, 0.0000, 0.0000, 0.0000, -0.8851, 0.3740, -0.2338, 0.1483, 0.5007, 0.7190, -0.1201, 0.0000, 0.0000, 0.0000, 0.0000
3, 2.4600, 246, -0.0807, -1.0134, 0.0611, -9.2133, 11.8085, 22.1246, 0.0000, 0.0000, 0.0000, 0.0000, 0.0000, 0.0000, 0.7062, -0.6945, 0.1376, -0.0028, -0.1163, 0.0330, -0.0580, 0.0000, 0.0000, 0.0000, 0.0000
1, 2.4500, 245, 0.3707, -0.6019, -0.7307, -1.2486, 0.4525, -0.4400, 0.0000, 0.0000, 0.0000, 0.0000, 0.0000, 0.0000, 0.2750, 0.0670, -0.3727, -0.8837, -0.0474, -0.0201, 0.0176, 0.0000, 0.0000, 0.0000, 0.0000
2, 2.4500, 245, -0.9024, -1.2562, -0.3112, 6.5275, 40.8892, 170.7643, 0.0000, 0.0000, 0.0000, 0.0000, 0.0000, 0.0000, -0.8835, 0.3704, -0.2361, 0.1629, 0.3692, 0.6732, -0.3018, 0.0000, 0.0000, 0.0000, 0.0000
3, 2.4700, 247, -0.0914, -1.0358, 0.0696, -10.0962, 12.2839, 22.3581, 0.0000, 0.0000, 0.0000, 0.0000, 0.0000, 0.0000, 0.7069, -0.6936, 0.1382, -0.0047, -0.1093, 0.0562, -0.0685, 0.0000, 0.0000, 0.0000, 0.0000
1, 2.4600, 246, 0.3581, -0.6023, -0.7286, -0.6937, -0.3324, 0.6797, 0.0000, 0.0000, 0.0000, 0.0000, 0.0000, 0.0000, 0.2749, 0.0669, -0.3727, -0.8838, -0.0348, -0.0197, 0.0154, 0.0000, 0.0000, 0.0000, 0.0000
2, 2.4600, 246, -0.7066, -1.0483, -0.2233, 33.1754, 41.1255, 142.2249, 0.0000, 0.0000, 0.0000, 0.0000, 0.0000, 0.0000, -0.8811, 0.3694, -0.2371, 0.1759, 0.1623, 0.4776, -0.3914, 0.0000, 0.0000, 0.0000, 0.0000
3, 2.4800, 248, -0.1154, -1.0401, 0.0552, -13.7619, 11.5455, 23.1693, 0.0000, 0.0000, 0.0000, 0.0000, 0.0000, 0.0000, 0.7079, -0.6925, 0.1389, -0.0067, -0.0890, 0.0612, -0.0565, 0.0000, 0.0000, 0.0000, 0.0000
1, 2.4700, 247, 0.3477, -0.6019, -0.7262, -0.1324, -1.2119, 1.3807, 0.0000, 0.0000, 0.0000, 0.0000, 0.0000, 0.0000, 0.2749, 0.0668, -0.3726, -0.8838, -0.0247, -0.0200, 0.0129, 0.0000, 0.0000, 0.0000, 0.0000
2, 2.4700, 247, -0.5846, -0.9591, -0.1830, 69.8116, 33.3162, 92.0303, 0.0000, 0.0000, 0.0000, 0.0000, 0.0000, 0.0000, -0.8781, 0.3723, -0.2364, 0.1855, 0.0331, 0.3931, -0.4297, 0.0000, 0.0000, 0.0000, 0.0000
3, 2.4900, 249, -0.1467, -1.0313, 0.0275, -19.4506, 10.1400, 24.6137, 0.0000, 0.0000, 0.0000, 0.0000, 0.0000, 0.0000, 0.7092, -0.6910, 0.1398, -0.0086, -0.0618, 0.0533, -0.0321, 0.0000, 0.0000, 0.0000, 0.0000
1, 2.4800, 248, 0.3415, -0.6033, -0.7281, -0.0767, -1.9691, 1.6638, 0.0000, 0.0000, 0.0000, 0.0000, 0.0000, 0.0000, 0.2748, 0.0666, -0.3726, -0.8839, -0.0188, -0.0187, 0.0147, 0.0000, 0.0000, 0.0000, 0.0000
2, 2.4800, 248, -4.0283, -3.2686, -0.4075, 109.2793, 128.8740, -9.5702, 0.0000, 0.0000, 0.0000, 0.0000, 0.0000, 0.0000, -0.8773, 0.3787, -0.2244, 0.1912, 3.4792, 2.6968, -0.2020, 0.0000, 0.0000, 0.0000, 0.0000
3, 2.5000, 250, -0.1815, -1.0138, -0.0047, -26.1407, 8.8510, 26.9566, 0.0000, 0.0000, 0.0000, 0.0000, 0.0000, 0.0000, 0.7108, -0.6890, 0.1409, -0.0105, -0.0314, 0.0368, -0.0042, 0.0000, 0.0000, 0.0000, 0.0000
1, 2.4900, 249, 0.3471, -0.6061, -0.7241, -0.3018, -2.6072, 1.8250, 0.0000, 0.0000, 0.0000, 0.0000, 0.0000, 0.0000, 0.2747, 0.0666, -0.3724, -0.8840, -0.0248, -0.0160, 0.0106, 0.0000, 0.0000, 0.0000, 0.0000
2, 2.4900, 249, 2.0311, -1.9103, -2.6340, -85.5266, 201.5558, -12.6506, 0.0000, 0.0000, 0.0000, 0.0000, 0.0000, 0.0000, -0.8841, 0.3690, -0.2099, 0.1953, -2.5522, 1.3340, 2.0045, 0.0000, 0.0000, 0.0000, 0.0000
3, 2.5100, 251, -0.1704, -1.0072, -0.0388, -32.9386, 7.0420, 29.2673, 0.0000, 0.0000, 0.0000, 0.0000, 0.0000, 0.0000, 0.7129, -0.6866, 0.1422, -0.0123, -0.0473, 0.0313, 0.0244, 0.0000, 0.0000, 0.0000, 0.0000
1, 2.5000, 250, 0.3549, -0.6110, -0.7318, -0.4718, -3.6222, 2.0577, 0.0000, 0.0000, 0.0000, 0.0000, 0.0000, 0.0000, 0.2747, 0.0663, -0.3723, -0.8840, -0.0330, -0.0109, 0.0179, 0.0000, 0.0000, 0.0000, 0.0000
2, 2.5000, 250, 0.3501, 0.9964, -2.0180, -76.0173, 94.7699, 23.8706, 0.0000, 0.0000, 0.0000, 0.0000, 0.0000, 0.0000, -0.8878, 0.3611, -0.2047, 0.1987, -0.8611, -1.5598, 1.3688, 0.0000, 0.0000, 0.0000, 0.0000
3, 2.5200, 252, -0.1082, -1.0254, 0.0236, -41.7178, 6.0113, 31.1709, 0.0000, 0.0000, 0.0000, 0.0000, 0.0000, 0.0000, 0.7154, -0.6837, 0.1437, -0.0140, -0.1147, 0.0508, -0.0447, 0.0000, 0.0000, 0.0000, 0.0000
1, 2.5100, 251, 0.3605, -0.6141, -0.7505, 0.3219, -4.3034, 2.3379, 0.0000, 0.0000, 0.0000, 0.0000, 0.0000, 0.0000, 0.2747, 0.0658, -0.3722, -0.8841, -0.0393, -0.0078, 0.0364, 0.0000, 0.0000, 0.0000, 0.0000
2, 2.5100, 251, -0.6927, -0.7107, -1.6494, -64.4868, 48.9787, -20.1249, 0.0000, 0.0000, 0.0000, 0.0000, 0.0000, 0.0000, -0.8911, 0.3556, -0.2014, 0.1976, 0.1919, 0.1548, 0.9859, 0.0000, 0.0000, 0.0000, 0.0000
2, 2.5200, 252, -1.1251, -0.5275, -0.4012, 4.4965, -5.1202, 18.0254, 0.0000, 0.0000, 0.0000, 0.0000, 0.0000, 0.0000, -0.8905, 0.3557, -0.2022, 0.1989, 0.6242, -0.0259, -0.2643, 0.0000, 0.0000, 0.0000, 0.0000
3, 2.5300, 253, -0.1178, -1.0800, 0.1878, -48.7074, 3.6583, 31.0733, 0.0000, 0.0000, 0.0000, 0.0000, 0.0000, 0.0000, 0.7183, -0.6802, 0.1454, -0.0156, -0.1103, 0.1068, -0.2169, 0.0000, 0.0000, 0.0000, 0.0000
1, 2.5200, 252, 0.3881, -0.6192, -0.7526, 2.3728, -4.9849, 3.3122, 0.0000, 0.0000, 0.0000, 0.0000, 0.0000, 0.0000, 0.2746, 0.0653, -0.3723, -0.8841, -0.0679, -0.0031, 0.0383, 0.0000, 0.0000, 0.0000, 0.0000
3, 2.5400, 254, -0.1895, -1.1624, 0.2943, -51.5625, -4.8698, 27.5435, 0.0000, 0.0000, 0.0000, 0.0000, 0.0000, 0.0000, 0.7212, -0.6767, 0.1474, -0.0163, -0.0436, 0.1907, -0.3320, 0.0000, 0.0000, 0.0000, 0.0000
2, 2.5300, 253, -0.0748, -0.6856, -1.1501, 2.2005, -18.4212, 3.3259, 0.0000, 0.0000, 0.0000, 0.0000, 0.0000, 0.0000, -0.8901, 0.3561, -0.2037, 0.1986, -0.4283, 0.1327, 0.4859, 0.0000, 0.0000, 0.0000, 0.0000
1, 2.5300, 253, 0.3743, -0.6261, -0.7657, 5.1124, -5.2303, 5.1201, 0.0000, 0.0000, 0.0000, 0.0000, 0.0000, 0.0000, 0.2744, 0.0646, -0.3726, -0.8841, -0.0551, 0.0030, 0.0516, 0.0000, 0.0000, 0.0000, 0.0000
2, 2.5400, 254, -0.5836, -0.5337, -0.6045, 15.3929, -25.5972, 7.9003, 0.0000, 0.0000, 0.0000, 0.0000, 0.0000, 0.0000, -0.8889, 0.3578, -0.2057, 0.1987, 0.0772, -0.0202, -0.0563, 0.0000, 0.0000, 0.0000, 0.0000
3, 2.5500, 255, -0.2263, -1.1476, 0.1930, -45.3469, -21.7687, 17.7755, 0.0000, 0.0000, 0.0000, 0.0000, 0.0000, 0.0000, 0.7236, -0.6736, 0.1499, -0.0156, -0.0106, 0.1771, -0.2384, 0.0000, 0.0000, 0.0000, 0.0000
1, 2.5400, 254, 0.3446, -0.6285, -0.7982, 9.5712, -4.6849, 6.7259, 0.0000, 0.0000, 0.0000, 0.0000, 0.0000, 0.0000, 0.2741, 0.0638, -0.3732, -0.8840, -0.0267, 0.0042, 0.0846, 0.0000, 0.0000, 0.0000, 0.0000
3, 2.5600, 256, -0.2537, -1.1081, 0.0807, -20.8155, -28.8054, 3.2801, 0.0000, 0.0000, 0.0000, 0.0000, 0.0000, 0.0000, 0.7244, -0.6723, 0.1519, -0.0138, 0.0150, 0.1383, -0.1301, 0.0000, 0.0000, 0.0000, 0.0000
2, 2.5500, 255, -0.5262, -0.6144, -0.4923, 4.3768, -23.9286, 10.8100, 0.0000, 0.0000, 0.0000, 0.0000, 0.0000, 0.0000, -0.8881, 0.3584, -0.2079, 0.1989, 0.0158, 0.0602, -0.1652, 0.0000, 0.0000, 0.0000, 0.0000
1, 2.5500, 255, 0.3427, -0.6336, -0.8130, 17.6046, -1.8190, 7.8012, 0.0000, 0.0000, 0.0000, 0.0000, 0.0000, 0.0000, 0.2737, 0.0630, -0.3746, -0.8836, -0.0260, 0.0071, 0.1008, 0.0000, 0.0000, 0.0000, 0.0000
2, 2.5600, 256, -0.5640, -0.4477, -0.4600, -3.0985, -13.4966, 11.2567, 0.0000, 0.0000, 0.0000, 0.0000, 0.0000, 0.0000, -0.8878, 0.3582, -0.2093, 0.1993, 0.0504, -0.1055, -0.1960, 0.0000, 0.0000, 0.0000, 0.0000
1, 2.5600, 256, 0.2956, -0.6548, -0.8147, 27.9018, 2.1713, 8.5137, 0.0000, 0.0000, 0.0000, 0.0000, 0.0000, 0.0000, 0.2731, 0.0622, -0.3768, -0.8829, 0.0203, 0.0249, 0.1051, 0.0000, 0.0000, 0.0000, 0.0000
3, 2.5700, 257, -0.3358, -1.0521, 0.1322, -0.6208, -19.7014, -7.6087, 0.0000, 0.0000, 0.0000, 0.0000, 0.0000, 0.0000, 0.7239, -0.6726, 0.1528, -0.0124, 0.0976, 0.0821, -0.1816, 0.0000, 0.0000, 0.0000, 0.0000
1, 2.5700, 257, 0.3186, -0.6214, -0.7821, 32.8935, 5.0846, 8.1498, 0.0000, 0.0000, 0.0000, 0.0000, 0.0000, 0.0000, 0.2725, 0.0615, -0.3795, -0.8820, -0.0032, -0.0129, 0.0763, 0.0000, 0.0000, 0.0000, 0.0000
3, 2.5800, 258, -0.3998, -0.9598, 0.1791, 6.1213, -7.1069, -10.9018, 0.0000, 0.0000, 0.0000, 0.0000, 0.0000, 0.0000, 0.7235, -0.6732, 0.1526, -0.0114, 0.1629, -0.0105, -0.2267, 0.0000, 0.0000, 0.0000, 0.0000
2, 2.5700, 257, -0.6103, -0.6549, -0.4560, -13.0752, -4.5391, 8.8917, 0.0000, 0.0000, 0.0000, 0.0000, 0.0000, 0.0000, -0.8880, 0.3571, -0.2102, 0.1996, 0.0950, 0.1038, -0.2002, 0.0000, 0.0000, 0.0000, 0.0000
1, 2.5800, 258, 0.3437, -0.6376, -0.7878, 35.5660, 4.3834, 8.6854, 0.0000, 0.0000, 0.0000, 0.0000, 0.0000, 0.0000, 0.2718, 0.0607, -0.3824, -0.8810, -0.0285, -0.0014, 0.0861, 0.0000, 0.0000, 0.0000, 0.0000
2, 2.5800, 258, -0.5179, -0.6059, -0.5750, -17.4994, 4.9797, 8.3984, 0.0000, 0.0000, 0.0000, 0.0000, 0.0000, 0.0000, -0.8885, 0.3555, -0.2104, 0.2001, 0.0019, 0.0574, -0.0829, 0.0000, 0.0000, 0.0000, 0.0000
3, 2.5900, 259, -0.4373, -0.8817, 0.1321, 5.7602, 6.2139, -8.6906, 0.0000, 0.0000, 0.0000, 0.0000, 0.0000, 0.0000, 0.7232, -0.6736, 0.1517, -0.0113, 0.2021, -0.0891, -0.1787, 0.0000, 0.0000, 0.0000, 0.0000
1, 2.5900, 259, 0.3852, -0.6071, -0.7794, 36.6056, 0.3004, 9.9424, 0.0000, 0.0000, 0.0000, 0.0000, 0.0000, 0.0000, 0.2713, 0.0596, -0.3852, -0.8800, -0.0708, -0.0368, 0.0819, 0.0000, 0.0000, 0.0000, 0.0000
3, 2.6000, 260, -0.4455, -0.8136, 0.1067, 0.5495, 22.5555, -2.2809, 0.0000, 0.0000, 0.0000, 0.0000, 0.0000, 0.0000, 0.7235, -0.6737, 0.1502, -0.0125, 0.2113, -0.1574, -0.1535, 0.0000, 0.0000, 0.0000, 0.0000
2, 2.5900, 259, -0.5928, -0.5513, -0.5758, -17.2345, 9.4324, 6.5294, 0.0000, 0.0000, 0.0000, 0.0000, 0.0000, 0.0000, -0.8890, 0.3539, -0.2102, 0.2006, 0.0770, 0.0054, -0.0845, 0.0000, 0.0000, 0.0000, 0.0000
1, 2.6000, 260, 0.4454, -0.6110, -0.7799, 35.1939, -2.2489, 11.9860, 0.0000, 0.0000, 0.0000, 0.0000, 0.0000, 0.0000, 0.2706, 0.0582, -0.3880, -0.8791, -0.1325, -0.0378, 0.0863, 0.0000, 0.0000, 0.0000, 0.0000
2, 2.6000, 260, -0.4914, -0.5640, -0.6695, -17.2675, 9.8492, 5.3250, 0.0000, 0.0000, 0.0000, 0.0000, 0.0000, 0.0000, -0.8896, 0.3523, -0.2099, 0.2010, -0.0239, 0.0206, 0.0067, 0.0000, 0.0000, 0.0000, 0.0000
3, 2.6100, 261, -0.4648, -0.7660, 0.1125, -2.1223, 38.9529, 5.1637, 0.0000, 0.0000, 0.0000, 0.0000, 0.0000, 0.0000, 0.7241, -0.6734, 0.1480, -0.0151, 0.2304, -0.2049, -0.1608, 0.0000, 0.0000, 0.0000, 0.0000
1, 2.6100, 261, 0.4715, -0.6502, -0.7740, 35.4340, -1.2488, 14.4249, 0.0000, 0.0000, 0.0000, 0.0000, 0.0000, 0.0000, 0.2697, 0.0568, -0.3907, -0.8783, -0.1603, -0.0035, 0.0843, 0.0000, 0.0000, 0.0000, 0.0000
2, 2.6100, 261, -0.4740, -0.5628, -0.7241, -13.0989, 6.6792, 6.7768, 0.0000, 0.0000, 0.0000, 0.0000, 0.0000, 0.0000, -0.8900, 0.3511, -0.2098, 0.2015, -0.0409, 0.0216, 0.0592, 0.0000, 0.0000, 0.0000, 0.0000
3, 2.6200, 262, -0.5073, -0.7271, 0.1232, -1.3496, 51.7355, 12.1917, 0.0000, 0.0000, 0.0000, 0.0000, 0.0000, 0.0000, 0.7247, -0.6732, 0.1456, -0.0192, 0.2716, -0.2434, -0.1738, 0.0000, 0.0000, 0.0000, 0.0000
2, 2.6200, 262, -0.4718, -0.5593, -0.7463, -8.6872, 0.9743, 8.1641, 0.0000, 0.0000, 0.0000, 0.0000, 0.0000, 0.0000, -0.8902, 0.3502, -0.2101, 0.2020, -0.0435, 0.0200, 0.0801, 0.0000, 0.0000, 0.0000, 0.0000
1, 2.6200, 262, 0.4060, -0.7029, -0.8811, 38.0515, 1.7288, 16.6535, 0.0000, 0.0000, 0.0000, 0.0000, 0.0000, 0.0000, 0.2686, 0.0555, -0.3938, -0.8774, -0.0966, 0.0438, 0.1956, 0.0000, 0.0000, 0.0000, 0.0000
3, 2.6300, 263, -0.5324, -0.7115, 0.0779, 5.0597, 58.7525, 19.9200, 0.0000, 0.0000, 0.0000, 0.0000, 0.0000, 0.0000, 0.7251, -0.6732, 0.1430, -0.0240, 0.2939, -0.2582, -0.1302, 0.0000, 0.0000, 0.0000, 0.0000
1, 2.6300, 263, 0.3051, -0.7081, -0.8782, 39.6390, 11.4565, 20.4232, 0.0000, 0.0000, 0.0000, 0.0000, 0.0000, 0.0000, 0.2668, 0.0547, -0.3972, -0.8764, 0.0029, 0.0433, 0.1976, 0.0000, 0.0000, 0.0000, 0.0000
3, 2.6400, 264, -0.5450, -0.7528, 0.0099, 16.9124, 59.5770, 27.1271, 0.0000, 0.0000, 0.0000, 0.0000, 0.0000, 0.0000, 0.7248, -0.6737, 0.1408, -0.0294, 0.3029, -0.2160, -0.0627, 0.0000, 0.0000, 0.0000, 0.0000
1, 2.6400, 264, 0.5393, -1.3372, -1.1923, 41.8738, 27.6278, 32.0688, 0.0000, 0.0000, 0.0000, 0.0000, 0.0000, 0.0000, 0.2636, 0.0547, -0.4012, -0.8756, -0.2315, 0.6662, 0.5178, 0.0000, 0.0000, 0.0000, 0.0000
3, 2.6500, 265, -0.5243, -0.8385, -0.0316, 26.9740, 59.2384, 32.5274, 0.0000, 0.0000, 0.0000, 0.0000, 0.0000, 0.0000, 0.7239, -0.6749, 0.1389, -0.0353, 0.2775, -0.1292, -0.0197, 0.0000, 0.0000, 0.0000, 0.0000
2, 2.6300, 263, -0.4795, -0.5665, -0.7275, -4.4232, -4.1466, 9.2679, 0.0000, 0.0000, 0.0000, 0.0000, 0.0000, 0.0000, -0.8901, 0.3498, -0.2108, 0.2025, -0.0369, 0.0287, 0.0611, 0.0000, 0.0000, 0.0000, 0.0000
1, 2.6500, 265, 0.8555, -1.9097, -1.1656, 27.0511, 32.7902, 41.5416, 0.0000, 0.0000, 0.0000, 0.0000, 0.0000, 0.0000, 0.2594, 0.0552, -0.4042, -0.8754, -0.5487, 1.2325, 0.4968, 0.0000, 0.0000, 0.0000, 0.0000
3, 2.6600, 266, -0.4707, -0.9527, -0.0462, 31.0407, 61.7047, 36.7206, 0.0000, 0.0000, 0.0000, 0.0000, 0.0000, 0.0000, 0.7227, -0.6762, 0.1371, -0.0416, 0.2185, -0.0137, -0.0027, 0.0000, 0.0000, 0.0000, 0.0000
2, 2.6400, 264, -0.5314, -0.5584, -0.6927, -0.8759, -7.3439, 10.1917, 0.0000, 0.0000, 0.0000, 0.0000, 0.0000, 0.0000, -0.8898, 0.3497, -0.2117, 0.2031, 0.0134, 0.0218, 0.0266, 0.0000, 0.0000, 0.0000, 0.0000
1, 2.6600, 266, 0.8204, -1.5672, -1.1382, -2.1469, 13.4403, 54.5240, 0.0000, 0.0000, 0.0000, 0.0000, 0.0000, 0.0000, 0.2547, 0.0543, -0.4046, -0.8766, -0.5169, 0.8863, 0.4716, 0.0000, 0.0000, 0.0000, 0.0000
3, 2.6700, 267, -0.4425, -1.0612, -0.0450, 31.4304, 64.5025, 38.4689, 0.0000, 0.0000, 0.0000, 0.0000, 0.0000, 0.0000, 0.7214, -0.6775, 0.1352, -0.0482, 0.1845, 0.0962, -0.0014, 0.0000, 0.0000, 0.0000, 0.0000
2, 2.6500, 265, -0.5529, -0.5617, -0.6765, 1.3709, -9.4956, 8.7507, 0.0000, 0.0000, 0.0000, 0.0000, 0.0000, 0.0000, -0.8894, 0.3498, -0.2127, 0.2035, 0.0330, 0.0258, 0.0112, 0.0000, 0.0000, 0.0000, 0.0000
1, 2.6700, 267, 0.6174, -1.0910, -1.0808, -21.8564, -2.1196, 65.6731, 0.0000, 0.0000, 0.0000, 0.0000, 0.0000, 0.0000, 0.2497, 0.0523, -0.4032, -0.8789, -0.3210, 0.4088, 0.4124, 0.0000, 0.0000, 0.0000, 0.0000
3, 2.6800, 268, -0.4017, -1.1621, -0.0677, 28.2692, 67.8931, 37.6844, 0.0000, 0.0000, 0.0000, 0.0000, 0.0000, 0.0000, 0.7204, -0.6785, 0.1330, -0.0549, 0.1376, 0.1986, 0.0233, 0.0000, 0.0000, 0.0000, 0.0000
2, 2.6600, 266, -0.5583, -0.5591, -0.6515, 4.3936, -10.6661, 7.0768, 0.0000, 0.0000, 0.0000, 0.0000, 0.0000, 0.0000, -0.8889, 0.3502, -0.2137, 0.2038, 0.0364, 0.0236, -0.0125, 0.0000, 0.0000, 0.0000, 0.0000
1, 2.6800, 268, 0.3633, -0.8197, -0.9433, -16.0593, 1.4586, 82.3472, 0.0000, 0.0000, 0.0000, 0.0000, 0.0000, 0.0000, 0.2432, 0.0499, -0.4023, -0.8812, -0.0760, 0.1360, 0.2725, 0.0000, 0.0000, 0.0000, 0.0000
1, 2.6900, 269, 0.3330, -0.8034, -0.8810, 0.3497, 15.9312, 99.2437, 0.0000, 0.0000, 0.0000, 0.0000, 0.0000, 0.0000, 0.2350, 0.0476, -0.4031, -0.8832, -0.0556, 0.1158, 0.2100, 0.0000, 0.0000, 0.0000, 0.0000
2, 2.6700, 267, -0.5639, -0.5520, -0.6361, 6.0880, -9.5968, 5.3761, 0.0000, 0.0000, 0.0000, 0.0000, 0.0000, 0.0000, -0.8885, 0.3507, -0.2145, 0.2040, 0.0403, 0.0164, -0.0264, 0.0000, 0.0000, 0.0000, 0.0000
3, 2.6900, 269, -0.3688, -1.2208, -0.1062, 22.1873, 70.1317, 35.1879, 0.0000, 0.0000, 0.0000, 0.0000, 0.0000, 0.0000, 0.7197, -0.6791, 0.1306, -0.0616, 0.0992, 0.2588, 0.0626, 0.0000, 0.0000, 0.0000, 0.0000
2, 2.6800, 268, -0.5530, -0.5483, -0.6373, 5.9707, -7.5789, 3.3334, 0.0000, 0.0000, 0.0000, 0.0000, 0.0000, 0.0000, -0.8881, 0.3513, -0.2150, 0.2041, 0.0280, 0.0124, -0.0239, 0.0000, 0.0000, 0.0000, 0.0000
3, 2.7000, 270, -0.3229, -1.2599, -0.1309, 16.2695, 70.1628, 30.6645, 0.0000, 0.0000, 0.0000, 0.0000, 0.0000, 0.0000, 0.7193, -0.6794, 0.1279, -0.0678, 0.0484, 0.2994, 0.0872, 0.0000, 0.0000, 0.0000, 0.0000
2, 2.6900, 269, -0.5376, -0.5501, -0.6382, 5.7273, -5.8319, 1.9838, 0.0000, 0.0000, 0.0000, 0.0000, 0.0000, 0.0000, -0.8877, 0.3519, -0.2155, 0.2042, 0.0117, 0.0137, -0.0218, 0.0000, 0.0000, 0.0000, 0.0000
1, 2.7000, 270, 0.4577, -0.8854, -0.8730, 10.8319, 23.6266, 111.3577, 0.0000, 0.0000, 0.0000, 0.0000, 0.0000, 0.0000, 0.2257, 0.0453, -0.4049, -0.8849, -0.1907, 0.1917, 0.2039, 0.0000, 0.0000, 0.0000, 0.0000
3, 2.7100, 271, -0.2549, -1.2105, -0.1374, 6.5118, 70.0824, 27.0163, 0.0000, 0.0000, 0.0000, 0.0000, 0.0000, 0.0000, 0.7196, -0.6791, 0.1250, -0.0738, -0.0238, 0.2511, 0.0920, 0.0000, 0.0000, 0.0000, 0.0000
1, 2.7100, 271, 0.5134, -0.9309, -0.8794, 12.3856, 20.5108, 116.9564, 0.0000, 0.0000, 0.0000, 0.0000, 0.0000, 0.0000, 0.2159, 0.0425, -0.4067, -0.8867, -0.2579, 0.2306, 0.2129, 0.0000, 0.0000, 0.0000, 0.0000
2, 2.7000, 270, -0.5362, -0.5416, -0.6401, 5.0036, -4.5069, 1.1051, 0.0000, 0.0000, 0.0000, 0.0000, 0.0000, 0.0000, -0.8875, 0.3523, -0.2158, 0.2043, 0.0095, 0.0047, -0.0188, 0.0000, 0.0000, 0.0000, 0.0000
3, 2.7200, 272, -0.2364, -1.1306, -0.1296, -3.1868, 69.7240, 26.0953, 0.0000, 0.0000, 0.0000, 0.0000, 0.0000, 0.0000, 0.7204, -0.6781, 0.1222, -0.0795, -0.0461, 0.1726, 0.0809, 0.0000, 0.0000, 0.0000, 0.0000
3, 2.7300, 273, -0.2629, -1.0170, -0.1126, -13.4614, 66.7092, 26.2004, 0.0000, 0.0000, 0.0000, 0.0000, 0.0000, 0.0000, 0.7217, -0.6765, 0.1197, -0.0849, -0.0233, 0.0604, 0.0588, 0.0000, 0.0000, 0.0000, 0.0000
1, 2.7200, 272, 0.4673, -0.8999, -0.8598, 11.4299, 15.3111, 115.5715, 0.0000, 0.0000, 0.0000, 0.0000, 0.0000, 0.0000, 0.2065, 0.0394, -0.4082, -0.8883, -0.2241, 0.1931, 0.1954, 0.0000, 0.0000, 0.0000, 0.0000
2, 2.7100, 271, -0.5146, -0.5511, -0.6545, 4.5158, -3.6276, 0.4435, 0.0000, 0.0000, 0.0000, 0.0000, 0.0000, 0.0000, -0.8872, 0.3527, -0.2160, 0.2043, -0.0126, 0.0137, -0.0036, 0.0000, 0.0000, 0.0000, 0.0000
3, 2.7400, 274, -0.2943, -0.9266, -0.0931, -14.9268, 64.1084, 26.6594, 0.0000, 0.0000, 0.0000, 0.0000, 0.0000, 0.0000, 0.7230, -0.6748, 0.1173, -0.0902, 0.0044, -0.0285, 0.0335, 0.0000, 0.0000, 0.0000, 0.0000
2, 2.7200, 272, -0.5086, -0.5596, -0.6536, 4.7853, -3.9207, 0.6969, 0.0000, 0.0000, 0.0000, 0.0000, 0.0000, 0.0000, -0.8870, 0.3531, -0.2162, 0.2043, -0.0191, 0.0217, -0.0037, 0.0000, 0.0000, 0.0000, 0.0000
1, 2.7300, 273, 0.4056, -0.7883, -0.8301, 14.0452, 14.1394, 110.1373, 0.0000, 0.0000, 0.0000, 0.0000, 0.0000, 0.0000, 0.1975, 0.0363, -0.4099, -0.8897, -0.1747, 0.0755, 0.1679, 0.0000, 0.0000, 0.0000, 0.0000
3, 2.7500, 275, -0.2943, -0.8788, -0.1130, -11.0626, 59.6151, 28.3135, 0.0000, 0.0000, 0.0000, 0.0000, 0.0000, 0.0000, 0.7240, -0.6733, 0.1153, -0.0954, 0.0005, -0.0748, 0.0481, 0.0000, 0.0000, 0.0000, 0.0000
1, 2.7400, 274, 0.3788, -0.7429, -0.7986, 19.6220, 15.5011, 102.5145, 0.0000, 0.0000, 0.0000, 0.0000, 0.0000, 0.0000, 0.1890, 0.0335, -0.4120, -0.8907, -0.1593, 0.0239, 0.1392, 0.0000, 0.0000, 0.0000, 0.0000
2, 2.7300, 273, -0.5051, -0.5618, -0.6593, 4.8515, -3.9918, 1.6760, 0.0000, 0.0000, 0.0000, 0.0000, 0.0000, 0.0000, -0.8868, 0.3536, -0.2165, 0.2044, -0.0232, 0.0234, 0.0028, 0.0000, 0.0000, 0.0000, 0.0000
3, 2.7600, 276, -0.2910, -0.8781, -0.1359, -6.4842, 53.3246, 28.9033, 0.0000, 0.0000, 0.0000, 0.0000, 0.0000, 0.0000, 0.7247, -0.6722, 0.1137, -0.1003, -0.0070, -0.0739, 0.0667, 0.0000, 0.0000, 0.0000, 0.0000
1, 2.7500, 275, 0.3584, -0.6897, -0.7673, 25.2171, 12.9484, 94.8068, 0.0000, 0.0000, 0.0000, 0.0000, 0.0000, 0.0000, 0.1813, 0.0307, -0.4145, -0.8913, -0.1495, -0.0356, 0.1113, 0.0000, 0.0000, 0.0000, 0.0000
2, 2.7400, 274, -0.5135, -0.5517, -0.6618, 5.8044, -4.8471, 2.1622, 0.0000, 0.0000, 0.0000, 0.0000, 0.0000, 0.0000, -0.8865, 0.3540, -0.2168, 0.2045, -0.0155, 0.0129, 0.0062, 0.0000, 0.0000, 0.0000, 0.0000
3, 2.7700, 277, -0.2585, -0.8797, -0.1419, -4.5471, 48.2487, 27.5577, 0.0000, 0.0000, 0.0000, 0.0000, 0.0000, 0.0000, 0.7252, -0.6712, 0.1123, -0.1048, -0.0435, -0.0708, 0.0693, 0.0000, 0.0000, 0.0000, 0.0000
2, 2.7500, 275, -0.5308, -0.5474, -0.6496, 7.2508, -6.4016, 2.0369, 0.0000, 0.0000, 0.0000, 0.0000, 0.0000, 0.0000, -0.8861, 0.3547, -0.2172, 0.2046, 0.0011, 0.0080, -0.0050, 0.0000, 0.0000, 0.0000, 0.0000
1, 2.7600, 276, 0.3027, -0.6012, -0.7291, 30.0126, 8.1404, 86.5544, 0.0000, 0.0000, 0.0000, 0.0000, 0.0000, 0.0000, 0.1743, 0.0277, -0.4171, -0.8915, -0.1041, -0.1305, 0.0771, 0.0000, 0.0000, 0.0000, 0.0000
3, 2.7800, 278, -0.2338, -0.9104, -0.1459, -3.5483, 44.0293, 25.6391, 0.0000, 0.0000, 0.0000, 0.0000, 0.0000, 0.0000, 0.7256, -0.6703, 0.1110, -0.1089, -0.0720, -0.0387, 0.0701, 0.0000, 0.0000, 0.0000, 0.0000
1, 2.7700, 277, 0.2174, -0.5207, -0.6814, 33.3568, 4.1088, 77.1505, 0.0000, 0.0000, 0.0000, 0.0000, 0.0000, 0.0000, 0.1682, 0.0247, -0.4200, -0.8915, -0.0286, -0.2174, 0.0337, 0.0000, 0.0000, 0.0000, 0.0000
1, 2.7800, 278, 0.1417, -0.4299, -0.6127, 35.2605, 2.3775, 67.4082, 0.0000, 0.0000, 0.0000, 0.0000, 0.0000, 0.0000, 0.1630, 0.0219, -0.4229, -0.8911, 0.0383, -0.3144, -0.0305, 0.0000, 0.0000, 0.0000, 0.0000
2, 2.7600, 276, -0.5133, -0.5704, -0.6698, 8.2313, -7.5052, 1.3724, 0.0000, 0.0000, 0.0000, 0.0000, 0.0000, 0.0000, -0.8857, 0.3554, -0.2177, 0.2046, -0.0173, 0.0302, 0.0166, 0.0000, 0.0000, 0.0000, 0.0000
3, 2.7900, 279, -0.2131, -0.9265, -0.1544, -2.0046, 42.2438, 23.4467, 0.0000, 0.0000, 0.0000, 0.0000, 0.0000, 0.0000, 0.7259, -0.6695, 0.1097, -0.1129, -0.0961, -0.0212, 0.0759, 0.0000, 0.0000, 0.0000, 0.0000
1, 2.7900, 279, 0.0818, -0.3471, -0.5357, 36.3975, 2.0975, 60.1235, 0.0000, 0.0000, 0.0000, 0.0000, 0.0000, 0.0000, 0.1583, 0.0193, -0.4258, -0.8907, 0.0903, -0.4031, -0.1027, 0.0000, 0.0000, 0.0000, 0.0000
3, 2.8000, 280, -0.1961, -0.9247, -0.1625, -2.1898, 40.1994, 21.2758, 0.0000, 0.0000, 0.0000, 0.0000, 0.0000, 0.0000, 0.7262, -0.6688, 0.1084, -0.1166, -0.1163, -0.0218, 0.0815, 0.0000, 0.0000, 0.0000, 0.0000
2, 2.7700, 277, -0.5087, -0.5625, -0.6430, 11.2979, -11.0200, 2.6626, 0.0000, 0.0000, 0.0000, 0.0000, 0.0000, 0.0000, -0.8851, 0.3564, -0.2184, 0.2047, -0.0233, 0.0214, -0.0082, 0.0000, 0.0000, 0.0000, 0.0000
1, 2.8000, 280, 0.0407, -0.2716, -0.4828, 36.0025, 2.1128, 55.4272, 0.0000, 0.0000, 0.0000, 0.0000, 0.0000, 0.0000, 0.1540, 0.0169, -0.4287, -0.8901, 0.1241, -0.4842, -0.1509, 0.0000, 0.0000, 0.0000, 0.0000
3, 2.8100, 281, -0.1988, -0.8989, -0.1566, -6.9764, 36.3529, 19.7056, 0.0000, 0.0000, 0.0000, 0.0000, 0.0000, 0.0000, 0.7268, -0.6678, 0.1074, -0.1199, -0.1163, -0.0464, 0.0727, 0.0000, 0.0000, 0.0000, 0.0000
2, 2.7800, 278, -0.5296, -0.5542, -0.6170, 10.8986, -10.5681, 2.9108, 0.0000, 0.0000, 0.0000, 0.0000, 0.0000, 0.0000, -0.8845, 0.3574, -0.2191, 0.2048, -0.0039, 0.0121, -0.0322, 0.0000, 0.0000, 0.0000, 0.0000
1, 2.8100, 281, 0.0249, -0.2246, -0.4369, 34.3146, 1.4441, 51.8564, 0.0000, 0.0000, 0.0000, 0.0000, 0.0000, 0.0000, 0.1499, 0.0146, -0.4315, -0.8895, 0.1331, -0.5366, -0.1920, 0.0000, 0.0000, 0.0000, 0.0000
3, 2.8200, 282, -0.2024, -0.8733, -0.1525, -11.7107, 31.1706, 18.8437, 0.0000, 0.0000, 0.0000, 0.0000, 0.0000, 0.0000, 0.7276, -0.6665, 0.1066, -0.1227, -0.1154, -0.0708, 0.0650, 0.0000, 0.0000, 0.0000, 0.0000
2, 2.7900, 279, -0.5145, -0.5504, -0.6058, 8.6705, -9.2887, 2.9034, 0.0000, 0.0000, 0.0000, 0.0000, 0.0000, 0.0000, -0.8839, 0.3583, -0.2198, 0.2049, -0.0204, 0.0074, -0.0416, 0.0000, 0.0000, 0.0000, 0.0000
1, 2.8200, 282, 0.0151, -0.1932, -0.3922, 30.1582, 0.9740, 47.2979, 0.0000, 0.0000, 0.0000, 0.0000, 0.0000, 0.0000, 0.1463, 0.0125, -0.4339, -0.8889, 0.1364, -0.5729, -0.2325, 0.0000, 0.0000, 0.0000, 0.0000
3, 2.8300, 283, -0.2068, -0.8423, -0.1513, -14.8242, 25.0147, 18.8236, 0.0000, 0.0000, 0.0000, 0.0000, 0.0000, 0.0000, 0.7285, -0.6651, 0.1062, -0.1252, -0.1134, -0.1006, 0.0599, 0.0000, 0.0000, 0.0000, 0.0000
2, 2.8000, 280, -0.5283, -0.5423, -0.6079, 6.5838, -6.5002, 3.2693, 0.0000, 0.0000, 0.0000, 0.0000, 0.0000, 0.0000, -0.8836, 0.3588, -0.2203, 0.2051, -0.0077, -0.0013, -0.0380, 0.0000, 0.0000, 0.0000, 0.0000
1, 2.8300, 283, 0.0150, -0.1600, -0.3424, 25.2781, 0.4044, 40.3498, 0.0000, 0.0000, 0.0000, 0.0000, 0.0000, 0.0000, 0.1432, 0.0107, -0.4359, -0.8885, 0.1307, -0.6101, -0.2786, 0.0000, 0.0000, 0.0000, 0.0000
3, 2.8400, 284, -0.2210, -0.8279, -0.1539, -17.2338, 19.6108, 19.0839, 0.0000, 0.0000, 0.0000, 0.0000, 0.0000, 0.0000, 0.7295, -0.6636, 0.1063, -0.1274, -0.1021, -0.1137, 0.0587, 0.0000, 0.0000, 0.0000, 0.0000
2, 2.8100, 281, -0.5509, -0.5368, -0.6032, 4.4298, -3.3965, 2.3946, 0.0000, 0.0000, 0.0000, 0.0000, 0.0000, 0.0000, -0.8833, 0.3592, -0.2205, 0.2052, 0.0141, -0.0072, -0.0417, 0.0000, 0.0000, 0.0000, 0.0000
1, 2.8400, 284, 0.0179, -0.1147, -0.2865, 21.3088, -0.7961, 30.1362, 0.0000, 0.0000, 0.0000, 0.0000, 0.0000, 0.0000, 0.1409, 0.0092, -0.4375, -0.8881, 0.1233, -0.6587, -0.3315, 0.0000, 0.0000, 0.0000, 0.0000
3, 2.8500, 285, -0.2507, -0.8445, -0.1643, -17.2979, 15.0489, 18.4509, 0.0000, 0.0000, 0.0000, 0.0000, 0.0000, 0.0000, 0.7304, -0.6621, 0.1066, -0.1293, -0.0752, -0.0957, 0.0653, 0.0000, 0.0000, 0.0000, 0.0000
2, 2.8200, 282, -0.5463, -0.5452, -0.6026, 1.1228, -0.6290, 0.9204, 0.0000, 0.0000, 0.0000, 0.0000, 0.0000, 0.0000, -0.8832, 0.3593, -0.2206, 0.2053, 0.0091, 0.0011, -0.0420, 0.0000, 0.0000, 0.0000, 0.0000
1, 2.8500, 285, 0.0135, -0.0748, -0.2337, 19.5787, -2.2795, 17.0522, 0.0000, 0.0000, 0.0000, 0.0000, 0.0000, 0.0000, 0.1397, 0.0082, -0.4390, -0.8875, 0.1244, -0.7012, -0.3817, 0.0000, 0.0000, 0.0000, 0.0000
3, 2.8600, 286, -0.2752, -0.8699, -0.1852, -15.8426, 11.4796, 16.8288, 0.0000, 0.0000, 0.0000, 0.0000, 0.0000, 0.0000, 0.7312, -0.6608, 0.1070, -0.1309, -0.0533, -0.0690, 0.0827, 0.0000, 0.0000, 0.0000, 0.0000
2, 2.8300, 283, -0.5376, -0.5463, -0.6106, -1.2986, 2.5980, -0.2427, 0.0000, 0.0000, 0.0000, 0.0000, 0.0000, 0.0000, -0.8833, 0.3591, -0.2204, 0.2053, 0.0005, 0.0023, -0.0341, 0.0000, 0.0000, 0.0000, 0.0000
2, 2.8400, 284, -0.5567, -0.5417, -0.6156, -3.2484, 5.2351, -1.5469, 0.0000, 0.0000, 0.0000, 0.0000, 0.0000, 0.0000, -0.8835, 0.3589, -0.2201, 0.2054, 0.0202, -0.0021, -0.0297, 0.0000, 0.0000, 0.0000, 0.0000
2, 2.8500, 285, -0.5495, -0.5492, -0.6237, -5.0856, 7.5555, -3.1441, 0.0000, 0.0000, 0.0000, 0.0000, 0.0000, 0.0000, -0.8839, 0.3584, -0.2195, 0.2053, 0.0139, 0.0056, -0.0225, 0.0000, 0.0000, 0.0000, 0.0000
3, 2.8700, 287, -0.2947, -0.8995, -0.2108, -13.4824, 8.3936, 13.9189, 0.0000, 0.0000, 0.0000, 0.0000, 0.0000, 0.0000, 0.7321, -0.6596, 0.1074, -0.1321, -0.0360, -0.0383, 0.1053, 0.0000, 0.0000, 0.0000, 0.0000
1, 2.8600, 286, 0.0179, -0.0362, -0.1880, 19.4304, -5.0509, -0.3790, 0.0000, 0.0000, 0.0000, 0.0000, 0.0000, 0.0000, 0.1399, 0.0076, -0.4404, -0.8868, 0.1188, -0.7420, -0.4249, 0.0000, 0.0000, 0.0000, 0.0000
2, 2.8600, 286, -0.5349, -0.5518, -0.6349, -5.8249, 8.7644, -4.1805, 0.0000, 0.0000, 0.0000, 0.0000, 0.0000, 0.0000, -0.8843, 0.3579, -0.2188, 0.2051, 0.0006, 0.0085, -0.0126, 0.0000, 0.0000, 0.0000, 0.0000
3, 2.8800, 288, -0.3133, -0.9293, -0.2562, -14.4146, 4.8675, 9.6032, 0.0000, 0.0000, 0.0000, 0.0000, 0.0000, 0.0000, 0.7329, -0.6585, 0.1078, -0.1328, -0.0192, -0.0076, 0.1478, 0.0000, 0.0000, 0.0000, 0.0000
2, 2.8700, 287, -0.5265, -0.5535, -0.6399, -5.7327, 8.8463, -4.8051, 0.0000, 0.0000, 0.0000, 0.0000, 0.0000, 0.0000, -0.8847, 0.3574, -0.2181, 0.2049, -0.0063, 0.0105, -0.0090, 0.0000, 0.0000, 0.0000, 0.0000
3, 2.8900, 289, -0.3170, -0.9205, -0.2802, -19.5411, 1.7932, 3.2391, 0.0000, 0.0000, 0.0000, 0.0000, 0.0000, 0.0000, 0.7340, -0.6572, 0.1081, -0.1330, -0.0164, -0.0157, 0.1687, 0.0000, 0.0000, 0.0000, 0.0000
3, 2.9000, 290, -0.3161, -0.8662, -0.2755, -21.1674, 1.0085, -3.0751, 0.0000, 0.0000, 0.0000, 0.0000, 0.0000, 0.0000, 0.7352, -0.6559, 0.1081, -0.1326, -0.0170, -0.0696, 0.1606, 0.0000, 0.0000, 0.0000, 0.0000
1, 2.8700, 287, -0.0055, -0.0079, -0.1434, 19.6990, -7.4175, -16.3643, 0.0000, 0.0000, 0.0000, 0.0000, 0.0000, 0.0000, 0.1415, 0.0074, -0.4419, -0.8858, 0.1429, -0.7722, -0.4669, 0.0000, 0.0000, 0.0000, 0.0000
1, 2.8800, 288, -0.0379, 0.0037, -0.1090, 19.1089, -8.8342, -30.5702, 0.0000, 0.0000, 0.0000, 0.0000, 0.0000, 0.0000, 0.1442, 0.0076, -0.4432, -0.8847, 0.1779, -0.7853, -0.4989, 0.0000, 0.0000, 0.0000, 0.0000
3, 2.9100, 291, -0.3209, -0.8177, -0.2555, -19.1793, -0.2020, -7.4509, 0.0000, 0.0000, 0.0000, 0.0000, 0.0000, 0.0000, 0.7364, -0.6547, 0.1079, -0.1319, -0.0113, -0.1181, 0.1372, 0.0000, 0.0000, 0.0000, 0.0000
1, 2.8900, 289, -0.0620, -0.0165, -0.1113, 16.7722, -7.8483, -40.6783, 0.0000, 0.0000, 0.0000, 0.0000, 0.0000, 0.0000, 0.1477, 0.0083, -0.4443, -0.8836, 0.2061, -0.7660, -0.4944, 0.0000, 0.0000, 0.0000, 0.0000
3, 2.9200, 292, -0.3326, -0.7974, -0.2202, -15.0770, -1.5811, -9.6935, 0.0000, 0.0000, 0.0000, 0.0000, 0.0000, 0.0000, 0.7375, -0.6537, 0.1077, -0.1312, 0.0018, -0.1385, 0.0992, 0.0000, 0.0000, 0.0000, 0.0000
2, 2.8800, 288, -0.5126, -0.5597, -0.6395, -5.2074, 8.2392, -4.9269, 0.0000, 0.0000, 0.0000, 0.0000, 0.0000, 0.0000, -0.8851, 0.3569, -0.2174, 0.2047, -0.0188, 0.0167, -0.0108, 0.0000, 0.0000, 0.0000, 0.0000
1, 2.9000, 290, -0.0678, -0.0640, -0.1321, 11.7208, -4.8344, -46.3866, 0.0000, 0.0000, 0.0000, 0.0000, 0.0000, 0.0000, 0.1514, 0.0096, -0.4451, -0.8825, 0.2173, -0.7188, -0.4719, 0.0000, 0.0000, 0.0000, 0.0000
2, 2.8900, 289, -0.4927, -0.5699, -0.6467, -4.4485, 7.1076, -4.3258, 0.0000, 0.0000, 0.0000, 0.0000, 0.0000, 0.0000, -0.8855, 0.3566, -0.2167, 0.2044, -0.0374, 0.0270, -0.0047, 0.0000, 0.0000, 0.0000, 0.0000
2, 2.9000, 290, -0.5162, -0.5551, -0.6421, -3.9141, 6.7886, -3.5572, 0.0000, 0.0000, 0.0000, 0.0000, 0.0000, 0.0000, -0.8858, 0.3562, -0.2161, 0.2043, -0.0126, 0.0122, -0.0103, 0.0000, 0.0000, 0.0000, 0.0000
2, 2.9100, 291, -0.5196, -0.5545, -0.6433, -4.0334, 6.3650, -3.7015, 0.0000, 0.0000, 0.0000, 0.0000, 0.0000, 0.0000, -0.8861, 0.3559, -0.2156, 0.2041, -0.0081, 0.0117, -0.0101, 0.0000, 0.0000, 0.0000, 0.0000
3, 2.9300, 293, -0.3344, -0.7974, -0.1988, -10.2171, -2.6283, -9.6961, 0.0000, 0.0000, 0.0000, 0.0000, 0.0000, 0.0000, 0.7382, -0.6531, 0.1074, -0.1303, 0.0050, -0.1387, 0.0756, 0.0000, 0.0000, 0.0000, 0.0000
3, 2.9400, 294, -0.3278, -0.8116, -0.1959, -6.6451, -3.7166, -8.5744, 0.0000, 0.0000, 0.0000, 0.0000, 0.0000, 0.0000, 0.7386, -0.6528, 0.1072, -0.1295, -0.0002, -0.1248, 0.0716, 0.0000, 0.0000, 0.0000, 0.0000
3, 2.9500, 295, -0.3289, -0.8206, -0.2008, -4.6036, -3.7088, -8.3818, 0.0000, 0.0000, 0.0000, 0.0000, 0.0000, 0.0000, 0.7389, -0.6527, 0.1071, -0.1287, 0.0021, -0.1162, 0.0759, 0.0000, 0.0000, 0.0000, 0.0000
3, 2.9600, 296, -0.3382, -0.8216, -0.2093, -2.6812, -3.2599, -9.3811, 0.0000, 0.0000, 0.0000, 0.0000, 0.0000, 0.0000, 0.7392, -0.6526, 0.1068, -0.1279, 0.0128, -0.1157, 0.0839, 0.0000, 0.0000, 0.0000, 0.0000
1, 2.9100, 291, -0.0396, -0.1356, -0.1546, 3.4964, -2.3114, -48.5887, 0.0000, 0.0000, 0.0000, 0.0000, 0.0000, 0.0000, 0.1553, 0.0113, -0.4453, -0.8817, 0.1953, -0.6466, -0.4486, 0.0000, 0.0000, 0.0000, 0.0000
2, 2.9200, 292, -0.5174, -0.5570, -0.6379, -4.1210, 6.3525, -3.9488, 0.0000, 0.0000, 0.0000, 0.0000, 0.0000, 0.0000, -0.8864, 0.3555, -0.2150, 0.2039, -0.0092, 0.0144, -0.0165, 0.0000, 0.0000, 0.0000, 0.0000
1, 2.9200, 292, -0.0520, -0.1754, -0.1570, -5.6846, 0.5498, -46.5282, 0.0000, 0.0000, 0.0000, 0.0000, 0.0000, 0.0000, 0.1588, 0.0132, -0.4448, -0.8813, 0.2142, -0.6052, -0.4465, 0.0000, 0.0000, 0.0000, 0.0000
1, 2.9300, 293, -0.0652, -0.2201, -0.1701, -11.4824, 3.5624, -39.7476, 0.0000, 0.0000, 0.0000, 0.0000, 0.0000, 0.0000, 0.1617, 0.0152, -0.4440, -0.8812, 0.2335, -0.5583, -0.4347, 0.0000, 0.0000, 0.0000, 0.0000
1, 2.9400, 294, -0.0617, -0.3363, -0.2110, -14.5207, 7.2010, -29.2775, 0.0000, 0.0000, 0.0000, 0.0000, 0.0000, 0.0000, 0.1637, 0.0170, -0.4429, -0.8813, 0.2350, -0.4398, -0.3954, 0.0000, 0.0000, 0.0000, 0.0000
1, 2.9500, 295, -0.0217, -0.5012, -0.2616, -18.5376, 11.2792, -20.9019, 0.0000, 0.0000, 0.0000, 0.0000, 0.0000, 0.0000, 0.1648, 0.0189, -0.4416, -0.8817, 0.1992, -0.2724, -0.3468, 0.0000, 0.0000, 0.0000, 0.0000
1, 2.9600, 296, 0.0296, -0.5934, -0.3089, -24.7611, 16.1756, -19.0715, 0.0000, 0.0000, 0.0000, 0.0000, 0.0000, 0.0000, 0.1656, 0.0213, -0.4399, -0.8824, 0.1520, -0.1772, -0.3020, 0.0000, 0.0000, 0.0000, 0.0000
2, 2.9300, 293, -0.5241, -0.5591, -0.6322, -3.7836, 6.6852, -4.2679, 0.0000, 0.0000, 0.0000, 0.0000, 0.0000, 0.0000, -0.8868, 0.3552, -0.2144, 0.2037, -0.0014, 0.0165, -0.0231, 0.0000, 0.0000, 0.0000, 0.0000
3, 2.9700, 297, -0.3554, -0.8071, -0.2167, 0.6502, -3.0507, -11.4492, 0.0000, 0.0000, 0.0000, 0.0000, 0.0000, 0.0000, 0.7394, -0.6525, 0.1064, -0.1272, 0.0317, -0.1307, 0.0913, 0.0000, 0.0000, 0.0000, 0.0000
3, 2.9800, 298, -0.3164, -0.8014, -0.2292, 6.7388, -2.7780, -13.9477, 0.0000, 0.0000, 0.0000, 0.0000, 0.0000, 0.0000, 0.7391, -0.6531, 0.1057, -0.1262, -0.0056, -0.1370, 0.1042, 0.0000, 0.0000, 0.0000, 0.0000
2, 2.9400, 294, -0.5075, -0.5664, -0.6397, -3.9822, 6.8884, -4.2747, 0.0000, 0.0000, 0.0000, 0.0000, 0.0000, 0.0000, -0.8871, 0.3549, -0.2138, 0.2035, -0.0168, 0.0239, -0.0166, 0.0000, 0.0000, 0.0000, 0.0000
1, 2.9700, 297, 0.0896, -0.6370, -0.3360, -29.5408, 20.5927, -21.0158, 0.0000, 0.0000, 0.0000, 0.0000, 0.0000, 0.0000, 0.1664, 0.0241, -0.4379, -0.8832, 0.0967, -0.1299, -0.2780, 0.0000, 0.0000, 0.0000, 0.0000
1, 2.9800, 298, 0.1110, -0.7301, -0.3633, -31.8225, 26.2656, -23.8308, 0.0000, 0.0000, 0.0000, 0.0000, 0.0000, 0.0000, 0.1672, 0.0275, -0.4358, -0.8840, 0.0810, -0.0327, -0.2542, 0.0000, 0.0000, 0.0000, 0.0000
2, 2.9500, 295, -0.5010, -0.5540, -0.6554, -3.8036, 6.6419, -3.8326, 0.0000, 0.0000, 0.0000, 0.0000, 0.0000, 0.0000, -0.8874, 0.3546, -0.2132, 0.2033, -0.0220, 0.0114, -0.0019, 0.0000, 0.0000, 0.0000, 0.0000
2, 2.9600, 296, -0.5010, -0.5538, -0.6586, -2.8278, 5.6632, -3.9563, 0.0000, 0.0000, 0.0000, 0.0000, 0.0000, 0.0000, -0.8877, 0.3543, -0.2127, 0.2031, -0.0209, 0.0112, 0.0004, 0.0000, 0.0000, 0.0000, 0.0000
2, 2.9700, 297, -0.4981, -0.5606, -0.6521, -2.3898, 4.7613, -3.8548, 0.0000, 0.0000, 0.0000, 0.0000, 0.0000, 0.0000, -0.8879, 0.3541, -0.2123, 0.2029, -0.0229, 0.0179, -0.0068, 0.0000, 0.0000, 0.0000, 0.0000
3, 2.9900, 299, -0.2654, -0.8154, -0.2218, 11.2573, -3.6136, -16.6794, 0.0000, 0.0000, 0.0000, 0.0000, 0.0000, 0.0000, 0.7387, -0.6540, 0.1049, -0.1250, -0.0541, -0.1241, 0.0985, 0.0000, 0.0000, 0.0000, 0.0000
3, 3.0000, 300, -0.2295, -0.8245, -0.1934, 14.7279, -4.7894, -20.0992, 0.0000, 0.0000, 0.0000, 0.0000, 0.0000, 0.0000, 0.7380, -0.6552, 0.1039, -0.1236, -0.0870, -0.1163, 0.0726, 0.0000, 0.0000, 0.0000, 0.0000
1, 2.9900, 299, 0.1483, -0.8448, -0.3900, -34.3989, 31.3181, -26.5542, 0.0000, 0.0000, 0.0000, 0.0000, 0.0000, 0.0000, 0.1679, 0.0314, -0.4336, -0.8848, 0.0503, 0.0864, -0.2309, 0.0000, 0.0000, 0.0000, 0.0000
2, 2.9800, 298, -0.5106, -0.5553, -0.6412, -2.4936, 4.4537, -3.8414, 0.0000, 0.0000, 0.0000, 0.0000, 0.0000, 0.0000, -0.8881, 0.3539, -0.2118, 0.2027, -0.0096, 0.0126, -0.0183, 0.0000, 0.0000, 0.0000, 0.0000
2, 2.9900, 299, -0.5030, -0.5649, -0.6455, -2.9285, 4.9946, -3.7863, 0.0000, 0.0000, 0.0000, 0.0000, 0.0000, 0.0000, -0.8884, 0.3537, -0.2113, 0.2025, -0.0162, 0.0221, -0.0147, 0.0000, 0.0000, 0.0000, 0.0000
1, 3.0000, 300, 0.1851, -0.8970, -0.4247, -35.4832, 35.7776, -26.0143, 0.0000, 0.0000, 0.0000, 0.0000, 0.0000, 0.0000, 0.1685, 0.0357, -0.4313, -0.8856, 0.0206, 0.1432, -0.1995, 0.0000, 0.0000, 0.0000, 0.0000
3, 3.0100, 301, -0.2254, -0.8381, -0.1575, 19.4742, -5.6611, -23.8243, 0.0000, 0.0000, 0.0000, 0.0000, 0.0000, 0.0000, 0.7371, -0.6568, 0.1026, -0.1219, -0.0875, -0.1043, 0.0398, 0.0000, 0.0000, 0.0000, 0.0000
1, 3.0100, 301, 0.1903, -0.9192, -0.4606, -33.2554, 40.2386, -21.9233, 0.0000, 0.0000, 0.0000, 0.0000, 0.0000, 0.0000, 0.1685, 0.0401, -0.4293, -0.8864, 0.0227, 0.1701, -0.1666, 0.0000, 0.0000, 0.0000, 0.0000
3, 3.0200, 302, -0.2355, -0.8528, -0.1379, 23.3057, -6.9009, -27.7644, 0.0000, 0.0000, 0.0000, 0.0000, 0.0000, 0.0000, 0.7360, -0.6585, 0.1012, -0.1199, -0.0732, -0.0916, 0.0242, 0.0000, 0.0000, 0.0000, 0.0000
2, 3.0000, 300, -0.4995, -0.5596, -0.6544, -3.3026, 4.7292, -3.4335, 0.0000, 0.0000, 0.0000, 0.0000, 0.0000, 0.0000, -0.8886, 0.3534, -0.2109, 0.2023, -0.0187, 0.0167, -0.0066, 0.0000, 0.0000, 0.0000, 0.0000
1, 3.0200, 302, 0.2144, -0.9713, -0.5130, -30.3077, 47.3470, -18.1800, 0.0000, 0.0000, 0.0000, 0.0000, 0.0000, 0.0000, 0.1681, 0.0449, -0.4275, -0.8871, 0.0061, 0.2263, -0.1167, 0.0000, 0.0000, 0.0000, 0.0000
2, 3.0100, 301, -0.5036, -0.5670, -0.6405, -3.4461, 4.6724, -3.2119, 0.0000, 0.0000, 0.0000, 0.0000, 0.0000, 0.0000, -0.8889, 0.3532, -0.2105, 0.2021, -0.0137, 0.0242, -0.0212, 0.0000, 0.0000, 0.0000, 0.0000
3, 3.0300, 303, -0.2537, -0.8663, -0.1377, 27.3722, -8.1221, -30.9866, 0.0000, 0.0000, 0.0000, 0.0000, 0.0000, 0.0000, 0.7347, -0.6607, 0.0997, -0.1177, -0.0501, -0.0801, 0.0286, 0.0000, 0.0000, 0.0000, 0.0000
1, 3.0300, 303, 0.2286, -1.0811, -0.5971, -30.8098, 58.2067, -19.3859, 0.0000, 0.0000, 0.0000, 0.0000, 0.0000, 0.0000, 0.1673, 0.0506, -0.4259, -0.8877, 0.0002, 0.3402, -0.0343, 0.0000, 0.0000, 0.0000, 0.0000
3, 3.0400, 304, -0.2730, -0.8784, -0.1443, 31.6478, -9.3335, -33.0018, 0.0000, 0.0000, 0.0000, 0.0000, 0.0000, 0.0000, 0.7331, -0.6631, 0.0981, -0.1153, -0.0257, -0.0703, 0.0406, 0.0000, 0.0000, 0.0000, 0.0000
2, 3.0200, 302, -0.5155, -0.5481, -0.6550, -3.7184, 5.1328, -3.3256, 0.0000, 0.0000, 0.0000, 0.0000, 0.0000, 0.0000, -0.8892, 0.3528, -0.2101, 0.2020, -0.0009, 0.0055, -0.0075, 0.0000, 0.0000, 0.0000, 0.0000
1, 3.0400, 304, 0.3121, -1.1121, -0.6211, -36.9135, 64.7737, -26.3659, 0.0000, 0.0000, 0.0000, 0.0000, 0.0000, 0.0000, 0.1667, 0.0571, -0.4239, -0.8884, -0.0733, 0.3759, -0.0121, 0.0000, 0.0000, 0.0000, 0.0000
2, 3.0300, 303, -0.5092, -0.5717, -0.6348, -3.9317, 5.2940, -3.7690, 0.0000, 0.0000, 0.0000, 0.0000, 0.0000, 0.0000, -0.8894, 0.3525, -0.2096, 0.2018, -0.0063, 0.0292, -0.0285, 0.0000, 0.0000, 0.0000, 0.0000
1, 3.0500, 305, 0.3112, -0.9715, -0.6176, -39.8812, 67.4244, -29.8093, 0.0000, 0.0000, 0.0000, 0.0000, 0.0000, 0.0000, 0.1663, 0.0640, -0.4217, -0.8891, -0.0613, 0.2409, -0.0178, 0.0000, 0.0000, 0.0000, 0.0000
3, 3.0500, 305, -0.2883, -0.8905, -0.1296, 31.8660, -10.1737, -34.7058, 0.0000, 0.0000, 0.0000, 0.0000, 0.0000, 0.0000, 0.7315, -0.6655, 0.0964, -0.1128, -0.0049, -0.0606, 0.0317, 0.0000, 0.0000, 0.0000, 0.0000
1, 3.0600, 306, 0.1957, -0.8899, -0.6503, -30.2207, 70.1582, -25.3511, 0.0000, 0.0000, 0.0000, 0.0000, 0.0000, 0.0000, 0.1655, 0.0708, -0.4202, -0.8894, 0.0654, 0.1644, 0.0136, 0.0000, 0.0000, 0.0000, 0.0000
3, 3.0600, 306, -0.3216, -0.8877, -0.1037, 30.1704, -10.4127, -36.6927, 0.0000, 0.0000, 0.0000, 0.0000, 0.0000, 0.0000, 0.7300, -0.6678, 0.0946, -0.1101, 0.0342, -0.0657, 0.0116, 0.0000, 0.0000, 0.0000, 0.0000
2, 3.0400, 304, -0.5023, -0.5532, -0.6579, -4.6362, 6.0391, -3.7930, 0.0000, 0.0000, 0.0000, 0.0000, 0.0000, 0.0000, -0.8898, 0.3521, -0.2091, 0.2015, -0.0121, 0.0108, -0.0064, 0.0000, 0.0000, 0.0000, 0.0000
1, 3.0700, 307, 0.2600, -0.9474, -0.6537, -18.5519, 68.2879, -14.1008, 0.0000, 0.0000, 0.0000, 0.0000, 0.0000, 0.0000, 0.1640, 0.0769, -0.4196, -0.8894, 0.0111, 0.2252, 0.0173, 0.0000, 0.0000, 0.0000, 0.0000
2, 3.0500, 305, -0.4891, -0.5749, -0.6540, -4.6692, 5.7297, -3.6725, 0.0000, 0.0000, 0.0000, 0.0000, 0.0000, 0.0000, -0.8901, 0.3517, -0.2086, 0.2013, -0.0243, 0.0327, -0.0112, 0.0000, 0.0000, 0.0000, 0.0000
3, 3.0700, 307, -0.3597, -0.9010, -0.0910, 28.7531, -9.7594, -38.1942, 0.0000, 0.0000, 0.0000, 0.0000, 0.0000, 0.0000, 0.7286, -0.6700, 0.0928, -0.1074, 0.0784, -0.0547, 0.0042, 0.0000, 0.0000, 0.0000, 0.0000
1, 3.0800, 308, 0.3117, -0.9887, -0.7130, -11.7578, 65.2728, -1.8848, 0.0000, 0.0000, 0.0000, 0.0000, 0.0000, 0.0000, 0.1617, 0.0822, -0.4196, -0.8894, -0.0325, 0.2684, 0.0780, 0.0000, 0.0000, 0.0000, 0.0000
3, 3.0800, 308, -0.3898, -0.9274, -0.0892, 27.6732, -8.3139, -38.5629, 0.0000, 0.0000, 0.0000, 0.0000, 0.0000, 0.0000, 0.7273, -0.6722, 0.0908, -0.1047, 0.1147, -0.0305, 0.0076, 0.0000, 0.0000, 0.0000, 0.0000
3, 3.0900, 309, -0.3980, -0.9339, -0.0924, 25.2230, -6.5363, -39.1031, 0.0000, 0.0000, 0.0000, 0.0000, 0.0000, 0.0000, 0.7261, -0.6742, 0.0887, -0.1020, 0.1292, -0.0262, 0.0154, 0.0000, 0.0000, 0.0000, 0.0000
2, 3.0600, 306, -0.5084, -0.5585, -0.6526, -4.3330, 5.7035, -3.1198, 0.0000, 0.0000, 0.0000, 0.0000, 0.0000, 0.0000, -0.8904, 0.3513, -0.2081, 0.2012, -0.0040, 0.0165, -0.0135, 0.0000, 0.0000, 0.0000, 0.0000
1, 3.0900, 309, 0.2904, -0.9683, -0.6909, -4.5570, 63.0654, 3.0086, 0.0000, 0.0000, 0.0000, 0.0000, 0.0000, 0.0000, 0.1591, 0.0870, -0.4202, -0.8891, -0.0043, 0.2487, 0.0581, 0.0000, 0.0000, 0.0000, 0.0000
2, 3.0700, 307, -0.5347, -0.5615, -0.6382, -3.9294, 6.6559, -3.7323, 0.0000, 0.0000, 0.0000, 0.0000, 0.0000, 0.0000, -0.8907, 0.3510, -0.2076, 0.2010, 0.0234, 0.0197, -0.0289, 0.0000, 0.0000, 0.0000, 0.0000
3, 3.1000, 310, -0.3923, -0.9433, -0.0937, 24.5902, -4.3594, -40.7130, 0.0000, 0.0000, 0.0000, 0.0000, 0.0000, 0.0000, 0.7250, -0.6761, 0.0863, -0.0994, 0.1302, -0.0190, 0.0211, 0.0000, 0.0000, 0.0000, 0.0000
1, 3.1000, 310, 0.3572, -0.7985, -0.6506, 11.3000, 61.0354, 4.9373, 0.0000, 0.0000, 0.0000, 0.0000, 0.0000, 0.0000, 0.1566, 0.0914, -0.4220, -0.8883, -0.0649, 0.0782, 0.0216, 0.0000, 0.0000, 0.0000, 0.0000
2, 3.0800, 308, -0.5200, -0.5627, -0.6534, -4.1273, 7.2691, -4.6108, 0.0000, 0.0000, 0.0000, 0.0000, 0.0000, 0.0000, -0.8910, 0.3506, -0.2069, 0.2008, 0.0099, 0.0210, -0.0147, 0.0000, 0.0000, 0.0000, 0.0000
3, 3.1100, 311, -0.3616, -0.9325, -0.0756, 22.4736, -1.8528, -44.1546, 0.0000, 0.0000, 0.0000, 0.0000, 0.0000, 0.0000, 0.7240, -0.6778, 0.0837, -0.0966, 0.1066, -0.0320, 0.0071, 0.0000, 0.0000, 0.0000, 0.0000
2, 3.0900, 309, -0.5250, -0.5784, -0.6281, -3.5146, 8.5588, -4.9887, 0.0000, 0.0000, 0.0000, 0.0000, 0.0000, 0.0000, -0.8913, 0.3504, -0.2062, 0.2006, 0.0162, 0.0367, -0.0410, 0.0000, 0.0000, 0.0000, 0.0000
1, 3.1100, 311, 2.1194, -3.8194, -1.9764, -68.6790, -34.9451, 12.2848, 0.0000, 0.0000, 0.0000, 0.0000, 0.0000, 0.0000, 0.1563, 0.0892, -0.4163, -0.8912, -1.8267, 3.1003, 1.3462, 0.0000, 0.0000, 0.0000, 0.0000
3, 3.1200, 312, -0.3348, -0.8862, -0.0546, 20.9949, 2.0047, -49.5386, 0.0000, 0.0000, 0.0000, 0.0000, 0.0000, 0.0000, 0.7232, -0.6795, 0.0805, -0.0939, 0.0877, -0.0806, -0.0103, 0.0000, 0.0000, 0.0000, 0.0000
1, 3.1200, 312, -0.2074, 0.5812, -1.5237, -119.1544, -51.1648, -84.3267, 0.0000, 0.0000, 0.0000, 0.0000, 0.0000, 0.0000, 0.1638, 0.0899, -0.4056, -0.8947, 0.5002, -1.2831, 0.8745, 0.0000, 0.0000, 0.0000, 0.0000
3, 3.1300, 313, -0.4010, -0.8588, 0.0470, 21.0419, 4.4841, -53.7819, 0.0000, 0.0000, 0.0000, 0.0000, 0.0000, 0.0000, 0.7224, -0.6812, 0.0768, -0.0909, 0.1627, -0.1105, -0.1084, 0.0000, 0.0000, 0.0000, 0.0000
2, 3.1000, 310, -0.5225, -0.5667, -0.6444, -4.1035, 10.3517, -5.3911, 0.0000, 0.0000, 0.0000, 0.0000, 0.0000, 0.0000, -0.8917, 0.3500, -0.2053, 0.2005, 0.0153, 0.0248, -0.0258, 0.0000, 0.0000, 0.0000, 0.0000
1, 3.1300, 313, 0.5911, -0.9799, -1.3480, -126.9959, -28.6489, -24.1130, 0.0000, 0.0000, 0.0000, 0.0000, 0.0000, 0.0000, 0.1657, 0.0904, -0.3951, -0.8990, -0.2989, 0.2930, 0.6827, 0.0000, 0.0000, 0.0000, 0.0000
3, 3.1400, 314, -0.4912, -0.8897, 0.1389, 18.7222, 10.3141, -52.5322, 0.0000, 0.0000, 0.0000, 0.0000, 0.0000, 0.0000, 0.7218, -0.6826, 0.0729, -0.0883, 0.2621, -0.0819, -0.1974, 0.0000, 0.0000, 0.0000, 0.0000
1, 3.1400, 314, 1.9683, -0.3849, -0.9145, -94.4091, -14.5501, -15.9675, 0.0000, 0.0000, 0.0000, 0.0000, 0.0000, 0.0000, 0.1667, 0.0912, -0.3873, -0.9022, -1.6752, -0.2876, 0.2350, 0.0000, 0.0000, 0.0000, 0.0000
2, 3.1100, 311, -0.5022, -0.5785, -0.6581, -4.2412, 11.6165, -5.6386, 0.0000, 0.0000, 0.0000, 0.0000, 0.0000, 0.0000, -0.8921, 0.3496, -0.2043, 0.2003, -0.0031, 0.0366, -0.0135, 0.0000, 0.0000, 0.0000, 0.0000
3, 3.1500, 315, -0.6474, -0.9973, 0.2302, 18.7896, 12.8500, -43.1173, 0.0000, 0.0000, 0.0000, 0.0000, 0.0000, 0.0000, 0.7210, -0.6840, 0.0694, -0.0865, 0.4264, 0.0236, -0.2860, 0.0000, 0.0000, 0.0000, 0.0000
2, 3.1200, 312, -0.5127, -0.5708, -0.6792, -4.5031, 12.7942, -5.8382, 0.0000, 0.0000, 0.0000, 0.0000, 0.0000, 0.0000, -0.8926, 0.3491, -0.2032, 0.2002, 0.0094, 0.0289, 0.0062, 0.0000, 0.0000, 0.0000, 0.0000
1, 3.1500, 315, -0.2303, -0.8186, -1.4247, -55.1940, -5.6857, 7.7588, 0.0000, 0.0000, 0.0000, 0.0000, 0.0000, 0.0000, 0.1659, 0.0913, -0.3829, -0.9042, 0.5234, 0.1545, 0.7368, 0.0000, 0.0000, 0.0000, 0.0000
3, 3.1600, 316, -0.7581, -1.2061, 0.3316, 30.8439, 18.7618, -25.3588, 0.0000, 0.0000, 0.0000, 0.0000, 0.0000, 0.0000, 0.7195, -0.6859, 0.0665, -0.0862, 0.5428, 0.2310, -0.3838, 0.0000, 0.0000, 0.0000, 0.0000
2, 3.1300, 313, -0.5115, -0.5724, -0.7152, -5.0865, 12.7751, -6.7486, 0.0000, 0.0000, 0.0000, 0.0000, 0.0000, 0.0000, -0.8931, 0.3486, -0.2021, 0.1999, 0.0103, 0.0305, 0.0406, 0.0000, 0.0000, 0.0000, 0.0000
1, 3.1600, 316, 0.4627, -0.5654, -0.9803, -11.0494, -6.7115, 3.3150, 0.0000, 0.0000, 0.0000, 0.0000, 0.0000, 0.0000, 0.1658, 0.0908, -0.3820, -0.9046, -0.1716, -0.0958, 0.2888, 0.0000, 0.0000, 0.0000, 0.0000
3, 3.1700, 317, -0.6658, -1.4719, 0.2468, 42.9595, 14.0275, -4.7847, 0.0000, 0.0000, 0.0000, 0.0000, 0.0000, 0.0000, 0.7170, -0.6885, 0.0650, -0.0870, 0.4527, 0.4959, -0.2928, 0.0000, 0.0000, 0.0000, 0.0000
1, 3.1700, 317, 0.1906, -0.5423, -0.8862, 9.2836, 9.1527, 4.5961, 0.0000, 0.0000, 0.0000, 0.0000, 0.0000, 0.0000, 0.1652, 0.0912, -0.3829, -0.9043, 0.1006, -0.1194, 0.1953, 0.0000, 0.0000, 0.0000, 0.0000
2, 3.1400, 314, -0.5665, -0.5637, -0.7306, -2.9578, 13.2481, -8.2951, 0.0000, 0.0000, 0.0000, 0.0000, 0.0000, 0.0000, -0.8936, 0.3483, -0.2010, 0.1997, 0.0675, 0.0216, 0.0544, 0.0000, 0.0000, 0.0000, 0.0000
3, 3.1800, 318, -0.4066, -1.5208, 0.1056, 33.7579, -1.0041, 4.7564, 0.0000, 0.0000, 0.0000, 0.0000, 0.0000, 0.0000, 0.7149, -0.6906, 0.0651, -0.0874, 0.1931, 0.5447, -0.1451, 0.0000, 0.0000, 0.0000, 0.0000
2, 3.1500, 315, -0.6164, -0.5413, -0.7337, 2.3075, 12.8062, -13.1162, 0.0000, 0.0000, 0.0000, 0.0000, 0.0000, 0.0000, -0.8939, 0.3485, -0.1995, 0.1991, 0.1198, -0.0016, 0.0565, 0.0000, 0.0000, 0.0000, 0.0000
2, 3.1600, 316, -0.6791, -0.4878, -0.7437, 9.6276, 13.1111, -19.5733, 0.0000, 0.0000, 0.0000, 0.0000, 0.0000, 0.0000, -0.8942, 0.3493, -0.1977, 0.1981, 0.1857, -0.0574, 0.0660, 0.0000, 0.0000, 0.0000, 0.0000
3, 3.1900, 319, -0.1639, -1.3059, 0.0017, 5.5728, -12.0764, 5.8599, 0.0000, 0.0000, 0.0000, 0.0000, 0.0000, 0.0000, 0.7145, -0.6910, 0.0661, -0.0871, -0.0506, 0.3298, -0.0380, 0.0000, 0.0000, 0.0000, 0.0000
1, 3.1800, 318, 0.1504, -0.5898, -0.7061, 17.0859, 17.1462, 1.1232, 0.0000, 0.0000, 0.0000, 0.0000, 0.0000, 0.0000, 0.1646, 0.0923, -0.3845, -0.9036, 0.1423, -0.0739, 0.0177, 0.0000, 0.0000, 0.0000, 0.0000
2, 3.1700, 317, -0.6738, -0.4454, -0.7712, 16.2048, 10.2322, -27.1597, 0.0000, 0.0000, 0.0000, 0.0000, 0.0000, 0.0000, -0.8944, 0.3509, -0.1958, 0.1966, 0.1841, -0.1034, 0.0937, 0.0000, 0.0000, 0.0000, 0.0000
3, 3.2000, 320, 0.0326, -0.9905, -0.0443, -21.7375, -14.5206, 4.5191, 0.0000, 0.0000, 0.0000, 0.0000, 0.0000, 0.0000, 0.7157, -0.6898, 0.0675, -0.0864, -0.2481, 0.0147, 0.0064, 0.0000, 0.0000, 0.0000, 0.0000
2, 3.1800, 318, -0.7290, -0.4804, -0.8812, 28.8391, 10.1392, -34.8250, 0.0000, 0.0000, 0.0000, 0.0000, 0.0000, 0.0000, -0.8942, 0.3535, -0.1935, 0.1947, 0.2434, -0.0739, 0.2053, 0.0000, 0.0000, 0.0000, 0.0000
3, 3.2100, 321, 0.1420, -0.7639, -0.0439, -29.9648, -12.6299, 0.5565, 0.0000, 0.0000, 0.0000, 0.0000, 0.0000, 0.0000, 0.7174, -0.6880, 0.0685, -0.0855, -0.3579, -0.2116, 0.0016, 0.0000, 0.0000, 0.0000, 0.0000
2, 3.1900, 319, -0.5203, -0.5039, -1.1193, 44.2594, 25.6853, -39.2318, 0.0000, 0.0000, 0.0000, 0.0000, 0.0000, 0.0000, -0.8940, 0.3572, -0.1895, 0.1932, 0.0408, -0.0581, 0.4454, 0.0000, 0.0000, 0.0000, 0.0000
1, 3.1900, 319, 0.2829, -0.6331, -0.5559, 12.1341, 17.4590, -3.6636, 0.0000, 0.0000, 0.0000, 0.0000, 0.0000, 0.0000, 0.1644, 0.0938, -0.3858, -0.9030, 0.0122, -0.0323, -0.1298, 0.0000, 0.0000, 0.0000, 0.0000
2, 3.2000, 320, -0.8465, -0.5217, -1.0907, 63.9714, 10.4484, -58.3542, 0.0000, 0.0000, 0.0000, 0.0000, 0.0000, 0.0000, -0.8931, 0.3629, -0.1858, 0.1900, 0.3741, -0.0510, 0.4208, 0.0000, 0.0000, 0.0000, 0.0000
3, 3.2200, 322, 0.0927, -0.6812, -0.0232, -25.7035, -9.6137, -1.5052, 0.0000, 0.0000, 0.0000, 0.0000, 0.0000, 0.0000, 0.7189, -0.6865, 0.0691, -0.0844, -0.3085, -0.2942, -0.0234, 0.0000, 0.0000, 0.0000, 0.0000
1, 3.2000, 320, 0.3677, -0.6944, -0.5158, -0.2256, 11.6209, -5.4423, 0.0000, 0.0000, 0.0000, 0.0000, 0.0000, 0.0000, 0.1644, 0.0949, -0.3859, -0.9028, -0.0701, 0.0286, -0.1684, 0.0000, 0.0000, 0.0000, 0.0000
3, 3.2300, 323, 0.0168, -0.7297, 0.0027, -15.5944, -5.4085, -1.9169, 0.0000, 0.0000, 0.0000, 0.0000, 0.0000, 0.0000, 0.7198, -0.6856, 0.0695, -0.0839, -0.2319, -0.2456, -0.0524, 0.0000, 0.0000, 0.0000, 0.0000
2, 3.2100, 321, -0.9017, -0.5117, -1.0326, 89.6120, 11.8314, -76.0945, 0.0000, 0.0000, 0.0000, 0.0000, 0.0000, 0.0000, -0.8917, 0.3709, -0.1809, 0.1859, 0.4376, -0.0761, 0.3700, 0.0000, 0.0000, 0.0000, 0.0000
1, 3.2100, 321, 0.3730, -0.7013, -0.5917, -11.8329, 2.4600, -4.7095, 0.0000, 0.0000, 0.0000, 0.0000, 0.0000, 0.0000, 0.1646, 0.0954, -0.3850, -0.9031, -0.0741, 0.0367, -0.0930, 0.0000, 0.0000, 0.0000, 0.0000
2, 3.2200, 322, -0.9198, -0.8505, -1.0281, 97.2325, 1.6882, -86.2176, 0.0000, 0.0000, 0.0000, 0.0000, 0.0000, 0.0000, -0.8899, 0.3798, -0.1764, 0.1808, 0.4649, 0.2450, 0.3751, 0.0000, 0.0000, 0.0000, 0.0000
2, 3.2300, 323, -1.1823, -0.9131, -0.7639, 91.5395, 15.2005, -99.6949, 0.0000, 0.0000, 0.0000, 0.0000, 0.0000, 0.0000, -0.8886, 0.3882, -0.1705, 0.1749, 0.7384, 0.2896, 0.1204, 0.0000, 0.0000, 0.0000, 0.0000
3, 3.2400, 324, -0.0558, -0.8496, 0.0526, -7.0365, -6.6205, -2.8116, 0.0000, 0.0000, 0.0000, 0.0000, 0.0000, 0.0000, 0.7202, -0.6852, 0.0698, -0.0833, -0.1589, -0.1257, -0.1037, 0.0000, 0.0000, 0.0000, 0.0000
1, 3.2200, 322, 0.3307, -0.6820, -0.6793, -18.7884, -4.2763, -4.9131, 0.0000, 0.0000, 0.0000, 0.0000, 0.0000, 0.0000, 0.1650, 0.0955, -0.3834, -0.9037, -0.0315, 0.0196, -0.0075, 0.0000, 0.0000, 0.0000, 0.0000
3, 3.2500, 325, -0.1593, -1.0152, 0.0820, -2.9999, -15.7491, -5.4384, 0.0000, 0.0000, 0.0000, 0.0000, 0.0000, 0.0000, 0.7204, -0.6851, 0.0704, -0.0820, -0.0548, 0.0397, -0.1334, 0.0000, 0.0000, 0.0000, 0.0000
2, 3.2400, 324, -1.1349, -1.4822, -0.7449, 71.5646, 50.9391, -116.1087, 0.0000, 0.0000, 0.0000, 0.0000, 0.0000, 0.0000, -0.8887, 0.3947, -0.1615, 0.1687, 0.7073, 0.8413, 0.1074, 0.0000, 0.0000, 0.0000, 0.0000
1, 3.2300, 323, 0.3787, -0.6557, -0.7495, -19.7314, -8.3553, -4.0335, 0.0000, 0.0000, 0.0000, 0.0000, 0.0000, 0.0000, 0.1654, 0.0953, -0.3817, -0.9044, -0.0799, -0.0041, 0.0600, 0.0000, 0.0000, 0.0000, 0.0000
2, 3.2500, 325, -0.8920, -1.3976, -0.8149, 46.6124, 70.9232, -118.7974, 0.0000, 0.0000, 0.0000, 0.0000, 0.0000, 0.0000, -0.8897, 0.3989, -0.1512, 0.1626, 0.4850, 0.7419, 0.1790, 0.0000, 0.0000, 0.0000, 0.0000
3, 3.2600, 326, -0.2279, -1.1736, 0.0931, 5.3060, -26.6375, -7.7362, 0.0000, 0.0000, 0.0000, 0.0000, 0.0000, 0.0000, 0.7199, -0.6857, 0.0716, -0.0799, 0.0147, 0.1978, -0.1433, 0.0000, 0.0000, 0.0000, 0.0000
1, 3.2400, 324, 0.2917, -0.6419, -0.7979, -15.3077, -7.7758, -2.4451, 0.0000, 0.0000, 0.0000, 0.0000, 0.0000, 0.0000, 0.1658, 0.0949, -0.3802, -0.9050, 0.0064, -0.0156, 0.1060, 0.0000, 0.0000, 0.0000, 0.0000
1, 3.2500, 325, 0.2975, -0.6324, -0.8092, -7.5109, -3.4439, -3.0704, 0.0000, 0.0000, 0.0000, 0.0000, 0.0000, 0.0000, 0.1661, 0.0948, -0.3795, -0.9052, 0.0001, -0.0235, 0.1155, 0.0000, 0.0000, 0.0000, 0.0000
1, 3.2600, 326, 0.3344, -0.6296, -0.7667, -0.2868, 1.2144, -3.1715, 0.0000, 0.0000, 0.0000, 0.0000, 0.0000, 0.0000, 0.1663, 0.0950, -0.3795, -0.9052, -0.0364, -0.0258, 0.0727, 0.0000, 0.0000, 0.0000, 0.0000
2, 3.2600, 326, -0.2549, -1.8821, -0.9121, 24.4686, 78.7446, -105.8936, 0.0000, 0.0000, 0.0000, 0.0000, 0.0000, 0.0000, -0.8914, 0.4010, -0.1411, 0.1574, -0.1302, 1.2149, 0.2745, 0.0000, 0.0000, 0.0000, 0.0000
3, 3.2700, 327, -0.2398, -1.2438, 0.0531, 13.7557, -32.8951, -13.1211, 0.0000, 0.0000, 0.0000, 0.0000, 0.0000, 0.0000, 0.7190, -0.6869, 0.0728, -0.0772, 0.0283, 0.2676, -0.1003, 0.0000, 0.0000, 0.0000, 0.0000
3, 3.2800, 328, -0.2723, -1.2728, 0.0041, 19.5267, -28.7241, -15.5442, 0.0000, 0.0000, 0.0000, 0.0000, 0.0000, 0.0000, 0.7177, -0.6884, 0.0735, -0.0746, 0.0631, 0.2959, -0.0471, 0.0000, 0.0000, 0.0000, 0.0000
2, 3.2700, 327, -0.3173, -1.6931, -1.0272, 1.9289, 40.2130, -62.8305, 0.0000, 0.0000, 0.0000, 0.0000, 0.0000, 0.0000, -0.8926, 0.4014, -0.1357, 0.1539, -0.0522, 1.0195, 0.3872, 0.0000, 0.0000, 0.0000, 0.0000
1, 3.2700, 327, 0.3342, -0.6415, -0.7352, 3.9958, 3.5931, -2.7618, 0.0000, 0.0000, 0.0000, 0.0000, 0.0000, 0.0000, 0.1664, 0.0953, -0.3798, -0.9050, -0.0355, -0.0140, 0.0417, 0.0000, 0.0000, 0.0000, 0.0000
3, 3.2900, 329, -0.2704, -1.2062, -0.0432, 18.7821, -19.1830, -14.6729, 0.0000, 0.0000, 0.0000, 0.0000, 0.0000, 0.0000, 0.7165, -0.6898, 0.0737, -0.0727, 0.0636, 0.2286, 0.0044, 0.0000, 0.0000, 0.0000, 0.0000
1, 3.2800, 328, 0.3557, -0.6444, -0.7145, 5.1600, 3.8791, -1.8767, 0.0000, 0.0000, 0.0000, 0.0000, 0.0000, 0.0000, 0.1665, 0.0956, -0.3803, -0.9047, -0.0562, -0.0116, 0.0217, 0.0000, 0.0000, 0.0000, 0.0000
1, 3.2900, 329, 0.3486, -0.6457, -0.7081, 5.2146, 3.0261, -0.1262, 0.0000, 0.0000, 0.0000, 0.0000, 0.0000, 0.0000, 0.1665, 0.0961, -0.3806, -0.9045, -0.0486, -0.0109, 0.0161, 0.0000, 0.0000, 0.0000, 0.0000
3, 3.3000, 330, -0.2380, -1.1254, -0.0741, 15.0573, -13.2769, -14.7635, 0.0000, 0.0000, 0.0000, 0.0000, 0.0000, 0.0000, 0.7156, -0.6909, 0.0736, -0.0711, 0.0336, 0.1471, 0.0387, 0.0000, 0.0000, 0.0000, 0.0000
1, 3.3000, 330, 0.3542, -0.6423, -0.7026, 4.4482, 1.0548, 0.6199, 0.0000, 0.0000, 0.0000, 0.0000, 0.0000, 0.0000, 0.1664, 0.0961, -0.3810, -0.9044, -0.0537, -0.0147, 0.0112, 0.0000, 0.0000, 0.0000, 0.0000
3, 3.3100, 331, -0.2036, -1.0521, -0.0651, 9.5626, -8.7403, -15.8732, 0.0000, 0.0000, 0.0000, 0.0000, 0.0000, 0.0000, 0.7151, -0.6917, 0.0731, -0.0696, 0.0018, 0.0732, 0.0321, 0.0000, 0.0000, 0.0000, 0.0000
2, 3.2800, 328, -0.5121, -1.0833, -0.7358, -17.5459, 9.5297, -47.8401, 0.0000, 0.0000, 0.0000, 0.0000, 0.0000, 0.0000, -0.8940, 0.4005, -0.1335, 0.1503, 0.1505, 0.4078, 0.0932, 0.0000, 0.0000, 0.0000, 0.0000
1, 3.3100, 331, 0.3402, -0.6449, -0.7091, 4.2015, -0.0567, 1.3948, 0.0000, 0.0000, 0.0000, 0.0000, 0.0000, 0.0000, 0.1663, 0.0960, -0.3813, -0.9043, -0.0398, -0.0127, 0.0182, 0.0000, 0.0000, 0.0000, 0.0000
3, 3.3200, 332, -0.1561, -1.0022, -0.0156, 10.0709, -3.7593, -17.4574, 0.0000, 0.0000, 0.0000, 0.0000, 0.0000, 0.0000, 0.7145, -0.6925, 0.0722, -0.0682, -0.0429, 0.0227, -0.0157, 0.0000, 0.0000, 0.0000, 0.0000
2, 3.2900, 329, -0.3884, -0.9405, -0.5852, -12.6427, 6.0222, -66.6338, 0.0000, 0.0000, 0.0000, 0.0000, 0.0000, 0.0000, -0.8953, 0.4002, -0.1308, 0.1452, 0.0344, 0.2631, -0.0597, 0.0000, 0.0000, 0.0000, 0.0000
1, 3.3200, 332, 0.3228, -0.6399, -0.7146, 3.3826, -0.7814, 1.2965, 0.0000, 0.0000, 0.0000, 0.0000, 0.0000, 0.0000, 0.1663, 0.0958, -0.3816, -0.9042, -0.0225, -0.0181, 0.0240, 0.0000, 0.0000, 0.0000, 0.0000
3, 3.3300, 333, -0.1310, -1.0363, 0.0387, 17.8293, 1.5951, -19.2773, 0.0000, 0.0000, 0.0000, 0.0000, 0.0000, 0.0000, 0.7136, -0.6937, 0.0708, -0.0672, -0.0646, 0.0561, -0.0673, 0.0000, 0.0000, 0.0000, 0.0000
2, 3.3000, 330, -0.2285, -0.9266, -0.5578, -1.2594, 0.2879, -90.0161, 0.0000, 0.0000, 0.0000, 0.0000, 0.0000, 0.0000, -0.8965, 0.4012, -0.1277, 0.1381, -0.1154, 0.2448, -0.0878, 0.0000, 0.0000, 0.0000, 0.0000
1, 3.3300, 333, 0.3157, -0.6402, -0.7148, 3.6474, -0.5521, 1.0674, 0.0000, 0.0000, 0.0000, 0.0000, 0.0000, 0.0000, 0.1663, 0.0957, -0.3819, -0.9041, -0.0157, -0.0183, 0.0246, 0.0000, 0.0000, 0.0000, 0.0000
3, 3.3400, 334, -0.1177, -1.0766, 0.0489, 20.5988, 7.3198, -22.0169, 0.0000, 0.0000, 0.0000, 0.0000, 0.0000, 0.0000, 0.7125, -0.6951, 0.0689, -0.0664, -0.0743, 0.0956, -0.0743, 0.0000, 0.0000, 0.0000, 0.0000
2, 3.3100, 331, -0.2472, -0.9399, -0.5302, 8.3226, -11.8833, -101.8868, 0.0000, 0.0000, 0.0000, 0.0000, 0.0000, 0.0000, -0.8973, 0.4031, -0.1250, 0.1298, -0.0858, 0.2517, -0.1144, 0.0000, 0.0000, 0.0000, 0.0000
1, 3.3400, 334, 0.3205, -0.6374, -0.7027, 3.8963, -0.5111, 0.8393, 0.0000, 0.0000, 0.0000, 0.0000, 0.0000, 0.0000, 0.1663, 0.0956, -0.3820, -0.9040, -0.0206, -0.0215, 0.0129, 0.0000, 0.0000, 0.0000, 0.0000
1, 3.3500, 335, 0.3237, -0.6325, -0.6949, 3.1431, -0.3413, 0.4918, 0.0000, 0.0000, 0.0000, 0.0000, 0.0000, 0.0000, 0.1663, 0.0956, -0.3822, -0.9039, -0.0238, -0.0265, 0.0052, 0.0000, 0.0000, 0.0000, 0.0000
3, 3.3500, 335, -0.1114, -1.0450, 0.0554, 19.8360, 10.6547, -25.0157, 0.0000, 0.0000, 0.0000, 0.0000, 0.0000, 0.0000, 0.7115, -0.6964, 0.0666, -0.0656, -0.0765, 0.0631, -0.0777, 0.0000, 0.0000, 0.0000, 0.0000
2, 3.3200, 332, -0.3298, -0.9666, -0.4908, 12.1305, -19.8529, -105.6176, 0.0000, 0.0000, 0.0000, 0.0000, 0.0000, 0.0000, -0.8978, 0.4054, -0.1226, 0.1210, 0.0075, 0.2712, -0.1515, 0.0000, 0.0000, 0.0000, 0.0000
3, 3.3600, 336, -0.1191, -0.9943, 0.0661, 17.7938, 10.9601, -26.1360, 0.0000, 0.0000, 0.0000, 0.0000, 0.0000, 0.0000, 0.7106, -0.6976, 0.0642, -0.0648, -0.0643, 0.0114, -0.0855, 0.0000, 0.0000, 0.0000, 0.0000
1, 3.3600, 336, 0.3215, -0.6363, -0.6970, 1.9664, -0.0912, 0.1977, 0.0000, 0.0000, 0.0000, 0.0000, 0.0000, 0.0000, 0.1663, 0.0955, -0.3824, -0.9039, -0.0216, -0.0231, 0.0076, 0.0000, 0.0000, 0.0000, 0.0000
2, 3.3300, 333, -0.3381, -0.8659, -0.4459, 13.2971, -19.2660, -104.7906, 0.0000, 0.0000, 0.0000, 0.0000, 0.0000, 0.0000, -0.8982, 0.4077, -0.1203, 0.1122, 0.0264, 0.1631, -0.1937, 0.0000, 0.0000, 0.0000, 0.0000
2, 3.3400, 334, -0.2938, -0.7145, -0.4217, 15.9075, -15.0414, -101.5005, 0.0000, 0.0000, 0.0000, 0.0000, 0.0000, 0.0000, -0.8984, 0.4102, -0.1177, 0.1039, -0.0070, 0.0047, -0.2151, 0.0000, 0.0000, 0.0000, 0.0000
1, 3.3700, 337, 0.3245, -0.6314, -0.6930, 0.5768, 0.1022, 0.0793, 0.0000, 0.0000, 0.0000, 0.0000, 0.0000, 0.0000, 0.1663, 0.0955, -0.3824, -0.9039, -0.0246, -0.0281, 0.0037, 0.0000, 0.0000, 0.0000, 0.0000
2, 3.3500, 335, -0.2242, -0.5770, -0.4260, 20.8469, -15.1542, -94.4875, 0.0000, 0.0000, 0.0000, 0.0000, 0.0000, 0.0000, -0.8983, 0.4129, -0.1153, 0.0962, -0.0661, -0.1400, -0.2077, 0.0000, 0.0000, 0.0000, 0.0000
2, 3.3600, 336, -0.1655, -0.4622, -0.4042, 27.3450, -18.5489, -82.3471, 0.0000, 0.0000, 0.0000, 0.0000, 0.0000, 0.0000, -0.8978, 0.4161, -0.1136, 0.0893, -0.1158, -0.2620, -0.2255, 0.0000, 0.0000, 0.0000, 0.0000
3, 3.3700, 337, -0.1363, -0.9285, 0.0475, 13.6345, 9.4115, -24.4852, 0.0000, 0.0000, 0.0000, 0.0000, 0.0000, 0.0000, 0.7099, -0.6986, 0.0621, -0.0639, -0.0427, -0.0552, -0.0645, 0.0000, 0.0000, 0.0000, 0.0000
1, 3.3800, 338, 0.3300, -0.6308, -0.6892, -1.0972, 0.6347, -0.0398, 0.0000, 0.0000, 0.0000, 0.0000, 0.0000, 0.0000, 0.1663, 0.0956, -0.3823, -0.9039, -0.0300, -0.0287, -0.0001, 0.0000, 0.0000, 0.0000, 0.0000
3, 3.3800, 338, -0.1352, -0.9077, 0.0219, 10.5935, 8.8079, -21.9752, 0.0000, 0.0000, 0.0000, 0.0000, 0.0000, 0.0000, 0.7095, -0.6993, 0.0601, -0.0631, -0.0397, -0.0768, -0.0372, 0.0000, 0.0000, 0.0000, 0.0000
2, 3.3700, 337, -0.1501, -0.3644, -0.3924, 33.7866, -21.3982, -67.8006, 0.0000, 0.0000, 0.0000, 0.0000, 0.0000, 0.0000, -0.8969, 0.4195, -0.1125, 0.0836, -0.1241, -0.3668, -0.2323, 0.0000, 0.0000, 0.0000, 0.0000
1, 3.3900, 339, 0.3260, -0.6269, -0.6954, -2.5992, 1.2673, 0.0670, 0.0000, 0.0000, 0.0000, 0.0000, 0.0000, 0.0000, 0.1663, 0.0964, -0.3818, -0.9040, -0.0257, -0.0321, 0.0059, 0.0000, 0.0000, 0.0000, 0.0000
2, 3.3800, 338, -0.0985, -0.2563, -0.3969, 39.9100, -22.3461, -51.4313, 0.0000, 0.0000, 0.0000, 0.0000, 0.0000, 0.0000, -0.8955, 0.4233, -0.1121, 0.0791, -0.1707, -0.4816, -0.2220, 0.0000, 0.0000, 0.0000, 0.0000
1, 3.4000, 340, 0.3186, -0.6325, -0.6995, -3.8147, 1.9449, -0.2466, 0.0000, 0.0000, 0.0000, 0.0000, 0.0000, 0.0000, 0.1663, 0.0966, -0.3816, -0.9041, -0.0172, -0.0256, 0.0095, 0.0000, 0.0000, 0.0000, 0.0000
3, 3.3900, 339, -0.1363, -0.9092, -0.0014, 9.6022, 7.0078, -19.0547, 0.0000, 0.0000, 0.0000, 0.0000, 0.0000, 0.0000, 0.7090, -0.7000, 0.0585, -0.0624, -0.0351, -0.0759, -0.0124, 0.0000, 0.0000, 0.0000, 0.0000
1, 3.4100, 341, 0.3219, -0.6319, -0.6945, -5.3784, 2.5199, -0.7505, 0.0000, 0.0000, 0.0000, 0.0000, 0.0000, 0.0000, 0.1662, 0.0969, -0.3812, -0.9043, -0.0202, -0.0255, 0.0041, 0.0000, 0.0000, 0.0000, 0.0000
3, 3.4000, 340, -0.1239, -0.9386, -0.0198, 8.9170, 6.0417, -16.2770, 0.0000, 0.0000, 0.0000, 0.0000, 0.0000, 0.0000, 0.7086, -0.7006, 0.0570, -0.0618, -0.0446, -0.0471, 0.0075, 0.0000, 0.0000, 0.0000, 0.0000
2, 3.3900, 339, -0.0608, -0.1391, -0.3904, 46.1363, -21.1398, -35.4044, 0.0000, 0.0000, 0.0000, 0.0000, 0.0000, 0.0000, -0.8939, 0.4273, -0.1121, 0.0760, -0.2054, -0.6055, -0.2218, 0.0000, 0.0000, 0.0000, 0.0000
1, 3.4200, 342, 0.3172, -0.6329, -0.7028, -6.0221, 2.6099, -1.3425, 0.0000, 0.0000, 0.0000, 0.0000, 0.0000, 0.0000, 0.1662, 0.0972, -0.3807, -0.9044, -0.0150, -0.0238, 0.0118, 0.0000, 0.0000, 0.0000, 0.0000
2, 3.4000, 340, -0.0309, -0.0518, -0.3735, 51.1296, -18.7063, -21.4432, 0.0000, 0.0000, 0.0000, 0.0000, 0.0000, 0.0000, -0.8919, 0.4316, -0.1124, 0.0741, -0.2339, -0.6992, -0.2314, 0.0000, 0.0000, 0.0000, 0.0000
3, 3.4100, 341, -0.0972, -0.9658, -0.0252, 7.4092, 5.5933, -13.7022, 0.0000, 0.0000, 0.0000, 0.0000, 0.0000, 0.0000, 0.7082, -0.7011, 0.0558, -0.0613, -0.0688, -0.0202, 0.0141, 0.0000, 0.0000, 0.0000, 0.0000
1, 3.4300, 343, 0.3247, -0.6397, -0.6955, -6.2727, 2.1067, -2.0027, 0.0000, 0.0000, 0.0000, 0.0000, 0.0000, 0.0000, 0.1662, 0.0975, -0.3802, -0.9046, -0.0220, -0.0161, 0.0039, 0.0000, 0.0000, 0.0000, 0.0000
3, 3.4200, 342, -0.0582, -0.9632, -0.0203, 5.4489, 5.1393, -11.4806, 0.0000, 0.0000, 0.0000, 0.0000, 0.0000, 0.0000, 0.7080, -0.7014, 0.0546, -0.0606, -0.1055, -0.0233, 0.0101, 0.0000, 0.0000, 0.0000, 0.0000
3, 3.4300, 343, -0.0249, -0.9478, -0.0053, 5.1108, 4.2696, -9.4166, 0.0000, 0.0000, 0.0000, 0.0000, 0.0000, 0.0000, 0.7078, -0.7018, 0.0537, -0.0603, -0.1364, -0.0391, -0.0042, 0.0000, 0.0000, 0.0000, 0.0000
2, 3.4100, 341, -0.0137, 0.0149, -0.3615, 54.1441, -15.0898, -10.1324, 0.0000, 0.0000, 0.0000, 0.0000, 0.0000, 0.0000, -0.8898, 0.4360, -0.1129, 0.0733, -0.2510, -0.7720, -0.2357, 0.0000, 0.0000, 0.0000, 0.0000
1, 3.4400, 344, 0.3251, -0.6365, -0.6923, -7.1017, 1.5830, -2.8005, 0.0000, 0.0000, 0.0000, 0.0000, 0.0000, 0.0000, 0.1663, 0.0979, -0.3796, -0.9048, -0.0220, -0.0184, -0.0000, 0.0000, 0.0000, 0.0000, 0.0000
2, 3.4200, 342, -0.0068, 0.0392, -0.3514, 53.8114, -11.6419, -0.0042, 0.0000, 0.0000, 0.0000, 0.0000, 0.0000, 0.0000, -0.8876, 0.4403, -0.1134, 0.0734, -0.2587, -0.8021, -0.2380, 0.0000, 0.0000, 0.0000, 0.0000
3, 3.4400, 344, -0.0168, -0.9345, 0.0034, 6.9115, 3.1225, -7.7861, 0.0000, 0.0000, 0.0000, 0.0000, 0.0000, 0.0000, 0.7074, -0.7022, 0.0530, -0.0601, -0.1430, -0.0526, -0.0119, 0.0000, 0.0000, 0.0000, 0.0000
1, 3.4500, 345, 0.3274, -0.6276, -0.7026, -7.8761, 1.1145, -3.7733, 0.0000, 0.0000, 0.0000, 0.0000, 0.0000, 0.0000, 0.1665, 0.0982, -0.3790, -0.9050, -0.0237, -0.0261, 0.0095, 0.0000, 0.0000, 0.0000, 0.0000
3, 3.4500, 345, -0.0173, -0.9277, 0.0160, 8.1401, 2.5785, -5.5010, 0.0000, 0.0000, 0.0000, 0.0000, 0.0000, 0.0000, 0.7070, -0.7027, 0.0525, -0.0599, -0.1415, -0.0596, -0.0233, 0.0000, 0.0000, 0.0000, 0.0000
2, 3.4300, 343, 0.0004, 0.0536, -0.3513, 50.3346, -8.5600, 11.1113, 0.0000, 0.0000, 0.0000, 0.0000, 0.0000, 0.0000, -0.8855, 0.4441, -0.1142, 0.0744, -0.2678, -0.8215, -0.2307, 0.0000, 0.0000, 0.0000, 0.0000
1, 3.4600, 346, 0.3355, -0.6301, -0.7016, -8.2040, 0.9815, -4.1557, 0.0000, 0.0000, 0.0000, 0.0000, 0.0000, 0.0000, 0.1667, 0.0985, -0.3783, -0.9052, -0.0312, -0.0224, 0.0076, 0.0000, 0.0000, 0.0000, 0.0000
2, 3.4400, 344, 0.0031, 0.0892, -0.3437, 45.8088, -6.4270, 23.2701, 0.0000, 0.0000, 0.0000, 0.0000, 0.0000, 0.0000, -0.8836, 0.4473, -0.1153, 0.0764, -0.2738, -0.8610, -0.2317, 0.0000, 0.0000, 0.0000, 0.0000
3, 3.4600, 346, -0.0207, -0.9333, 0.0279, 10.5061, 2.7932, -3.5604, 0.0000, 0.0000, 0.0000, 0.0000, 0.0000, 0.0000, 0.7064, -0.7034, 0.0520, -0.0599, -0.1373, -0.0541, -0.0336, 0.0000, 0.0000, 0.0000, 0.0000
1, 3.4700, 347, 0.3399, -0.6257, -0.7066, -8.8489, 0.1175, -4.0269, 0.0000, 0.0000, 0.0000, 0.0000, 0.0000, 0.0000, 0.1670, 0.0988, -0.3776, -0.9054, -0.0350, -0.0255, 0.0117, 0.0000, 0.0000, 0.0000, 0.0000
3, 3.4700, 347, -0.0336, -0.9456, 0.0341, 11.3139, 3.7791, -0.9751, 0.0000, 0.0000, 0.0000, 0.0000, 0.0000, 0.0000, 0.7056, -0.7042, 0.0515, -0.0597, -0.1239, -0.0419, -0.0380, 0.0000, 0.0000, 0.0000, 0.0000
3, 3.4800, 348, -0.0490, -0.9544, 0.0288, 10.0151, 5.7327, 1.3755, 0.0000, 0.0000, 0.0000, 0.0000, 0.0000, 0.0000, 0.7050, -0.7048, 0.0511, -0.0602, -0.1078, -0.0332, -0.0307, 0.0000, 0.0000, 0.0000, 0.0000
2, 3.4500, 345, -0.0172, 0.0909, -0.3292, 40.6024, -1.2805, 36.0891, 0.0000, 0.0000, 0.0000, 0.0000, 0.0000, 0.0000, -0.8817, 0.4501, -0.1165, 0.0796, -0.2580, -0.8653, -0.2404, 0.0000, 0.0000, 0.0000, 0.0000
1, 3.4800, 348, 0.3110, -0.6187, -0.7169, -8.6561, -0.0374, -3.8696, 0.0000, 0.0000, 0.0000, 0.0000, 0.0000, 0.0000, 0.1672, 0.0991, -0.3769, -0.9056, -0.0058, -0.0312, 0.0210, 0.0000, 0.0000, 0.0000, 0.0000
2, 3.4600, 346, -0.0117, 0.0961, -0.3102, 35.7304, 4.7902, 47.9964, 0.0000, 0.0000, 0.0000, 0.0000, 0.0000, 0.0000, -0.8800, 0.4523, -0.1178, 0.0838, -0.2692, -0.8722, -0.2545, 0.0000, 0.0000, 0.0000, 0.0000
3, 3.4900, 349, -0.0706, -0.9540, 0.0297, 8.3414, 8.6393, 3.2273, 0.0000, 0.0000, 0.0000, 0.0000, 0.0000, 0.0000, 0.7045, -0.7052, 0.0508, -0.0609, -0.0867, -0.0335, -0.0302, 0.0000, 0.0000, 0.0000, 0.0000
1, 3.4900, 349, 0.3213, -0.6119, -0.7193, -7.9248, -0.2925, -4.4646, 0.0000, 0.0000, 0.0000, 0.0000, 0.0000, 0.0000, 0.1676, 0.0994, -0.3760, -0.9059, -0.0155, -0.0368, 0.0224, 0.0000, 0.0000, 0.0000, 0.0000
2, 3.4700, 347, 0.0077, 0.0954, -0.3170, 30.7832, 9.7942, 59.5683, 0.0000, 0.0000, 0.0000, 0.0000, 0.0000, 0.0000, -0.8785, 0.4540, -0.1192, 0.0891, -0.2952, -0.8719, -0.2436, 0.0000, 0.0000, 0.0000, 0.0000
3, 3.5000, 350, -0.0902, -0.9359, 0.0360, 5.6565, 12.4005, 4.6452, 0.0000, 0.0000, 0.0000, 0.0000, 0.0000, 0.0000, 0.7042, -0.7055, 0.0503, -0.0620, -0.0678, -0.0515, -0.0357, 0.0000, 0.0000, 0.0000, 0.0000
2, 3.4800, 348, 0.0029, 0.0688, -0.3175, 26.2106, 12.0043, 70.4696, 0.0000, 0.0000, 0.0000, 0.0000, 0.0000, 0.0000, -0.8770, 0.4552, -0.1208, 0.0952, -0.2983, -0.8447, -0.2400, 0.0000, 0.0000, 0.0000, 0.0000
1, 3.5000, 350, 0.3294, -0.6094, -0.7245, -6.9123, 0.0014, -4.0854, 0.0000, 0.0000, 0.0000, 0.0000, 0.0000, 0.0000, 0.1678, 0.0996, -0.3755, -0.9061, -0.0230, -0.0379, 0.0266, 0.0000, 0.0000, 0.0000, 0.0000
3, 3.5100, 351, -0.1107, -0.9205, 0.0438, 4.0287, 16.6680, 6.2435, 0.0000, 0.0000, 0.0000, 0.0000, 0.0000, 0.0000, 0.7040, -0.7056, 0.0496, -0.0634, -0.0482, -0.0668, -0.0432, 0.0000, 0.0000, 0.0000, 0.0000
1, 3.5100, 351, 0.3288, -0.6118, -0.7227, -6.2493, 0.4509, -3.9852, 0.0000, 0.0000, 0.0000, 0.0000, 0.0000, 0.0000, 0.1681, 0.0999, -0.3749, -0.9062, -0.0219, -0.0345, 0.0241, 0.0000, 0.0000, 0.0000, 0.0000
3, 3.5200, 352, -0.1391, -0.9260, 0.0474, 4.9678, 20.8642, 8.2141, 0.0000, 0.0000, 0.0000, 0.0000, 0.0000, 0.0000, 0.7037, -0.7058, 0.0488, -0.0652, -0.0211, -0.0611, -0.0465, 0.0000, 0.0000, 0.0000, 0.0000
2, 3.4900, 349, -0.0220, 0.0124, -0.3231, 19.0955, 11.8344, 81.1209, 0.0000, 0.0000, 0.0000, 0.0000, 0.0000, 0.0000, -0.8757, 0.4556, -0.1230, 0.1021, -0.2827, -0.7864, -0.2320, 0.0000, 0.0000, 0.0000, 0.0000
2, 3.5000, 350, -0.0715, -0.0565, -0.3220, 9.4832, 12.7605, 92.2958, 0.0000, 0.0000, 0.0000, 0.0000, 0.0000, 0.0000, -0.8746, 0.4552, -0.1256, 0.1098, -0.2438, -0.7139, -0.2322, 0.0000, 0.0000, 0.0000, 0.0000
3, 3.5300, 353, -0.1686, -0.9285, 0.0572, 5.5109, 24.6752, 10.5682, 0.0000, 0.0000, 0.0000, 0.0000, 0.0000, 0.0000, 0.7034, -0.7060, 0.0479, -0.0674, 0.0067, -0.0583, -0.0558, 0.0000, 0.0000, 0.0000, 0.0000
2, 3.5100, 351, -0.1360, -0.1206, -0.3248, -0.5942, 16.6703, 103.9989, 0.0000, 0.0000, 0.0000, 0.0000, 0.0000, 0.0000, -0.8738, 0.4538, -0.1285, 0.1183, -0.1912, -0.6445, -0.2298, 0.0000, 0.0000, 0.0000, 0.0000
3, 3.5400, 354, -0.1958, -0.9227, 0.0507, 6.1874, 27.9768, 12.1759, 0.0000, 0.0000, 0.0000, 0.0000, 0.0000, 0.0000, 0.7030, -0.7062, 0.0469, -0.0699, 0.0319, -0.0638, -0.0491, 0.0000, 0.0000, 0.0000, 0.0000
1, 3.5200, 352, 0.3393, -0.6162, -0.7100, -5.9869, 0.1398, -3.6702, 0.0000, 0.0000, 0.0000, 0.0000, 0.0000, 0.0000, 0.1683, 0.1001, -0.3744, -0.9063, -0.0319, -0.0292, 0.0107, 0.0000, 0.0000, 0.0000, 0.0000
2, 3.5200, 352, -0.2060, -0.1673, -0.3316, -7.5801, 24.1347, 114.5424, 0.0000, 0.0000, 0.0000, 0.0000, 0.0000, 0.0000, -0.8731, 0.4517, -0.1312, 0.1279, -0.1340, -0.5908, -0.2249, 0.0000, 0.0000, 0.0000, 0.0000
1, 3.5300, 353, 0.3371, -0.6140, -0.7142, -5.9557, -0.1772, -3.1622, 0.0000, 0.0000, 0.0000, 0.0000, 0.0000, 0.0000, 0.1685, 0.1003, -0.3739, -0.9065, -0.0294, -0.0305, 0.0142, 0.0000, 0.0000, 0.0000, 0.0000
3, 3.5500, 355, -0.2217, -0.9224, 0.0442, 8.0188, 30.8232, 14.1637, 0.0000, 0.0000, 0.0000, 0.0000, 0.0000, 0.0000, 0.7026, -0.7064, 0.0458, -0.0727, 0.0555, -0.0636, -0.0422, 0.0000, 0.0000, 0.0000, 0.0000
3, 3.5600, 356, -0.2267, -0.9330, 0.0356, 9.8403, 34.7511, 15.9867, 0.0000, 0.0000, 0.0000, 0.0000, 0.0000, 0.0000, 0.7020, -0.7067, 0.0446, -0.0759, 0.0579, -0.0527, -0.0330, 0.0000, 0.0000, 0.0000, 0.0000
3, 3.5700, 357, -0.2330, -0.9412, 0.0418, 10.3291, 39.6189, 17.6694, 0.0000, 0.0000, 0.0000, 0.0000, 0.0000, 0.0000, 0.7014, -0.7070, 0.0432, -0.0795, 0.0611, -0.0439, -0.0385, 0.0000, 0.0000, 0.0000, 0.0000
3, 3.5800, 358, -0.2433, -0.9484, 0.0527, 9.4534, 44.7733, 18.8141, 0.0000, 0.0000, 0.0000, 0.0000, 0.0000, 0.0000, 0.7008, -0.7072, 0.0416, -0.0835, 0.0682, -0.0362, -0.0490, 0.0000, 0.0000, 0.0000, 0.0000
1, 3.5400, 354, 0.3371, -0.6141, -0.7172, -6.1845, -0.7165, -2.7920, 0.0000, 0.0000, 0.0000, 0.0000, 0.0000, 0.0000, 0.1687, 0.1006, -0.3733, -0.9067, -0.0290, -0.0294, 0.0165, 0.0000, 0.0000, 0.0000, 0.0000
2, 3.5300, 353, -0.2418, -0.2271, -0.3527, -10.9121, 32.4901, 124.4137, 0.0000, 0.0000, 0.0000, 0.0000, 0.0000, 0.0000, -0.8725, 0.4490, -0.1338, 0.1386, -0.1111, -0.5227, -0.2068, 0.0000, 0.0000, 0.0000, 0.0000
2, 3.5400, 354, -0.2598, -0.2966, -0.3710, -10.3908, 38.6870, 132.8833, 0.0000, 0.0000, 0.0000, 0.0000, 0.0000, 0.0000, -0.8717, 0.4462, -0.1362, 0.1501, -0.1064, -0.4440, -0.1923, 0.0000, 0.0000, 0.0000, 0.0000
2, 3.5500, 355, -0.2996, -0.3819, -0.3876, -5.7371, 43.2601, 142.9799, 0.0000, 0.0000, 0.0000, 0.0000, 0.0000, 0.0000, -0.8705, 0.4434, -0.1385, 0.1626, -0.0805, -0.3488, -0.1795, 0.0000, 0.0000, 0.0000, 0.0000
2, 3.5600, 356, -0.3775, -0.4773, -0.3966, 1.3069, 51.1631, 150.2170, 0.0000, 0.0000, 0.0000, 0.0000, 0.0000, 0.0000, -0.8688, 0.4409, -0.1404, 0.1760, -0.0165, -0.2434, -0.1739, 0.0000, 0.0000, 0.0000, 0.0000
2, 3.5700, 357, -0.4451, -0.5695, -0.4473, 7.4265, 58.3296, 158.1532, 0.0000, 0.0000, 0.0000, 0.0000, 0.0000, 0.0000, -0.8668, 0.4386, -0.1419, 0.1903, 0.0373, -0.1409, -0.1264, 0.0000, 0.0000, 0.0000, 0.0000
1, 3.5500, 355, 0.3192, -0.6166, -0.7262, -6.2430, -0.7427, -2.3376, 0.0000, 0.0000, 0.0000, 0.0000, 0.0000, 0.0000, 0.1689, 0.1007, -0.3728, -0.9069, -0.0107, -0.0257, 0.0247, 0.0000, 0.0000, 0.0000, 0.0000
3, 3.5900, 359, -0.2422, -0.9668, 0.0420, 9.6501, 48.6841, 19.7672, 0.0000, 0.0000, 0.0000, 0.0000, 0.0000, 0.0000, 0.7002, -0.7074, 0.0398, -0.0877, 0.0637, -0.0172, -0.0381, 0.0000, 0.0000, 0.0000, 0.0000
1, 3.5600, 356, 0.3157, -0.6116, -0.7301, -5.8900, -0.5122, -2.5845, 0.0000, 0.0000, 0.0000, 0.0000, 0.0000, 0.0000, 0.1691, 0.1008, -0.3723, -0.9070, -0.0070, -0.0300, 0.0278, 0.0000, 0.0000, 0.0000, 0.0000
3, 3.6000, 360, -0.2331, -0.9842, 0.0180, 8.5431, 52.3511, 20.6057, 0.0000, 0.0000, 0.0000, 0.0000, 0.0000, 0.0000, 0.6997, -0.7074, 0.0378, -0.0922, 0.0511, 0.0010, -0.0141, 0.0000, 0.0000, 0.0000, 0.0000
2, 3.5800, 358, -0.5069, -0.6872, -0.4975, 10.7113, 63.0095, 170.0157, 0.0000, 0.0000, 0.0000, 0.0000, 0.0000, 0.0000, -0.8642, 0.4362, -0.1435, 0.2056, 0.0850, -0.0122, -0.0794, 0.0000, 0.0000, 0.0000, 0.0000
1, 3.5700, 357, 0.3399, -0.6067, -0.7306, -5.3614, -0.3842, -2.7441, 0.0000, 0.0000, 0.0000, 0.0000, 0.0000, 0.0000, 0.1693, 0.1010, -0.3718, -0.9071, -0.0309, -0.0340, 0.0277, 0.0000, 0.0000, 0.0000, 0.0000
1, 3.5800, 358, 0.3662, -0.6032, -0.7249, -4.5827, -0.6194, -1.6280, 0.0000, 0.0000, 0.0000, 0.0000, 0.0000, 0.0000, 0.1694, 0.1011, -0.3714, -0.9073, -0.0570, -0.0368, 0.0215, 0.0000, 0.0000, 0.0000, 0.0000
1, 3.5900, 359, 0.3413, -0.6071, -0.7234, -3.8646, -0.7279, -0.0058, 0.0000, 0.0000, 0.0000, 0.0000, 0.0000, 0.0000, 0.1695, 0.1012, -0.3708, -0.9075, -0.0320, -0.0322, 0.0193, 0.0000, 0.0000, 0.0000, 0.0000
1, 3.6000, 360, 0.3418, -0.6005, -0.7195, -3.5670, -1.0906, 0.3442, 0.0000, 0.0000, 0.0000, 0.0000, 0.0000, 0.0000, 0.1695, 0.1012, -0.3705, -0.9076, -0.0324, -0.0379, 0.0146, 0.0000, 0.0000, 0.0000, 0.0000
3, 3.6100, 361, -0.2185, -0.9988, 0.0072, 6.1349, 56.7284, 21.4628, 0.0000, 0.0000, 0.0000, 0.0000, 0.0000, 0.0000, 0.6993, -0.7073, 0.0356, -0.0971, 0.0328, 0.0162, -0.0039, 0.0000, 0.0000, 0.0000, 0.0000
3, 3.6200, 362, -0.2057, -1.0006, 0.0143, 3.3276, 60.8406, 21.8642, 0.0000, 0.0000, 0.0000, 0.0000, 0.0000, 0.0000, 0.6991, -0.7069, 0.0332, -0.1022, 0.0163, 0.0188, -0.0122, 0.0000, 0.0000, 0.0000, 0.0000
3, 3.6300, 363, -0.1971, -0.9957, 0.0361, 0.9173, 65.1316, 21.7612, 0.0000, 0.0000, 0.0000, 0.0000, 0.0000, 0.0000, 0.6990, -0.7063, 0.0306, -0.1075, 0.0038, 0.0146, -0.0357, 0.0000, 0.0000, 0.0000, 0.0000
1, 3.6100, 361, 0.3417, -0.6099, -0.7183, -3.5007, -1.5286, 0.9400, 0.0000, 0.0000, 0.0000, 0.0000, 0.0000, 0.0000, 0.1694, 0.1011, -0.3702, -0.9078, -0.0326, -0.0280, 0.0130, 0.0000, 0.0000, 0.0000, 0.0000
2, 3.5900, 359, -0.6138, -0.8158, -0.5354, 10.5309, 64.8874, 184.4038, 0.0000, 0.0000, 0.0000, 0.0000, 0.0000, 0.0000, -0.8612, 0.4335, -0.1454, 0.2221, 0.1767, 0.1288, -0.0450, 0.0000, 0.0000, 0.0000, 0.0000
1, 3.6200, 362, 0.3331, -0.6106, -0.7291, -3.3439, -1.7542, 1.2025, 0.0000, 0.0000, 0.0000, 0.0000, 0.0000, 0.0000, 0.1694, 0.1010, -0.3699, -0.9079, -0.0243, -0.0270, 0.0233, 0.0000, 0.0000, 0.0000, 0.0000
2, 3.6000, 360, -0.6946, -0.8999, -0.5294, 7.1042, 67.0360, 197.8052, 0.0000, 0.0000, 0.0000, 0.0000, 0.0000, 0.0000, -0.8578, 0.4302, -0.1477, 0.2396, 0.2413, 0.2270, -0.0552, 0.0000, 0.0000, 0.0000, 0.0000
3, 3.6400, 364, -0.1794, -1.0034, 0.0366, -0.2315, 67.8944, 21.6798, 0.0000, 0.0000, 0.0000, 0.0000, 0.0000, 0.0000, 0.6990, -0.7056, 0.0278, -0.1130, -0.0175, 0.0230, -0.0385, 0.0000, 0.0000, 0.0000, 0.0000
2, 3.6100, 361, -0.6923, -0.9037, -0.4743, 4.8285, 69.9950, 205.4218, 0.0000, 0.0000, 0.0000, 0.0000, 0.0000, 0.0000, -0.8540, 0.4263, -0.1500, 0.2576, 0.2225, 0.2467, -0.1152, 0.0000, 0.0000, 0.0000, 0.0000
3, 3.6500, 365, -0.1713, -1.0032, 0.0396, -2.4587, 69.5070, 21.4571, 0.0000, 0.0000, 0.0000, 0.0000, 0.0000, 0.0000, 0.6991, -0.7047, 0.0249, -0.1186, -0.0293, 0.0236, -0.0442, 0.0000, 0.0000, 0.0000, 0.0000
1, 3.6300, 363, 0.3300, -0.6101, -0.7324, -2.9435, -1.6001, 1.4099, 0.0000, 0.0000, 0.0000, 0.0000, 0.0000, 0.0000, 0.1693, 0.1008, -0.3697, -0.9080, -0.0216, -0.0272, 0.0261, 0.0000, 0.0000, 0.0000, 0.0000
2, 3.6200, 362, -0.6402, -0.8694, -0.4523, 10.2099, 68.8950, 200.3423, 0.0000, 0.0000, 0.0000, 0.0000, 0.0000, 0.0000, -0.8499, 0.4229, -0.1521, 0.2752, 0.1546, 0.2285, -0.1421, 0.0000, 0.0000, 0.0000, 0.0000
1, 3.6400, 364, 0.3272, -0.6093, -0.7338, -2.6452, -1.4422, 1.3557, 0.0000, 0.0000, 0.0000, 0.0000, 0.0000, 0.0000, 0.1694, 0.1008, -0.3691, -0.9082, -0.0190, -0.0276, 0.0270, 0.0000, 0.0000, 0.0000, 0.0000
3, 3.6600, 366, -0.1747, -1.0147, 0.0521, -2.9480, 71.2647, 21.7028, 0.0000, 0.0000, 0.0000, 0.0000, 0.0000, 0.0000, 0.6992, -0.7037, 0.0219, -0.1243, -0.0295, 0.0358, -0.0596, 0.0000, 0.0000, 0.0000, 0.0000
2, 3.6300, 363, -0.5548, -0.8946, -0.3816, 20.4732, 63.8644, 183.6550, 0.0000, 0.0000, 0.0000, 0.0000, 0.0000, 0.0000, -0.8455, 0.4203, -0.1536, 0.2914, 0.0550, 0.2685, -0.2167, 0.0000, 0.0000, 0.0000, 0.0000
3, 3.6700, 367, -0.1833, -1.0217, 0.0432, -4.0081, 71.8968, 22.0385, 0.0000, 0.0000, 0.0000, 0.0000, 0.0000, 0.0000, 0.6993, -0.7026, 0.0189, -0.1300, -0.0245, 0.0435, -0.0540, 0.0000, 0.0000, 0.0000, 0.0000
1, 3.6500, 365, 0.3237, -0.6095, -0.7382, -1.9102, -0.9551, 1.3158, 0.0000, 0.0000, 0.0000, 0.0000, 0.0000, 0.0000, 0.1693, 0.1008, -0.3689, -0.9083, -0.0157, -0.0267, 0.0308, 0.0000, 0.0000, 0.0000, 0.0000
2, 3.6400, 364, -0.5168, -0.9503, -0.3781, 39.1327, 58.8836, 154.3381, 0.0000, 0.0000, 0.0000, 0.0000, 0.0000, 0.0000, -0.8408, 0.4197, -0.1539, 0.3054, 0.0052, 0.3354, -0.2222, 0.0000, 0.0000, 0.0000, 0.0000
1, 3.6600, 366, 0.3465, -0.6121, -0.7278, -1.1538, -0.6702, 1.1196, 0.0000, 0.0000, 0.0000, 0.0000, 0.0000, 0.0000, 0.1692, 0.1007, -0.3688, -0.9084, -0.0386, -0.0239, 0.0203, 0.0000, 0.0000, 0.0000, 0.0000
3, 3.6800, 368, -0.1874, -1.0128, 0.0251, -6.8750, 71.6052, 22.6441, 0.0000, 0.0000, 0.0000, 0.0000, 0.0000, 0.0000, 0.6996, -0.7013, 0.0160, -0.1358, -0.0240, 0.0355, -0.0394, 0.0000, 0.0000, 0.0000, 0.0000
2, 3.6500, 365, -0.5775, -1.0620, -0.3239, 57.8208, 62.8637, 118.4741, 0.0000, 0.0000, 0.0000, 0.0000, 0.0000, 0.0000, -0.8363, 0.4206, -0.1521, 0.3172, 0.0582, 0.4537, -0.2763, 0.0000, 0.0000, 0.0000, 0.0000
2, 3.6600, 366, -0.6719, -1.1460, -0.2351, 75.1777, 81.2615, 75.3243, 0.0000, 0.0000, 0.0000, 0.0000, 0.0000, 0.0000, -0.8325, 0.4228, -0.1468, 0.3266, 0.1505, 0.5388, -0.3644, 0.0000, 0.0000, 0.0000, 0.0000
1, 3.6700, 367, 0.3490, -0.6135, -0.7201, -0.9454, -1.1393, 1.6277, 0.0000, 0.0000, 0.0000, 0.0000, 0.0000, 0.0000, 0.1691, 0.1005, -0.3688, -0.9085, -0.0415, -0.0226, 0.0124, 0.0000, 0.0000, 0.0000, 0.0000
3, 3.6900, 369, -0.2008, -0.9938, 0.0235, -10.3668, 72.7478, 24.1427, 0.0000, 0.0000, 0.0000, 0.0000, 0.0000, 0.0000, 0.7000, -0.6998, 0.0131, -0.1417, -0.0145, 0.0174, -0.0420, 0.0000, 0.0000, 0.0000, 0.0000
2, 3.6700, 367, -0.7596, -1.1477, -0.2427, 88.8665, 101.1911, 27.7727, 0.0000, 0.0000, 0.0000, 0.0000, 0.0000, 0.0000, -0.8296, 0.4260, -0.1380, 0.3335, 0.2432, 0.5358, -0.3564, 0.0000, 0.0000, 0.0000, 0.0000
1, 3.6800, 368, 0.3399, -0.6144, -0.7267, -1.1543, -1.7271, 1.8584, 0.0000, 0.0000, 0.0000, 0.0000, 0.0000, 0.0000, 0.1690, 0.1004, -0.3687, -0.9085, -0.0328, -0.0216, 0.0187, 0.0000, 0.0000, 0.0000, 0.0000
1, 3.6900, 369, 0.3397, -0.6227, -0.7285, -0.8340, -2.1515, 1.8595, 0.0000, 0.0000, 0.0000, 0.0000, 0.0000, 0.0000, 0.1690, 0.1004, -0.3684, -0.9087, -0.0328, -0.0132, 0.0203, 0.0000, 0.0000, 0.0000, 0.0000
2, 3.6800, 368, -2.5300, -4.2620, -0.7702, 54.2395, 99.8166, -14.7981, 0.0000, 0.0000, 0.0000, 0.0000, 0.0000, 0.0000, -0.8292, 0.4272, -0.1286, 0.3368, 2.0244, 3.6419, 0.1703, 0.0000, 0.0000, 0.0000, 0.0000
3, 3.7000, 370, -0.2190, -0.9725, 0.0122, -13.0054, 74.2667, 26.3797, 0.0000, 0.0000, 0.0000, 0.0000, 0.0000, 0.0000, 0.7006, -0.6980, 0.0104, -0.1478, -0.0004, -0.0029, -0.0356, 0.0000, 0.0000, 0.0000, 0.0000
1, 3.7000, 370, 0.3310, -0.6236, -0.7358, -0.7763, -2.4209, 1.6685, 0.0000, 0.0000, 0.0000, 0.0000, 0.0000, 0.0000, 0.1689, 0.1002, -0.3683, -0.9087, -0.0243, -0.0120, 0.0272, 0.0000, 0.0000, 0.0000, 0.0000
3, 3.7100, 371, -0.2150, -0.9489, 0.0126, -14.4931, 76.1219, 29.4629, 0.0000, 0.0000, 0.0000, 0.0000, 0.0000, 0.0000, 0.7011, -0.6961, 0.0077, -0.1543, -0.0088, -0.0253, -0.0412, 0.0000, 0.0000, 0.0000, 0.0000
2, 3.6900, 369, 1.1154, -1.0407, -1.5918, -128.8850, 135.7185, 98.4098, 0.0000, 0.0000, 0.0000, 0.0000, 0.0000, 0.0000, -0.8325, 0.4126, -0.1262, 0.3475, -1.6113, 0.4303, 0.9741, 0.0000, 0.0000, 0.0000, 0.0000
1, 3.7100, 371, 0.3079, -0.6277, -0.7600, 0.2222, -1.3429, 1.2579, 0.0000, 0.0000, 0.0000, 0.0000, 0.0000, 0.0000, 0.1689, 0.1000, -0.3683, -0.9087, -0.0016, -0.0079, 0.0514, 0.0000, 0.0000, 0.0000, 0.0000
2, 3.7000, 370, -0.7441, -0.6695, -1.0363, -136.1583, 73.7904, 32.2368, 0.0000, 0.0000, 0.0000, 0.0000, 0.0000, 0.0000, -0.8371, 0.4001, -0.1262, 0.3510, 0.2500, 0.0824, 0.3951, 0.0000, 0.0000, 0.0000, 0.0000
3, 3.7200, 372, -0.1695, -0.9564, 0.0617, -13.1843, 77.2808, 32.7152, 0.0000, 0.0000, 0.0000, 0.0000, 0.0000, 0.0000, 0.7014, -0.6943, 0.0051, -0.1609, -0.0592, -0.0165, -0.0957, 0.0000, 0.0000, 0.0000, 0.0000
1, 3.7200, 372, 0.3466, -0.6239, -0.7646, 2.8482, 0.3291, 1.0657, 0.0000, 0.0000, 0.0000, 0.0000, 0.0000, 0.0000, 0.1688, 0.1000, -0.3686, -0.9087, -0.0405, -0.0120, 0.0561, 0.0000, 0.0000, 0.0000, 0.0000
3, 3.7300, 373, -0.1883, -0.9624, 0.1688, -12.8592, 78.3855, 35.7496, 0.0000, 0.0000, 0.0000, 0.0000, 0.0000, 0.0000, 0.7017, -0.6924, 0.0027, -0.1678, -0.0457, -0.0090, -0.2080, 0.0000, 0.0000, 0.0000, 0.0000
2, 3.7100, 371, -0.9467, -0.0641, -1.2185, -109.8017, 88.3544, 42.5377, 0.0000, 0.0000, 0.0000, 0.0000, 0.0000, 0.0000, -0.8406, 0.3889, -0.1245, 0.3560, 0.4580, -0.5069, 0.5589, 0.0000, 0.0000, 0.0000, 0.0000
1, 3.7300, 373, 0.3346, -0.6343, -0.8304, 6.4802, 2.2338, 1.7769, 0.0000, 0.0000, 0.0000, 0.0000, 0.0000, 0.0000, 0.1686, 0.1000, -0.3691, -0.9085, -0.0285, -0.0022, 0.1225, 0.0000, 0.0000, 0.0000, 0.0000
2, 3.7200, 372, -0.5860, -0.6311, -1.4281, -87.6147, 43.6020, 23.2212, 0.0000, 0.0000, 0.0000, 0.0000, 0.0000, 0.0000, -0.8433, 0.3808, -0.1248, 0.3582, 0.1020, 0.0739, 0.7534, 0.0000, 0.0000, 0.0000, 0.0000
3, 3.7400, 374, -0.1750, -0.9904, 0.2864, -12.7342, 76.8040, 38.3814, 0.0000, 0.0000, 0.0000, 0.0000, 0.0000, 0.0000, 0.7019, -0.6904, 0.0005, -0.1748, -0.0648, 0.0206, -0.3309, 0.0000, 0.0000, 0.0000, 0.0000
1, 3.7400, 374, 0.4183, -0.6581, -0.8602, 16.9514, 5.0110, 3.4380, 0.0000, 0.0000, 0.0000, 0.0000, 0.0000, 0.0000, 0.1684, 0.1002, -0.3705, -0.9079, -0.1120, 0.0199, 0.1539, 0.0000, 0.0000, 0.0000, 0.0000
3, 3.7500, 375, -0.2372, -0.9999, 0.4459, -18.0361, 73.0601, 38.1509, 0.0000, 0.0000, 0.0000, 0.0000, 0.0000, 0.0000, 0.7024, -0.6882, -0.0014, -0.1815, -0.0085, 0.0319, -0.4963, 0.0000, 0.0000, 0.0000, 0.0000
3, 3.7600, 376, -0.3673, -0.9634, 0.4522, -10.1191, 67.4218, 35.3072, 0.0000, 0.0000, 0.0000, 0.0000, 0.0000, 0.0000, 0.7025, -0.6865, -0.0033, -0.1878, 0.1161, -0.0029, -0.5081, 0.0000, 0.0000, 0.0000, 0.0000
2, 3.7300, 373, -0.5552, -0.5024, -1.2500, -36.1826, 21.0717, 21.1908, 0.0000, 0.0000, 0.0000, 0.0000, 0.0000, 0.0000, -0.8440, 0.3773, -0.1251, 0.3600, 0.0725, -0.0462, 0.5673, 0.0000, 0.0000, 0.0000, 0.0000
1, 3.7500, 375, 0.3969, -0.6824, -0.8594, 29.4002, 7.0420, 7.6630, 0.0000, 0.0000, 0.0000, 0.0000, 0.0000, 0.0000, 0.1678, 0.1000, -0.3730, -0.9070, -0.0902, 0.0410, 0.1561, 0.0000, 0.0000, 0.0000, 0.0000
2, 3.7400, 374, -0.6079, -0.3824, -1.0336, -3.8149, -13.1765, 16.8840, 0.0000, 0.0000, 0.0000, 0.0000, 0.0000, 0.0000, -0.8435, 0.3771, -0.1268, 0.3609, 0.1232, -0.1629, 0.3497, 0.0000, 0.0000, 0.0000, 0.0000
1, 3.7600, 376, 0.4163, -0.6679, -0.8580, 42.3698, 6.3481, 11.5683, 0.0000, 0.0000, 0.0000, 0.0000, 0.0000, 0.0000, 0.1670, 0.0995, -0.3765, -0.9058, -0.1100, 0.0213, 0.1593, 0.0000, 0.0000, 0.0000, 0.0000
3, 3.7700, 377, -0.4956, -0.9484, 0.2451, 15.0432, 55.4429, 27.0516, 0.0000, 0.0000, 0.0000, 0.0000, 0.0000, 0.0000, 0.7010, -0.6866, -0.0052, -0.1929, 0.2397, -0.0166, -0.3028, 0.0000, 0.0000, 0.0000, 0.0000
1, 3.7700, 377, 0.4502, -0.5844, -0.8692, 52.0223, 1.5590, 15.0168, 0.0000, 0.0000, 0.0000, 0.0000, 0.0000, 0.0000, 0.1663, 0.0984, -0.3808, -0.9043, -0.1450, -0.0688, 0.1762, 0.0000, 0.0000, 0.0000, 0.0000
3, 3.7800, 378, -0.4642, -0.9563, 0.0377, 36.0385, 50.1695, 11.5874, 0.0000, 0.0000, 0.0000, 0.0000, 0.0000, 0.0000, 0.6986, -0.6880, -0.0082, -0.1966, 0.2056, -0.0081, -0.0926, 0.0000, 0.0000, 0.0000, 0.0000
1, 3.7800, 378, 0.4747, -0.6147, -0.8525, 58.7093, -0.5224, 17.4665, 0.0000, 0.0000, 0.0000, 0.0000, 0.0000, 0.0000, 0.1654, 0.0969, -0.3856, -0.9025, -0.1714, -0.0461, 0.1660, 0.0000, 0.0000, 0.0000, 0.0000
3, 3.7900, 379, -0.3784, -0.9396, 0.0261, 41.6881, 64.6681, -0.7409, 0.0000, 0.0000, 0.0000, 0.0000, 0.0000, 0.0000, 0.6960, -0.6894, -0.0129, -0.2004, 0.1198, -0.0250, -0.0767, 0.0000, 0.0000, 0.0000, 0.0000
2, 3.7500, 375, -0.3943, -0.5995, -0.7398, 8.6182, -27.8194, 13.3625, 0.0000, 0.0000, 0.0000, 0.0000, 0.0000, 0.0000, -0.8425, 0.3784, -0.1290, 0.3610, -0.0946, 0.0550, 0.0582, 0.0000, 0.0000, 0.0000, 0.0000
1, 3.7900, 379, 0.3816, -0.6300, -0.8476, 61.7692, 6.0058, 18.4531, 0.0000, 0.0000, 0.0000, 0.0000, 0.0000, 0.0000, 0.1643, 0.0959, -0.3906, -0.9007, -0.0801, -0.0391, 0.1683, 0.0000, 0.0000, 0.0000, 0.0000
3, 3.8000, 380, -0.2864, -0.9330, -0.0012, 41.6308, 79.6263, -2.5555, 0.0000, 0.0000, 0.0000, 0.0000, 0.0000, 0.0000, 0.6934, -0.6905, -0.0186, -0.2049, 0.0288, -0.0321, -0.0458, 0.0000, 0.0000, 0.0000, 0.0000
2, 3.7600, 376, -0.4870, -0.5909, -0.5497, 11.1662, -24.6615, 17.1375, 0.0000, 0.0000, 0.0000, 0.0000, 0.0000, 0.0000, -0.8413, 0.3798, -0.1310, 0.3616, -0.0065, 0.0464, -0.1285, 0.0000, 0.0000, 0.0000, 0.0000
2, 3.7700, 377, -0.5720, -0.5760, -0.4718, 2.8527, -14.6223, 18.1646, 0.0000, 0.0000, 0.0000, 0.0000, 0.0000, 0.0000, -0.8405, 0.3803, -0.1326, 0.3625, 0.0746, 0.0324, -0.2042, 0.0000, 0.0000, 0.0000, 0.0000
1, 3.8000, 380, 0.3516, -0.6166, -0.8997, 58.1279, 20.8504, 19.1938, 0.0000, 0.0000, 0.0000, 0.0000, 0.0000, 0.0000, 0.1625, 0.0960, -0.3956, -0.8988, -0.0506, -0.0605, 0.2281, 0.0000, 0.0000, 0.0000, 0.0000
3, 3.8100, 381, -0.2531, -0.9489, -0.0263, 37.9099, 85.8380, 1.4564, 0.0000, 0.0000, 0.0000, 0.0000, 0.0000, 0.0000, 0.6910, -0.6912, -0.0244, -0.2101, -0.0037, -0.0166, -0.0178, 0.0000, 0.0000, 0.0000, 0.0000
2, 3.7800, 378, -0.6155, -0.6183, -0.4717, -5.8906, -1.2706, 16.2325, 0.0000, 0.0000, 0.0000, 0.0000, 0.0000, 0.0000, -0.8401, 0.3797, -0.1335, 0.3635, 0.1157, 0.0765, -0.2039, 0.0000, 0.0000, 0.0000, 0.0000
1, 3.8100, 381, 0.1121, -0.8807, -1.3267, 59.5869, 52.7978, 24.4578, 0.0000, 0.0000, 0.0000, 0.0000, 0.0000, 0.0000, 0.1593, 0.0985, -0.4013, -0.8966, 0.1911, 0.1957, 0.6643, 0.0000, 0.0000, 0.0000, 0.0000
3, 3.8200, 382, -0.3195, -0.9745, -0.0403, 30.6161, 86.8419, 8.9658, 0.0000, 0.0000, 0.0000, 0.0000, 0.0000, 0.0000, 0.6887, -0.6915, -0.0297, -0.2159, 0.0623, 0.0090, -0.0020, 0.0000, 0.0000, 0.0000, 0.0000
2, 3.7900, 379, -0.5951, -0.5724, -0.5679, -12.3230, 9.0108, 12.8257, 0.0000, 0.0000, 0.0000, 0.0000, 0.0000, 0.0000, -0.8402, 0.3785, -0.1337, 0.3647, 0.0945, 0.0329, -0.1092, 0.0000, 0.0000, 0.0000, 0.0000
1, 3.8200, 382, 0.8481, -2.0738, -1.2720, 51.5621, 64.7999, 10.1922, 0.0000, 0.0000, 0.0000, 0.0000, 0.0000, 0.0000, 0.1567, 0.1025, -0.4063, -0.8944, -0.5399, 1.3813, 0.6196, 0.0000, 0.0000, 0.0000, 0.0000
3, 3.8300, 383, -0.4118, -1.0359, -0.1044, 17.9253, 85.2862, 18.0698, 0.0000, 0.0000, 0.0000, 0.0000, 0.0000, 0.0000, 0.6871, -0.6910, -0.0340, -0.2221, 0.1527, 0.0710, 0.0621, 0.0000, 0.0000, 0.0000, 0.0000
2, 3.8000, 380, -0.5358, -0.5713, -0.6691, -14.0420, 12.2293, 10.6756, 0.0000, 0.0000, 0.0000, 0.0000, 0.0000, 0.0000, -0.8404, 0.3770, -0.1336, 0.3657, 0.0354, 0.0344, -0.0101, 0.0000, 0.0000, 0.0000, 0.0000
1, 3.8300, 383, 1.2500, -1.7649, -1.1905, 21.2349, 30.2140, 12.4112, 0.0000, 0.0000, 0.0000, 0.0000, 0.0000, 0.0000, 0.1548, 0.1041, -0.4085, -0.8935, -0.9376, 1.0681, 0.5449, 0.0000, 0.0000, 0.0000, 0.0000
3, 3.8400, 384, -0.4558, -1.1131, -0.1762, 1.3742, 82.6178, 25.8025, 0.0000, 0.0000, 0.0000, 0.0000, 0.0000, 0.0000, 0.6862, -0.6895, -0.0375, -0.2286, 0.1934, 0.1492, 0.1314, 0.0000, 0.0000, 0.0000, 0.0000
2, 3.8100, 381, -0.5247, -0.5494, -0.7304, -11.5173, 11.0441, 8.7223, 0.0000, 0.0000, 0.0000, 0.0000, 0.0000, 0.0000, -0.8407, 0.3757, -0.1334, 0.3665, 0.0248, 0.0149, 0.0490, 0.0000, 0.0000, 0.0000, 0.0000
2, 3.8200, 382, -0.5249, -0.5452, -0.7432, -7.4110, 7.3322, 6.7520, 0.0000, 0.0000, 0.0000, 0.0000, 0.0000, 0.0000, -0.8408, 0.3748, -0.1333, 0.3672, 0.0253, 0.0124, 0.0602, 0.0000, 0.0000, 0.0000, 0.0000
1, 3.8400, 384, 0.9603, -1.1057, -1.1651, -10.0312, -29.3326, 11.8959, 0.0000, 0.0000, 0.0000, 0.0000, 0.0000, 0.0000, 0.1548, 0.1016, -0.4074, -0.8943, -0.6503, 0.4082, 0.5191, 0.0000, 0.0000, 0.0000, 0.0000
1, 3.8500, 385, 0.2717, -0.6815, -0.9610, -13.0138, -46.5481, 10.8933, 0.0000, 0.0000, 0.0000, 0.0000, 0.0000, 0.0000, 0.1555, 0.0977, -0.4058, -0.8953, 0.0319, -0.0150, 0.3108, 0.0000, 0.0000, 0.0000, 0.0000
3, 3.8500, 385, -0.4172, -1.1946, -0.2168, -10.3473, 82.0472, 30.9434, 0.0000, 0.0000, 0.0000, 0.0000, 0.0000, 0.0000, 0.6859, -0.6873, -0.0403, -0.2354, 0.1506, 0.2321, 0.1671, 0.0000, 0.0000, 0.0000, 0.0000
2, 3.8300, 383, -0.5147, -0.5535, -0.7185, -3.6078, 3.4951, 4.9626, 0.0000, 0.0000, 0.0000, 0.0000, 0.0000, 0.0000, -0.8408, 0.3744, -0.1334, 0.3676, 0.0152, 0.0218, 0.0346, 0.0000, 0.0000, 0.0000, 0.0000
1, 3.8600, 386, 0.0261, -0.4934, -0.8203, 4.3623, -16.4042, 16.0590, 0.0000, 0.0000, 0.0000, 0.0000, 0.0000, 0.0000, 0.1549, 0.0958, -0.4061, -0.8955, 0.2724, -0.2035, 0.1682, 0.0000, 0.0000, 0.0000, 0.0000
2, 3.8400, 384, -0.5184, -0.5571, -0.6904, -0.7381, 1.4654, 3.5961, 0.0000, 0.0000, 0.0000, 0.0000, 0.0000, 0.0000, -0.8406, 0.3744, -0.1334, 0.3679, 0.0188, 0.0258, 0.0062, 0.0000, 0.0000, 0.0000, 0.0000
1, 3.8700, 387, 0.0942, -0.5902, -0.7736, 18.0887, 25.9113, 32.3171, 0.0000, 0.0000, 0.0000, 0.0000, 0.0000, 0.0000, 0.1516, 0.0964, -0.4081, -0.8951, 0.2024, -0.1096, 0.1237, 0.0000, 0.0000, 0.0000, 0.0000
3, 3.8600, 386, -0.3558, -1.2859, -0.2202, -13.8382, 79.1572, 32.2949, 0.0000, 0.0000, 0.0000, 0.0000, 0.0000, 0.0000, 0.6858, -0.6850, -0.0428, -0.2421, 0.0846, 0.3250, 0.1646, 0.0000, 0.0000, 0.0000, 0.0000
2, 3.8500, 385, -0.5041, -0.5562, -0.6790, 0.6705, 0.5758, 2.6156, 0.0000, 0.0000, 0.0000, 0.0000, 0.0000, 0.0000, -0.8405, 0.3744, -0.1335, 0.3681, 0.0041, 0.0250, -0.0050, 0.0000, 0.0000, 0.0000, 0.0000
2, 3.8600, 386, -0.4899, -0.5484, -0.6810, 1.2716, 0.0027, 1.7115, 0.0000, 0.0000, 0.0000, 0.0000, 0.0000, 0.0000, -0.8404, 0.3745, -0.1335, 0.3683, -0.0102, 0.0172, -0.0029, 0.0000, 0.0000, 0.0000, 0.0000
3, 3.8700, 387, -0.2717, -1.3572, -0.2018, -20.3478, 78.0170, 31.2325, 0.0000, 0.0000, 0.0000, 0.0000, 0.0000, 0.0000, 0.6861, -0.6822, -0.0452, -0.2487, -0.0041, 0.3980, 0.1395, 0.0000, 0.0000, 0.0000, 0.0000
3, 3.8800, 388, -0.1986, -1.2957, -0.1807, -27.5500, 76.9927, 26.2684, 0.0000, 0.0000, 0.0000, 0.0000, 0.0000, 0.0000, 0.6868, -0.6790, -0.0476, -0.2550, -0.0810, 0.3381, 0.1104, 0.0000, 0.0000, 0.0000, 0.0000
3, 3.8900, 389, -0.1579, -1.1604, -0.1527, -29.3853, 78.3015, 22.5230, 0.0000, 0.0000, 0.0000, 0.0000, 0.0000, 0.0000, 0.6877, -0.6755, -0.0504, -0.2611, -0.1245, 0.2044, 0.0738, 0.0000, 0.0000, 0.0000, 0.0000
1, 3.8800, 388, 0.3670, -0.7733, -0.8049, 12.5971, 44.4914, 57.3017, 0.0000, 0.0000, 0.0000, 0.0000, 0.0000, 0.0000, 0.1456, 0.0977, -0.4101, -0.8950, -0.0717, 0.0692, 0.1591, 0.0000, 0.0000, 0.0000, 0.0000
2, 3.8700, 387, -0.4887, -0.5503, -0.6841, 1.8017, -1.1186, 1.7463, 0.0000, 0.0000, 0.0000, 0.0000, 0.0000, 0.0000, -0.8403, 0.3747, -0.1336, 0.3684, -0.0116, 0.0191, 0.0004, 0.0000, 0.0000, 0.0000, 0.0000
2, 3.8800, 388, -0.4903, -0.5540, -0.6761, 2.3871, -2.4106, 1.8177, 0.0000, 0.0000, 0.0000, 0.0000, 0.0000, 0.0000, -0.8401, 0.3749, -0.1337, 0.3685, -0.0105, 0.0227, -0.0073, 0.0000, 0.0000, 0.0000, 0.0000
1, 3.8900, 389, 0.4483, -0.8103, -0.8329, -5.9943, 39.2761, 81.9809, 0.0000, 0.0000, 0.0000, 0.0000, 0.0000, 0.0000, 0.1378, 0.0979, -0.4108, -0.8959, -0.1572, 0.1023, 0.1895, 0.0000, 0.0000, 0.0000, 0.0000
3, 3.9000, 390, -0.1249, -1.0426, -0.1295, -26.0200, 80.3600, 21.0713, 0.0000, 0.0000, 0.0000, 0.0000, 0.0000, 0.0000, 0.6884, -0.6722, -0.0533, -0.2672, -0.1600, 0.0881, 0.0419, 0.0000, 0.0000, 0.0000, 0.0000
1, 3.9000, 390, 0.3374, -0.7355, -0.7969, -24.4452, 33.9869, 98.7840, 0.0000, 0.0000, 0.0000, 0.0000, 0.0000, 0.0000, 0.1286, 0.0973, -0.4102, -0.8976, -0.0538, 0.0248, 0.1529, 0.0000, 0.0000, 0.0000, 0.0000
3, 3.9100, 391, -0.1123, -0.9788, -0.1476, -18.2376, 76.6457, 20.5188, 0.0000, 0.0000, 0.0000, 0.0000, 0.0000, 0.0000, 0.6886, -0.6694, -0.0563, -0.2730, -0.1748, 0.0256, 0.0525, 0.0000, 0.0000, 0.0000, 0.0000
2, 3.8900, 389, -0.4955, -0.5576, -0.6644, 2.6609, -3.0247, 1.9487, 0.0000, 0.0000, 0.0000, 0.0000, 0.0000, 0.0000, -0.8399, 0.3754, -0.1338, 0.3684, -0.0058, 0.0260, -0.0184, 0.0000, 0.0000, 0.0000, 0.0000
1, 3.9100, 391, 0.2487, -0.6539, -0.7191, -36.3274, 42.5704, 107.0593, 0.0000, 0.0000, 0.0000, 0.0000, 0.0000, 0.0000, 0.1184, 0.0972, -0.4087, -0.8997, 0.0262, -0.0581, 0.0730, 0.0000, 0.0000, 0.0000, 0.0000
2, 3.9000, 390, -0.4975, -0.5615, -0.6727, 2.7730, -3.4668, 1.9521, 0.0000, 0.0000, 0.0000, 0.0000, 0.0000, 0.0000, -0.8397, 0.3757, -0.1341, 0.3685, -0.0043, 0.0295, -0.0093, 0.0000, 0.0000, 0.0000, 0.0000
3, 3.9200, 392, -0.1431, -0.9723, -0.1708, -9.8045, 70.4511, 18.2772, 0.0000, 0.0000, 0.0000, 0.0000, 0.0000, 0.0000, 0.6885, -0.6672, -0.0593, -0.2782, -0.1459, 0.0203, 0.0701, 0.0000, 0.0000, 0.0000, 0.0000
3, 3.9300, 393, -0.1650, -0.8874, -0.1746, -10.5034, 65.6245, 15.4572, 0.0000, 0.0000, 0.0000, 0.0000, 0.0000, 0.0000, 0.6884, -0.6650, -0.0621, -0.2830, -0.1254, -0.0636, 0.0686, 0.0000, 0.0000, 0.0000, 0.0000
3, 3.9400, 394, -0.2128, -0.8044, -0.1872, -8.0498, 60.1162, 13.6650, 0.0000, 0.0000, 0.0000, 0.0000, 0.0000, 0.0000, 0.6882, -0.6631, -0.0647, -0.2873, -0.0788, -0.1457, 0.0766, 0.0000, 0.0000, 0.0000, 0.0000
2, 3.9100, 391, -0.5013, -0.5561, -0.6667, 3.5807, -3.8533, 1.9627, 0.0000, 0.0000, 0.0000, 0.0000, 0.0000, 0.0000, -0.8395, 0.3760, -0.1343, 0.3686, -0.0011, 0.0238, -0.0147, 0.0000, 0.0000, 0.0000, 0.0000
1, 3.9200, 392, 0.2548, -0.5955, -0.6228, -41.6975, 56.5163, 110.1157, 0.0000, 0.0000, 0.0000, 0.0000, 0.0000, 0.0000, 0.1074, 0.0982, -0.4069, -0.9018, 0.0123, -0.1172, -0.0258, 0.0000, 0.0000, 0.0000, 0.0000
1, 3.9300, 393, 0.3010, -0.5980, -0.5150, -44.5170, 63.6180, 111.0848, 0.0000, 0.0000, 0.0000, 0.0000, 0.0000, 0.0000, 0.0960, 0.0996, -0.4049, -0.9038, -0.0407, -0.1148, -0.1362, 0.0000, 0.0000, 0.0000, 0.0000
1, 3.9400, 394, 0.3391, -0.5706, -0.4346, -44.6414, 60.5633, 107.9224, 0.0000, 0.0000, 0.0000, 0.0000, 0.0000, 0.0000, 0.0849, 0.1010, -0.4028, -0.9057, -0.0853, -0.1421, -0.2194, 0.0000, 0.0000, 0.0000, 0.0000
3, 3.9500, 395, -0.2807, -0.7599, -0.1867, -6.1127, 52.2672, 13.6484, 0.0000, 0.0000, 0.0000, 0.0000, 0.0000, 0.0000, 0.6879, -0.6615, -0.0669, -0.2912, -0.0120, -0.1894, 0.0722, 0.0000, 0.0000, 0.0000, 0.0000
3, 3.9600, 396, -0.3175, -0.7335, -0.2043, -8.4544, 42.7519, 16.0683, 0.0000, 0.0000, 0.0000, 0.0000, 0.0000, 0.0000, 0.6877, -0.6600, -0.0683, -0.2947, 0.0232, -0.2149, 0.0861, 0.0000, 0.0000, 0.0000, 0.0000
1, 3.9500, 395, 0.2721, -0.4961, -0.3482, -38.1914, 53.9712, 98.1191, 0.0000, 0.0000, 0.0000, 0.0000, 0.0000, 0.0000, 0.0749, 0.1021, -0.4011, -0.9073, -0.0245, -0.2164, -0.3084, 0.0000, 0.0000, 0.0000, 0.0000
2, 3.9200, 392, -0.4902, -0.5463, -0.6681, 4.0034, -5.1358, 2.3424, 0.0000, 0.0000, 0.0000, 0.0000, 0.0000, 0.0000, -0.8392, 0.3764, -0.1346, 0.3686, -0.0129, 0.0138, -0.0125, 0.0000, 0.0000, 0.0000, 0.0000
1, 3.9600, 396, 0.1952, -0.4447, -0.2677, -24.9644, 51.2120, 82.7196, 0.0000, 0.0000, 0.0000, 0.0000, 0.0000, 0.0000, 0.0664, 0.1034, -0.4001, -0.9082, 0.0473, -0.2680, -0.3905, 0.0000, 0.0000, 0.0000, 0.0000
3, 3.9700, 397, -0.3126, -0.7586, -0.2097, -10.5029, 32.1508, 19.6336, 0.0000, 0.0000, 0.0000, 0.0000, 0.0000, 0.0000, 0.6876, -0.6586, -0.0688, -0.2978, 0.0160, -0.1886, 0.0880, 0.0000, 0.0000, 0.0000, 0.0000
3, 3.9800, 398, -0.2773, -0.7961, -0.2122, -13.7393, 25.0032, 22.4836, 0.0000, 0.0000, 0.0000, 0.0000, 0.0000, 0.0000, 0.6877, -0.6572, -0.0687, -0.3007, -0.0223, -0.1496, 0.0868, 0.0000, 0.0000, 0.0000, 0.0000
1, 3.9700, 397, 0.1361, -0.4324, -0.2226, -8.9850, 52.9110, 66.3449, 0.0000, 0.0000, 0.0000, 0.0000, 0.0000, 0.0000, 0.0592, 0.1054, -0.4003, -0.9084, 0.1033, -0.2816, -0.4352, 0.0000, 0.0000, 0.0000, 0.0000
2, 3.9300, 393, -0.4754, -0.5608, -0.6543, 4.5507, -6.6134, 3.1274, 0.0000, 0.0000, 0.0000, 0.0000, 0.0000, 0.0000, -0.8389, 0.3770, -0.1350, 0.3687, -0.0287, 0.0280, -0.0255, 0.0000, 0.0000, 0.0000, 0.0000
2, 3.9400, 394, -0.5014, -0.5655, -0.6514, 4.8118, -7.1315, 5.1771, 0.0000, 0.0000, 0.0000, 0.0000, 0.0000, 0.0000, -0.8384, 0.3777, -0.1357, 0.3689, -0.0040, 0.0325, -0.0272, 0.0000, 0.0000, 0.0000, 0.0000
1, 3.9800, 398, 0.1101, -0.4631, -0.1915, 3.2890, 55.0766, 53.1939, 0.0000, 0.0000, 0.0000, 0.0000, 0.0000, 0.0000, 0.0531, 0.1079, -0.4013, -0.9080, 0.1284, -0.2533, -0.4642, 0.0000, 0.0000, 0.0000, 0.0000
3, 3.9900, 399, -0.2313, -0.8380, -0.2221, -16.6826, 22.6644, 22.8580, 0.0000, 0.0000, 0.0000, 0.0000, 0.0000, 0.0000, 0.6879, -0.6558, -0.0683, -0.3035, -0.0716, -0.1063, 0.0929, 0.0000, 0.0000, 0.0000, 0.0000
1, 3.9900, 399, 0.0678, -0.4631, -0.1866, 9.9912, 55.5240, 47.5278, 0.0000, 0.0000, 0.0000, 0.0000, 0.0000, 0.0000, 0.0474, 0.1105, -0.4029, -0.9073, 0.1709, -0.2562, -0.4657, 0.0000, 0.0000, 0.0000, 0.0000
3, 4.0000, 400, -0.1915, -0.8625, -0.2157, -17.8192, 21.4100, 20.8830, 0.0000, 0.0000, 0.0000, 0.0000, 0.0000, 0.0000, 0.6883, -0.6542, -0.0679, -0.3061, -0.1145, -0.0802, 0.0825, 0.0000, 0.0000, 0.0000, 0.0000
2, 3.9500, 395, -0.5203, -0.5412, -0.6518, 5.8535, -7.9344, 5.6316, 0.0000, 0.0000, 0.0000, 0.0000, 0.0000, 0.0000, -0.8379, 0.3783, -0.1363, 0.3691, 0.0132, 0.0079, -0.0252, 0.0000, 0.0000, 0.0000, 0.0000
1, 4.0000, 400, 0.0069, -0.4699, -0.2252, 13.7381, 57.7299, 48.6562, 0.0000, 0.0000, 0.0000, 0.0000, 0.0000, 0.0000, 0.0417, 0.1133, -0.4047, -0.9065, 0.2321, -0.2529, -0.4232, 0.0000, 0.0000, 0.0000, 0.0000
2, 3.9600, 396, -0.5185, -0.5412, -0.6375, 5.3369, -7.8277, 5.2471, 0.0000, 0.0000, 0.0000, 0.0000, 0.0000, 0.0000, -0.8375, 0.3789, -0.1368, 0.3693, 0.0100, 0.0077, -0.0384, 0.0000, 0.0000, 0.0000, 0.0000
3, 4.0100, 401, -0.1674, -0.8067, -0.1613, -15.1970, 23.0142, 16.2839, 0.0000, 0.0000, 0.0000, 0.0000, 0.0000, 0.0000, 0.6885, -0.6528, -0.0679, -0.3084, -0.1411, -0.1346, 0.0242, 0.0000, 0.0000, 0.0000, 0.0000
3, 4.0200, 402, -0.1880, -0.8103, -0.1481, -8.6770, 23.8525, 10.2572, 0.0000, 0.0000, 0.0000, 0.0000, 0.0000, 0.0000, 0.6887, -0.6516, -0.0686, -0.3104, -0.1218, -0.1301, 0.0078, 0.0000, 0.0000, 0.0000, 0.0000
2, 3.9700, 397, -0.5244, -0.5139, -0.6352, 4.5398, -6.2451, 4.2440, 0.0000, 0.0000, 0.0000, 0.0000, 0.0000, 0.0000, -0.8371, 0.3794, -0.1373, 0.3694, 0.0147, -0.0198, -0.0396, 0.0000, 0.0000, 0.0000, 0.0000
1, 4.0100, 401, 0.0053, -0.5097, -0.2627, 15.2462, 59.4995, 51.7854, 0.0000, 0.0000, 0.0000, 0.0000, 0.0000, 0.0000, 0.0356, 0.1162, -0.4066, -0.9055, 0.2340, -0.2169, -0.3813, 0.0000, 0.0000, 0.0000, 0.0000
1, 4.0200, 402, 0.0370, -0.5358, -0.2943, 14.3321, 55.7157, 54.2700, 0.0000, 0.0000, 0.0000, 0.0000, 0.0000, 0.0000, 0.0295, 0.1186, -0.4084, -0.9046, 0.2020, -0.1948, -0.3454, 0.0000, 0.0000, 0.0000, 0.0000
3, 4.0300, 403, -0.2511, -0.8464, -0.1785, -5.9349, 20.8619, 6.6688, 0.0000, 0.0000, 0.0000, 0.0000, 0.0000, 0.0000, 0.6887, -0.6508, -0.0693, -0.3120, -0.0593, -0.0934, 0.0359, 0.0000, 0.0000, 0.0000, 0.0000
2, 3.9800, 398, -0.5341, -0.5323, -0.6187, 4.2505, -5.0909, 2.7175, 0.0000, 0.0000, 0.0000, 0.0000, 0.0000, 0.0000, -0.8368, 0.3798, -0.1376, 0.3695, 0.0234, -0.0016, -0.0552, 0.0000, 0.0000, 0.0000, 0.0000
2, 3.9900, 399, -0.5300, -0.5426, -0.6229, 3.0737, -2.7128, 1.0217, 0.0000, 0.0000, 0.0000, 0.0000, 0.0000, 0.0000, -0.8365, 0.3805, -0.1377, 0.3694, 0.0187, 0.0083, -0.0501, 0.0000, 0.0000, 0.0000, 0.0000
2, 4.0000, 400, -0.5007, -0.5535, -0.6445, 2.6700, -1.7096, 0.9738, 0.0000, 0.0000, 0.0000, 0.0000, 0.0000, 0.0000, -0.8364, 0.3807, -0.1378, 0.3695, -0.0110, 0.0185, -0.0278, 0.0000, 0.0000, 0.0000, 0.0000
3, 4.0400, 404, -0.2978, -0.8601, -0.2249, -7.0458, 17.7081, 5.7899, 0.0000, 0.0000, 0.0000, 0.0000, 0.0000, 0.0000, 0.6889, -0.6499, -0.0698, -0.3134, -0.0131, -0.0793, 0.0801, 0.0000, 0.0000, 0.0000, 0.0000
1, 4.0300, 403, 0.0338, -0.5384, -0.2965, 11.8916, 49.5725, 54.0652, 0.0000, 0.0000, 0.0000, 0.0000, 0.0000, 0.0000, 0.0236, 0.1205, -0.4101, -0.9037, 0.2040, -0.1958, -0.3395, 0.0000, 0.0000, 0.0000, 0.0000
3, 4.0500, 405, -0.3310, -0.8501, -0.2491, -9.5671, 15.5217, 5.2063, 0.0000, 0.0000, 0.0000, 0.0000, 0.0000, 0.0000, 0.6892, -0.6489, -0.0702, -0.3147, 0.0195, -0.0887, 0.1020, 0.0000, 0.0000, 0.0000, 0.0000
1, 4.0400, 404, 0.0120, -0.5104, -0.2812, 9.2730, 44.7557, 50.5012, 0.0000, 0.0000, 0.0000, 0.0000, 0.0000, 0.0000, 0.0181, 0.1222, -0.4115, -0.9030, 0.2242, -0.2271, -0.3515, 0.0000, 0.0000, 0.0000, 0.0000
3, 4.0600, 406, -0.3587, -0.8408, -0.2508, -9.2203, 14.6488, 4.2372, 0.0000, 0.0000, 0.0000, 0.0000, 0.0000, 0.0000, 0.6895, -0.6480, -0.0706, -0.3158, 0.0469, -0.0976, 0.1014, 0.0000, 0.0000, 0.0000, 0.0000
2, 4.0100, 401, -0.5251, -0.5437, -0.6495, 2.8956, -1.1998, 1.1045, 0.0000, 0.0000, 0.0000, 0.0000, 0.0000, 0.0000, -0.8362, 0.3810, -0.1378, 0.3695, 0.0131, 0.0085, -0.0224, 0.0000, 0.0000, 0.0000, 0.0000
1, 4.0500, 405, 0.0092, -0.4697, -0.2607, 7.5539, 41.9085, 45.4398, 0.0000, 0.0000, 0.0000, 0.0000, 0.0000, 0.0000, 0.0131, 0.1238, -0.4126, -0.9024, 0.2255, -0.2707, -0.3691, 0.0000, 0.0000, 0.0000, 0.0000
2, 4.0200, 402, -0.5211, -0.5536, -0.6496, 2.6515, -1.3933, 0.5025, 0.0000, 0.0000, 0.0000, 0.0000, 0.0000, 0.0000, -0.8361, 0.3812, -0.1378, 0.3696, 0.0090, 0.0181, -0.0219, 0.0000, 0.0000, 0.0000, 0.0000
3, 4.0700, 407, -0.3469, -0.8197, -0.2454, -7.1505, 13.6154, 2.4285, 0.0000, 0.0000, 0.0000, 0.0000, 0.0000, 0.0000, 0.6899, -0.6469, -0.0710, -0.3171, 0.0348, -0.1182, 0.0937, 0.0000, 0.0000, 0.0000, 0.0000
1, 4.0600, 406, 0.0235, -0.4443, -0.2619, 7.1432, 39.0421, 41.1947, 0.0000, 0.0000, 0.0000, 0.0000, 0.0000, 0.0000, 0.0085, 0.1254, -0.4136, -0.9017, 0.2101, -0.2986, -0.3654, 0.0000, 0.0000, 0.0000, 0.0000
2, 4.0300, 403, -0.5109, -0.5577, -0.6489, 2.4898, -1.0793, 0.0959, 0.0000, 0.0000, 0.0000, 0.0000, 0.0000, 0.0000, -0.8360, 0.3814, -0.1378, 0.3696, -0.0015, 0.0219, -0.0223, 0.0000, 0.0000, 0.0000, 0.0000
3, 4.0800, 408, -0.3215, -0.8007, -0.2426, -4.0934, 11.2414, -0.8470, 0.0000, 0.0000, 0.0000, 0.0000, 0.0000, 0.0000, 0.6900, -0.6464, -0.0716, -0.3177, 0.0094, -0.1369, 0.0889, 0.0000, 0.0000, 0.0000, 0.0000
2, 4.0400, 404, -0.5141, -0.5513, -0.6362, 2.3415, -0.3023, -0.4491, 0.0000, 0.0000, 0.0000, 0.0000, 0.0000, 0.0000, -0.8357, 0.3822, -0.1379, 0.3695, 0.0016, 0.0150, -0.0344, 0.0000, 0.0000, 0.0000, 0.0000
2, 4.0500, 405, -0.5066, -0.5557, -0.6391, 1.4614, 0.3986, -0.8631, 0.0000, 0.0000, 0.0000, 0.0000, 0.0000, 0.0000, -0.8357, 0.3823, -0.1378, 0.3695, -0.0062, 0.0186, -0.0307, 0.0000, 0.0000, 0.0000, 0.0000
1, 4.0700, 407, 0.0453, -0.4436, -0.2738, 7.3676, 34.6689, 36.4836, 0.0000, 0.0000, 0.0000, 0.0000, 0.0000, 0.0000, 0.0045, 0.1268, -0.4146, -0.9011, 0.1873, -0.3017, -0.3511, 0.0000, 0.0000, 0.0000, 0.0000
3, 4.0900, 409, -0.2899, -0.8009, -0.2280, 1.4833, 7.9700, -3.2558, 0.0000, 0.0000, 0.0000, 0.0000, 0.0000, 0.0000, 0.6900, -0.6462, -0.0723, -0.3179, -0.0215, -0.1367, 0.0736, 0.0000, 0.0000, 0.0000, 0.0000
1, 4.0800, 408, 0.0592, -0.4282, -0.2779, 6.5995, 28.7661, 30.7183, 0.0000, 0.0000, 0.0000, 0.0000, 0.0000, 0.0000, 0.0011, 0.1280, -0.4155, -0.9005, 0.1725, -0.3192, -0.3447, 0.0000, 0.0000, 0.0000, 0.0000
3, 4.1000, 410, -0.2785, -0.8059, -0.2005, 8.6478, 4.5065, -4.7412, 0.0000, 0.0000, 0.0000, 0.0000, 0.0000, 0.0000, 0.6896, -0.6466, -0.0731, -0.3178, -0.0320, -0.1322, 0.0468, 0.0000, 0.0000, 0.0000, 0.0000
2, 4.0600, 406, -0.5113, -0.5567, -0.6457, 0.7416, 0.8516, -0.7659, 0.0000, 0.0000, 0.0000, 0.0000, 0.0000, 0.0000, -0.8357, 0.3823, -0.1376, 0.3694, -0.0013, 0.0195, -0.0241, 0.0000, 0.0000, 0.0000, 0.0000
1, 4.0900, 409, 0.0630, -0.3912, -0.2785, 5.7967, 22.4386, 23.8727, 0.0000, 0.0000, 0.0000, 0.0000, 0.0000, 0.0000, -0.0016, 0.1289, -0.4163, -0.9001, 0.1680, -0.3579, -0.3424, 0.0000, 0.0000, 0.0000, 0.0000
2, 4.0700, 407, -0.5169, -0.5558, -0.6443, 0.6999, 1.4323, -0.8539, 0.0000, 0.0000, 0.0000, 0.0000, 0.0000, 0.0000, -0.8357, 0.3823, -0.1375, 0.3694, 0.0045, 0.0184, -0.0256, 0.0000, 0.0000, 0.0000, 0.0000
2, 4.0800, 408, -0.5134, -0.5587, -0.6385, 0.6055, 2.0333, -1.1181, 0.0000, 0.0000, 0.0000, 0.0000, 0.0000, 0.0000, -0.8358, 0.3823, -0.1373, 0.3694, 0.0014, 0.0211, -0.0314, 0.0000, 0.0000, 0.0000, 0.0000
2, 4.0900, 409, -0.5121, -0.5559, -0.6471, 0.5963, 2.6029, -0.6641, 0.0000, 0.0000, 0.0000, 0.0000, 0.0000, 0.0000, -0.8357, 0.3826, -0.1370, 0.3694, 0.0004, 0.0181, -0.0229, 0.0000, 0.0000, 0.0000, 0.0000
3, 4.1100, 411, -0.2765, -0.8232, -0.2040, 14.1362, 1.2680, -6.0682, 0.0000, 0.0000, 0.0000, 0.0000, 0.0000, 0.0000, 0.6890, -0.6474, -0.0739, -0.3174, -0.0331, -0.1154, 0.0521, 0.0000, 0.0000, 0.0000, 0.0000
1, 4.1000, 410, 0.0717, -0.3499, -0.2769, 6.2986, 16.3193, 16.6547, 0.0000, 0.0000, 0.0000, 0.0000, 0.0000, 0.0000, -0.0034, 0.1295, -0.4169, -0.8997, 0.1586, -0.4007, -0.3425, 0.0000, 0.0000, 0.0000, 0.0000
1, 4.1100, 411, 0.1014, -0.3250, -0.2944, 8.3276, 8.8859, 9.2111, 0.0000, 0.0000, 0.0000, 0.0000, 0.0000, 0.0000, -0.0043, 0.1299, -0.4177, -0.8992, 0.1287, -0.4269, -0.3234, 0.0000, 0.0000, 0.0000, 0.0000
3, 4.1200, 412, -0.2747, -0.8545, -0.2238, 16.5691, -2.9633, -7.3104, 0.0000, 0.0000, 0.0000, 0.0000, 0.0000, 0.0000, 0.6884, -0.6482, -0.0746, -0.3168, -0.0339, -0.0850, 0.0745, 0.0000, 0.0000, 0.0000, 0.0000
2, 4.1000, 410, -0.5142, -0.5524, -0.6519, 0.5604, 2.7259, -0.8572, 0.0000, 0.0000, 0.0000, 0.0000, 0.0000, 0.0000, -0.8357, 0.3826, -0.1368, 0.3694, 0.0027, 0.0141, -0.0179, 0.0000, 0.0000, 0.0000, 0.0000
1, 4.1200, 412, 0.1217, -0.3334, -0.3273, 9.5644, 1.8587, 1.5586, 0.0000, 0.0000, 0.0000, 0.0000, 0.0000, 0.0000, -0.0044, 0.1300, -0.4185, -0.8989, 0.1082, -0.4196, -0.2892, 0.0000, 0.0000, 0.0000, 0.0000
3, 4.1300, 413, -0.2689, -0.8737, -0.2310, 16.9290, -6.9209, -8.8870, 0.0000, 0.0000, 0.0000, 0.0000, 0.0000, 0.0000, 0.6877, -0.6494, -0.0751, -0.3157, -0.0383, -0.0666, 0.0845, 0.0000, 0.0000, 0.0000, 0.0000
1, 4.1300, 413, 0.1526, -0.3445, -0.3616, 8.4824, -4.0280, -7.0696, 0.0000, 0.0000, 0.0000, 0.0000, 0.0000, 0.0000, -0.0036, 0.1299, -0.4190, -0.8986, 0.0776, -0.4093, -0.2537, 0.0000, 0.0000, 0.0000, 0.0000
2, 4.1100, 411, -0.4984, -0.5501, -0.6650, 0.3362, 2.4155, -1.5633, 0.0000, 0.0000, 0.0000, 0.0000, 0.0000, 0.0000, -0.8358, 0.3825, -0.1366, 0.3694, -0.0126, 0.0116, -0.0050, 0.0000, 0.0000, 0.0000, 0.0000
3, 4.1400, 414, -0.2552, -0.9050, -0.2384, 16.8880, -10.8342, -10.7295, 0.0000, 0.0000, 0.0000, 0.0000, 0.0000, 0.0000, 0.6871, -0.6506, -0.0756, -0.3144, -0.0506, -0.0363, 0.0952, 0.0000, 0.0000, 0.0000, 0.0000
2, 4.1200, 412, -0.4953, -0.5595, -0.6664, 0.5071, 1.5497, -1.6456, 0.0000, 0.0000, 0.0000, 0.0000, 0.0000, 0.0000, -0.8359, 0.3825, -0.1364, 0.3693, -0.0154, 0.0209, -0.0037, 0.0000, 0.0000, 0.0000, 0.0000
1, 4.1400, 414, 0.1616, -0.3521, -0.3947, 5.0309, -6.6918, -15.5662, 0.0000, 0.0000, 0.0000, 0.0000, 0.0000, 0.0000, -0.0021, 0.1300, -0.4192, -0.8985, 0.0697, -0.4020, -0.2200, 0.0000, 0.0000, 0.0000, 0.0000
3, 4.1500, 415, -0.2334, -0.9312, -0.2361, 16.0527, -14.4257, -13.4719, 0.0000, 0.0000, 0.0000, 0.0000, 0.0000, 0.0000, 0.6867, -0.6519, -0.0759, -0.3126, -0.0707, -0.0111, 0.0963, 0.0000, 0.0000, 0.0000, 0.0000
1, 4.1500, 415, 0.1802, -0.3584, -0.4098, 0.5629, -6.6923, -23.4616, 0.0000, 0.0000, 0.0000, 0.0000, 0.0000, 0.0000, 0.0000, 0.1303, -0.4190, -0.8986, 0.0531, -0.3950, -0.2050, 0.0000, 0.0000, 0.0000, 0.0000
2, 4.1300, 413, -0.5158, -0.5604, -0.6462, 0.2413, 1.3603, -1.6377, 0.0000, 0.0000, 0.0000, 0.0000, 0.0000, 0.0000, -0.8359, 0.3825, -0.1362, 0.3692, 0.0055, 0.0216, -0.0239, 0.0000, 0.0000, 0.0000, 0.0000
3, 4.1600, 416, -0.2114, -0.9277, -0.2278, 15.9179, -17.5807, -15.8094, 0.0000, 0.0000, 0.0000, 0.0000, 0.0000, 0.0000, 0.6863, -0.6532, -0.0762, -0.3106, -0.0907, -0.0158, 0.0914, 0.0000, 0.0000, 0.0000, 0.0000
2, 4.1400, 414, -0.5132, -0.5562, -0.6462, 0.0083, 1.7272, -2.1514, 0.0000, 0.0000, 0.0000, 0.0000, 0.0000, 0.0000, -0.8359, 0.3827, -0.1360, 0.3691, 0.0032, 0.0170, -0.0240, 0.0000, 0.0000, 0.0000, 0.0000
1, 4.1600, 416, 0.1975, -0.3756, -0.4370, -4.1102, -5.2203, -28.8141, 0.0000, 0.0000, 0.0000, 0.0000, 0.0000, 0.0000, 0.0024, 0.1310, -0.4183, -0.8988, 0.0387, -0.3764, -0.1784, 0.0000, 0.0000, 0.0000, 0.0000
2, 4.1500, 415, -0.5009, -0.5571, -0.6490, -0.5276, 1.9526, -2.5190, 0.0000, 0.0000, 0.0000, 0.0000, 0.0000, 0.0000, -0.8361, 0.3827, -0.1358, 0.3689, -0.0086, 0.0174, -0.0212, 0.0000, 0.0000, 0.0000, 0.0000
2, 4.1600, 416, -0.4912, -0.5614, -0.6507, -0.7939, 1.7259, -2.3542, 0.0000, 0.0000, 0.0000, 0.0000, 0.0000, 0.0000, -0.8362, 0.3826, -0.1356, 0.3688, -0.0179, 0.0216, -0.0197, 0.0000, 0.0000, 0.0000, 0.0000
1, 4.1700, 417, 0.2440, -0.4247, -0.4548, -9.3131, -5.6943, -30.0684, 0.0000, 0.0000, 0.0000, 0.0000, 0.0000, 0.0000, 0.0049, 0.1316, -0.4173, -0.8992, -0.0044, -0.3253, -0.1617, 0.0000, 0.0000, 0.0000, 0.0000
3, 4.1700, 417, -0.2032, -0.9144, -0.2176, 18.0626, -22.0207, -17.8037, 0.0000, 0.0000, 0.0000, 0.0000, 0.0000, 0.0000, 0.6860, -0.6547, -0.0764, -0.3081, -0.0964, -0.0304, 0.0850, 0.0000, 0.0000, 0.0000, 0.0000
2, 4.1700, 417, -0.4974, -0.5631, -0.6528, -1.3108, 1.5658, -2.1983, 0.0000, 0.0000, 0.0000, 0.0000, 0.0000, 0.0000, -0.8363, 0.3825, -0.1355, 0.3687, -0.0113, 0.0233, -0.0178, 0.0000, 0.0000, 0.0000, 0.0000
3, 4.1800, 418, -0.2122, -0.9057, -0.2006, 19.4951, -27.0661, -19.5381, 0.0000, 0.0000, 0.0000, 0.0000, 0.0000, 0.0000, 0.6856, -0.6564, -0.0764, -0.3053, -0.0848, -0.0406, 0.0723, 0.0000, 0.0000, 0.0000, 0.0000
2, 4.1800, 418, -0.5039, -0.5562, -0.6473, -1.6697, 1.5211, -1.8098, 0.0000, 0.0000, 0.0000, 0.0000, 0.0000, 0.0000, -0.8365, 0.3823, -0.1353, 0.3686, -0.0045, 0.0163, -0.0237, 0.0000, 0.0000, 0.0000, 0.0000
2, 4.1900, 419, -0.5099, -0.5572, -0.6474, -1.8704, 1.9116, -1.8164, 0.0000, 0.0000, 0.0000, 0.0000, 0.0000, 0.0000, -0.8365, 0.3824, -0.1352, 0.3684, 0.0019, 0.0173, -0.0238, 0.0000, 0.0000, 0.0000, 0.0000
2, 4.2000, 420, -0.5126, -0.5555, -0.6303, -2.4099, 2.4429, -2.1488, 0.0000, 0.0000, 0.0000, 0.0000, 0.0000, 0.0000, -0.8367, 0.3822, -0.1350, 0.3683, 0.0050, 0.0154, -0.0409, 0.0000, 0.0000, 0.0000, 0.0000
1, 4.1800, 418, 0.2717, -0.4879, -0.4787, -16.0872, -6.9258, -26.4064, 0.0000, 0.0000, 0.0000, 0.0000, 0.0000, 0.0000, 0.0070, 0.1320, -0.4157, -0.8998, -0.0292, -0.2594, -0.1399, 0.0000, 0.0000, 0.0000, 0.0000
3, 4.1900, 419, -0.2259, -0.8950, -0.1959, 20.1065, -32.1655, -20.6681, 0.0000, 0.0000, 0.0000, 0.0000, 0.0000, 0.0000, 0.6852, -0.6584, -0.0762, -0.3020, -0.0684, -0.0528, 0.0725, 0.0000, 0.0000, 0.0000, 0.0000
2, 4.2100, 421, -0.5231, -0.5492, -0.6352, -2.8844, 3.6607, -2.7048, 0.0000, 0.0000, 0.0000, 0.0000, 0.0000, 0.0000, -0.8369, 0.3819, -0.1348, 0.3682, 0.0161, 0.0092, -0.0366, 0.0000, 0.0000, 0.0000, 0.0000
1, 4.1900, 419, 0.2657, -0.5387, -0.5172, -21.4691, -6.7346, -21.2545, 0.0000, 0.0000, 0.0000, 0.0000, 0.0000, 0.0000, 0.0087, 0.1324, -0.4137, -0.9007, -0.0208, -0.2056, -0.1042, 0.0000, 0.0000, 0.0000, 0.0000
1, 4.2000, 420, 0.2735, -0.6148, -0.5641, -24.7068, -2.8083, -17.1418, 0.0000, 0.0000, 0.0000, 0.0000, 0.0000, 0.0000, 0.0099, 0.1328, -0.4115, -0.9016, -0.0267, -0.1260, -0.0606, 0.0000, 0.0000, 0.0000, 0.0000
1, 4.2100, 421, 0.3044, -0.6911, -0.5933, -27.7825, 5.4542, -16.1951, 0.0000, 0.0000, 0.0000, 0.0000, 0.0000, 0.0000, 0.0107, 0.1338, -0.4092, -0.9025, -0.0552, -0.0460, -0.0348, 0.0000, 0.0000, 0.0000, 0.0000
3, 4.2000, 420, -0.2366, -0.8888, -0.1891, 20.6346, -37.0362, -20.9620, 0.0000, 0.0000, 0.0000, 0.0000, 0.0000, 0.0000, 0.6848, -0.6604, -0.0758, -0.2985, -0.0549, -0.0604, 0.0709, 0.0000, 0.0000, 0.0000, 0.0000
3, 4.2100, 421, -0.2540, -0.8878, -0.1830, 20.4998, -40.1764, -22.2342, 0.0000, 0.0000, 0.0000, 0.0000, 0.0000, 0.0000, 0.6845, -0.6625, -0.0752, -0.2947, -0.0348, -0.0630, 0.0702, 0.0000, 0.0000, 0.0000, 0.0000
3, 4.2200, 422, -0.2594, -0.8938, -0.1610, 19.6023, -43.0537, -23.1481, 0.0000, 0.0000, 0.0000, 0.0000, 0.0000, 0.0000, 0.6843, -0.6646, -0.0744, -0.2907, -0.0264, -0.0585, 0.0536, 0.0000, 0.0000, 0.0000, 0.0000
3, 4.2300, 423, -0.2722, -0.8870, -0.1339, 19.1440, -44.7413, -24.6950, 0.0000, 0.0000, 0.0000, 0.0000, 0.0000, 0.0000, 0.6840, -0.6667, -0.0737, -0.2865, -0.0103, -0.0668, 0.0318, 0.0000, 0.0000, 0.0000, 0.0000
2, 4.2200, 422, -0.4975, -0.5543, -0.6516, -3.9549, 4.1337, -3.6841, 0.0000, 0.0000, 0.0000, 0.0000, 0.0000, 0.0000, -0.8372, 0.3815, -0.1345, 0.3680, -0.0088, 0.0144, -0.0209, 0.0000, 0.0000, 0.0000, 0.0000
1, 4.2200, 422, 0.3240, -0.7655, -0.6234, -28.9087, 15.6970, -17.6751, 0.0000, 0.0000, 0.0000, 0.0000, 0.0000, 0.0000, 0.0111, 0.1357, -0.4067, -0.9034, -0.0714, 0.0322, -0.0079, 0.0000, 0.0000, 0.0000, 0.0000
3, 4.2400, 424, -0.3006, -0.8800, -0.1136, 18.8564, -45.5005, -26.7010, 0.0000, 0.0000, 0.0000, 0.0000, 0.0000, 0.0000, 0.6839, -0.6688, -0.0730, -0.2822, 0.0216, -0.0754, 0.0169, 0.0000, 0.0000, 0.0000, 0.0000
2, 4.2300, 423, -0.4944, -0.5594, -0.6671, -3.8682, 4.4442, -3.8377, 0.0000, 0.0000, 0.0000, 0.0000, 0.0000, 0.0000, -0.8375, 0.3811, -0.1341, 0.3679, -0.0110, 0.0196, -0.0061, 0.0000, 0.0000, 0.0000, 0.0000
1, 4.2300, 423, 0.3524, -0.8502, -0.6253, -28.5986, 30.4486, -21.7152, 0.0000, 0.0000, 0.0000, 0.0000, 0.0000, 0.0000, 0.0114, 0.1389, -0.4042, -0.9040, -0.0946, 0.1210, -0.0086, 0.0000, 0.0000, 0.0000, 0.0000
1, 4.2400, 424, 0.4036, -0.9295, -0.6176, -24.7429, 44.3855, -25.9904, 0.0000, 0.0000, 0.0000, 0.0000, 0.0000, 0.0000, 0.0116, 0.1434, -0.4020, -0.9043, -0.1382, 0.2043, -0.0178, 0.0000, 0.0000, 0.0000, 0.0000
3, 4.2500, 425, -0.3294, -0.8883, -0.1074, 17.4492, -44.4381, -28.6943, 0.0000, 0.0000, 0.0000, 0.0000, 0.0000, 0.0000, 0.6839, -0.6708, -0.0724, -0.2778, 0.0543, -0.0687, 0.0159, 0.0000, 0.0000, 0.0000, 0.0000
3, 4.2600, 426, -0.3336, -0.8955, -0.1275, 16.5206, -41.9076, -30.4314, 0.0000, 0.0000, 0.0000, 0.0000, 0.0000, 0.0000, 0.6839, -0.6726, -0.0721, -0.2734, 0.0628, -0.0632, 0.0408, 0.0000, 0.0000, 0.0000, 0.0000
2, 4.2400, 424, -0.5045, -0.5656, -0.6565, -3.4540, 4.1231, -3.8234, 0.0000, 0.0000, 0.0000, 0.0000, 0.0000, 0.0000, -0.8378, 0.3809, -0.1338, 0.3676, -0.0001, 0.0259, -0.0174, 0.0000, 0.0000, 0.0000, 0.0000
1, 4.2500, 425, 0.4914, -1.0417, -0.5758, -17.2698, 45.1963, -25.0599, 0.0000, 0.0000, 0.0000, 0.0000, 0.0000, 0.0000, 0.0118, 0.1479, -0.4004, -0.9043, -0.2176, 0.3199, -0.0599, 0.0000, 0.0000, 0.0000, 0.0000
1, 4.2600, 426, 0.5110, -1.1107, -0.5152, -12.7489, 43.2137, -17.1721, 0.0000, 0.0000, 0.0000, 0.0000, 0.0000, 0.0000, 0.0114, 0.1519, -0.3992, -0.9041, -0.2297, 0.3916, -0.1202, 0.0000, 0.0000, 0.0000, 0.0000
1, 4.2700, 427, 0.3905, -1.0681, -0.4877, -5.9201, 44.8853, -4.0719, 0.0000, 0.0000, 0.0000, 0.0000, 0.0000, 0.0000, 0.0101, 0.1556, -0.3987, -0.9037, -0.1033, 0.3504, -0.1465, 0.0000, 0.0000, 0.0000, 0.0000
3, 4.2700, 427, -0.3523, -0.9236, -0.1396, 18.5454, -39.7138, -31.7910, 0.0000, 0.0000, 0.0000, 0.0000, 0.0000, 0.0000, 0.6838, -0.6744, -0.0720, -0.2691, 0.0861, -0.0368, 0.0578, 0.0000, 0.0000, 0.0000, 0.0000
2, 4.2500, 425, -0.5151, -0.5639, -0.6568, -3.2958, 4.4876, -4.0965, 0.0000, 0.0000, 0.0000, 0.0000, 0.0000, 0.0000, -0.8381, 0.3806, -0.1334, 0.3674, 0.0114, 0.0241, -0.0177, 0.0000, 0.0000, 0.0000, 0.0000
3, 4.2800, 428, -0.3403, -0.9335, -0.1223, 20.1476, -36.2491, -33.8791, 0.0000, 0.0000, 0.0000, 0.0000, 0.0000, 0.0000, 0.6836, -0.6762, -0.0723, -0.2648, 0.0790, -0.0287, 0.0454, 0.0000, 0.0000, 0.0000, 0.0000
1, 4.2800, 428, 0.3071, -0.9838, -0.4829, 3.5989, 52.3016, 10.5616, 0.0000, 0.0000, 0.0000, 0.0000, 0.0000, 0.0000, 0.0075, 0.1593, -0.3992, -0.9029, -0.0150, 0.2658, -0.1489, 0.0000, 0.0000, 0.0000, 0.0000
2, 4.2600, 426, -0.5236, -0.5697, -0.6437, -3.2498, 5.5415, -4.7913, 0.0000, 0.0000, 0.0000, 0.0000, 0.0000, 0.0000, -0.8384, 0.3802, -0.1330, 0.3672, 0.0209, 0.0298, -0.0315, 0.0000, 0.0000, 0.0000, 0.0000
1, 4.2900, 429, 3.1512, -2.7586, -1.4982, -36.7187, -4.3580, 68.4952, 0.0000, 0.0000, 0.0000, 0.0000, 0.0000, 0.0000, 0.0018, 0.1566, -0.3973, -0.9042, -2.8598, 2.0397, 0.8672, 0.0000, 0.0000, 0.0000, 0.0000
3, 4.2900, 429, -0.3189, -0.9309, -0.0991, 21.2089, -33.7212, -37.6249, 0.0000, 0.0000, 0.0000, 0.0000, 0.0000, 0.0000, 0.6835, -0.6780, -0.0730, -0.2605, 0.0632, -0.0332, 0.0273, 0.0000, 0.0000, 0.0000, 0.0000
3, 4.3000, 430, -0.2938, -0.9213, -0.0710, 21.1708, -29.9546, -42.7511, 0.0000, 0.0000, 0.0000, 0.0000, 0.0000, 0.0000, 0.6834, -0.6797, -0.0742, -0.2560, 0.0446, -0.0449, 0.0042, 0.0000, 0.0000, 0.0000, 0.0000
1, 4.3000, 430, -1.2622, -1.1154, -1.4486, -175.0804, -124.5558, -34.5318, 0.0000, 0.0000, 0.0000, 0.0000, 0.0000, 0.0000, 0.0065, 0.1480, -0.3829, -0.9118, 1.5367, 0.4102, 0.7950, 0.0000, 0.0000, 0.0000, 0.0000
2, 4.2700, 427, -0.5170, -0.5727, -0.6408, -4.0757, 6.2809, -5.3953, 0.0000, 0.0000, 0.0000, 0.0000, 0.0000, 0.0000, -0.8388, 0.3798, -0.1325, 0.3670, 0.0155, 0.0329, -0.0353, 0.0000, 0.0000, 0.0000, 0.0000
2, 4.2800, 428, -0.5017, -0.5703, -0.6474, -4.5881, 7.4371, -5.4643, 0.0000, 0.0000, 0.0000, 0.0000, 0.0000, 0.0000, -0.8392, 0.3793, -0.1319, 0.3668, 0.0016, 0.0304, -0.0297, 0.0000, 0.0000, 0.0000, 0.0000
3, 4.3100, 431, -0.3534, -0.8812, -0.0210, 19.3608, -25.3107, -48.1259, 0.0000, 0.0000, 0.0000, 0.0000, 0.0000, 0.0000, 0.6834, -0.6811, -0.0760, -0.2515, 0.1117, -0.0872, -0.0413, 0.0000, 0.0000, 0.0000, 0.0000
1, 4.3100, 431, 0.5222, 0.8087, -2.1395, -132.5834, -57.4670, -1.3850, 0.0000, 0.0000, 0.0000, 0.0000, 0.0000, 0.0000, 0.0068, 0.1435, -0.3723, -0.9169, -0.2503, -1.4949, 1.4649, 0.0000, 0.0000, 0.0000, 0.0000
3, 4.3200, 432, -0.5171, -0.8545, 0.1157, 18.8055, -15.4406, -50.0672, 0.0000, 0.0000, 0.0000, 0.0000, 0.0000, 0.0000, 0.6833, -0.6824, -0.0783, -0.2477, 0.2834, -0.1161, -0.1738, 0.0000, 0.0000, 0.0000, 0.0000
2, 4.2900, 429, -0.4566, -0.5675, -0.6872, -5.4617, 6.9214, -4.7108, 0.0000, 0.0000, 0.0000, 0.0000, 0.0000, 0.0000, -0.8397, 0.3787, -0.1313, 0.3665, -0.0421, 0.0278, 0.0089, 0.0000, 0.0000, 0.0000, 0.0000
2, 4.3000, 430, -0.4938, -0.5724, -0.6847, -3.9491, 6.3302, -2.8263, 0.0000, 0.0000, 0.0000, 0.0000, 0.0000, 0.0000, -0.8400, 0.3782, -0.1308, 0.3665, -0.0036, 0.0329, 0.0054, 0.0000, 0.0000, 0.0000, 0.0000
3, 4.3300, 433, -0.6428, -0.9242, 0.1527, 24.1510, -4.4811, -45.0825, 0.0000, 0.0000, 0.0000, 0.0000, 0.0000, 0.0000, 0.6829, -0.6836, -0.0813, -0.2446, 0.4166, -0.0484, -0.2066, 0.0000, 0.0000, 0.0000, 0.0000
3, 4.3400, 434, -0.7919, -1.1247, 0.1908, 28.2487, 1.4199, -31.1490, 0.0000, 0.0000, 0.0000, 0.0000, 0.0000, 0.0000, 0.6818, -0.6850, -0.0838, -0.2426, 0.5720, 0.1504, -0.2401, 0.0000, 0.0000, 0.0000, 0.0000
3, 4.3500, 435, -0.8025, -1.3755, 0.2074, 29.6401, 5.3660, -8.7023, 0.0000, 0.0000, 0.0000, 0.0000, 0.0000, 0.0000, 0.6802, -0.6866, -0.0853, -0.2422, 0.5857, 0.4003, -0.2519, 0.0000, 0.0000, 0.0000, 0.0000
1, 4.3200, 432, 0.7150, -0.9992, -1.3970, -126.8277, -1.9444, -1.6166, 0.0000, 0.0000, 0.0000, 0.0000, 0.0000, 0.0000, 0.0054, 0.1435, -0.3621, -0.9210, -0.4464, 0.3286, 0.7055, 0.0000, 0.0000, 0.0000, 0.0000
2, 4.3100, 431, -0.5449, -0.5662, -0.6599, -2.6270, 6.3786, -3.0761, 0.0000, 0.0000, 0.0000, 0.0000, 0.0000, 0.0000, -0.8402, 0.3779, -0.1304, 0.3664, 0.0485, 0.0268, -0.0202, 0.0000, 0.0000, 0.0000, 0.0000
2, 4.3200, 432, -0.6113, -0.5501, -0.6619, -0.9543, 8.6031, -6.2589, 0.0000, 0.0000, 0.0000, 0.0000, 0.0000, 0.0000, -0.8405, 0.3776, -0.1296, 0.3662, 0.1162, 0.0105, -0.0190, 0.0000, 0.0000, 0.0000, 0.0000
2, 4.3300, 433, -0.6567, -0.5438, -0.6944, 3.3260, 10.9137, -12.6988, 0.0000, 0.0000, 0.0000, 0.0000, 0.0000, 0.0000, -0.8410, 0.3776, -0.1282, 0.3657, 0.1638, 0.0031, 0.0127, 0.0000, 0.0000, 0.0000, 0.0000
1, 4.3300, 433, 0.1707, -0.5774, -1.3227, -60.0415, 3.2076, -13.2254, 0.0000, 0.0000, 0.0000, 0.0000, 0.0000, 0.0000, 0.0056, 0.1442, -0.3571, -0.9229, 0.0987, -0.0828, 0.6216, 0.0000, 0.0000, 0.0000, 0.0000
3, 4.3600, 436, -0.5784, -1.5610, 0.1236, 24.7073, -0.5247, 10.6995, 0.0000, 0.0000, 0.0000, 0.0000, 0.0000, 0.0000, 0.6785, -0.6881, -0.0851, -0.2426, 0.3609, 0.5857, -0.1634, 0.0000, 0.0000, 0.0000, 0.0000
1, 4.3400, 434, 0.4333, -0.5156, -1.1608, -17.0300, -3.4603, -14.6853, 0.0000, 0.0000, 0.0000, 0.0000, 0.0000, 0.0000, 0.0067, 0.1445, -0.3555, -0.9234, -0.1625, -0.1396, 0.4556, 0.0000, 0.0000, 0.0000, 0.0000
2, 4.3400, 434, -0.6687, -0.5284, -0.7318, 10.0766, 11.5929, -20.1350, 0.0000, 0.0000, 0.0000, 0.0000, 0.0000, 0.0000, -0.8413, 0.3782, -0.1265, 0.3648, 0.1787, -0.0146, 0.0498, 0.0000, 0.0000, 0.0000, 0.0000
2, 4.3500, 435, -0.7091, -0.4894, -0.7865, 18.8947, 13.4086, -29.1016, 0.0000, 0.0000, 0.0000, 0.0000, 0.0000, 0.0000, -0.8418, 0.3795, -0.1240, 0.3633, 0.2230, -0.0575, 0.1049, 0.0000, 0.0000, 0.0000, 0.0000
1, 4.3500, 435, 0.4197, -0.5830, -0.8769, 8.1710, 16.5829, -9.2686, 0.0000, 0.0000, 0.0000, 0.0000, 0.0000, 0.0000, 0.0070, 0.1462, -0.3560, -0.9229, -0.1460, -0.0718, 0.1724, 0.0000, 0.0000, 0.0000, 0.0000
3, 4.3700, 437, -0.3166, -1.4103, 0.0748, 6.5416, -8.9821, 17.4098, 0.0000, 0.0000, 0.0000, 0.0000, 0.0000, 0.0000, 0.6778, -0.6889, -0.0837, -0.2430, 0.0963, 0.4356, -0.1120, 0.0000, 0.0000, 0.0000, 0.0000
2, 4.3600, 436, -0.6174, -0.5762, -0.8471, 29.9076, 7.6178, -38.5236, 0.0000, 0.0000, 0.0000, 0.0000, 0.0000, 0.0000, -0.8421, 0.3819, -0.1212, 0.3611, 0.1359, 0.0231, 0.1672, 0.0000, 0.0000, 0.0000, 0.0000
3, 4.3800, 438, -0.0035, -1.0987, -0.0299, -17.0035, -10.2732, 12.5660, 0.0000, 0.0000, 0.0000, 0.0000, 0.0000, 0.0000, 0.6786, -0.6882, -0.0820, -0.2432, -0.2192, 0.1246, -0.0081, 0.0000, 0.0000, 0.0000, 0.0000
2, 4.3700, 437, -0.5599, -0.5702, -0.9808, 35.1343, 0.0781, -44.4192, 0.0000, 0.0000, 0.0000, 0.0000, 0.0000, 0.0000, -0.8423, 0.3849, -0.1186, 0.3582, 0.0828, 0.0097, 0.3038, 0.0000, 0.0000, 0.0000, 0.0000
3, 4.3900, 439, 0.1198, -0.8398, -0.0805, -34.0804, -8.8338, 7.4808, 0.0000, 0.0000, 0.0000, 0.0000, 0.0000, 0.0000, 0.6806, -0.6864, -0.0803, -0.2434, -0.3442, -0.1338, 0.0379, 0.0000, 0.0000, 0.0000, 0.0000
1, 4.3600, 436, 0.2018, -0.6606, -0.6810, 13.9166, 18.2557, -5.9790, 0.0000, 0.0000, 0.0000, 0.0000, 0.0000, 0.0000, 0.0071, 0.1478, -0.3571, -0.9223, 0.0749, 0.0046, -0.0212, 0.0000, 0.0000, 0.0000, 0.0000
2, 4.3800, 438, -0.6834, -0.3798, -1.2162, 44.0288, -9.7670, -56.1543, 0.0000, 0.0000, 0.0000, 0.0000, 0.0000, 0.0000, -0.8425, 0.3890, -0.1160, 0.3542, 0.2106, -0.1895, 0.5437, 0.0000, 0.0000, 0.0000, 0.0000
1, 4.3700, 437, 0.1639, -0.6111, -0.6098, 6.3408, 17.6441, -11.2235, 0.0000, 0.0000, 0.0000, 0.0000, 0.0000, 0.0000, 0.0076, 0.1496, -0.3575, -0.9218, 0.1159, -0.0458, -0.0904, 0.0000, 0.0000, 0.0000, 0.0000
1, 4.3800, 438, 0.2692, -0.6676, -0.5598, -7.0698, 15.2030, -16.9101, 0.0000, 0.0000, 0.0000, 0.0000, 0.0000, 0.0000, 0.0084, 0.1513, -0.3567, -0.9219, 0.0143, 0.0117, -0.1399, 0.0000, 0.0000, 0.0000, 0.0000
3, 4.4000, 440, 0.0765, -0.6549, -0.0051, -39.1867, -5.9762, -2.6440, 0.0000, 0.0000, 0.0000, 0.0000, 0.0000, 0.0000, 0.6830, -0.6842, -0.0793, -0.2431, -0.3012, -0.3183, -0.0437, 0.0000, 0.0000, 0.0000, 0.0000
2, 4.3900, 439, -0.7269, -0.5697, -1.2497, 90.4494, -13.6247, -78.7139, 0.0000, 0.0000, 0.0000, 0.0000, 0.0000, 0.0000, -0.8417, 0.3968, -0.1116, 0.3488, 0.2600, -0.0137, 0.5852, 0.0000, 0.0000, 0.0000, 0.0000
1, 4.3900, 439, 0.3930, -0.6879, -0.5943, -19.1391, 10.0829, -18.5188, 0.0000, 0.0000, 0.0000, 0.0000, 0.0000, 0.0000, 0.0092, 0.1529, -0.3549, -0.9222, -0.1058, 0.0348, -0.1063, 0.0000, 0.0000, 0.0000, 0.0000
3, 4.4100, 441, -0.0292, -0.6283, 0.0581, -23.6229, -5.8078, -10.0190, 0.0000, 0.0000, 0.0000, 0.0000, 0.0000, 0.0000, 0.6847, -0.6828, -0.0790, -0.2423, -0.1942, -0.3449, -0.1120, 0.0000, 0.0000, 0.0000, 0.0000
1, 4.4000, 440, 0.4532, -0.6635, -0.6766, -25.2193, 3.6286, -15.9503, 0.0000, 0.0000, 0.0000, 0.0000, 0.0000, 0.0000, 0.0100, 0.1537, -0.3527, -0.9230, -0.1631, 0.0140, -0.0262, 0.0000, 0.0000, 0.0000, 0.0000
2, 4.4000, 440, -0.8057, -0.6668, -1.0480, 119.4508, -38.8406, -89.2166, 0.0000, 0.0000, 0.0000, 0.0000, 0.0000, 0.0000, -0.8398, 0.4076, -0.1077, 0.3420, 0.3442, 0.0636, 0.3974, 0.0000, 0.0000, 0.0000, 0.0000
3, 4.4200, 442, -0.0675, -0.7467, 0.0809, 3.8681, -11.8674, -13.5090, 0.0000, 0.0000, 0.0000, 0.0000, 0.0000, 0.0000, 0.6847, -0.6834, -0.0793, -0.2406, -0.1539, -0.2269, -0.1354, 0.0000, 0.0000, 0.0000, 0.0000
2, 4.4100, 441, -0.9297, -0.7393, -0.8892, 120.3287, -38.7419, -92.8315, 0.0000, 0.0000, 0.0000, 0.0000, 0.0000, 0.0000, -0.8378, 0.4184, -0.1036, 0.3350, 0.4734, 0.1154, 0.2548, 0.0000, 0.0000, 0.0000, 0.0000
3, 4.4300, 443, -0.1354, -0.9562, 0.1151, 20.8872, -21.3091, -15.7402, 0.0000, 0.0000, 0.0000, 0.0000, 0.0000, 0.0000, 0.6839, -0.6849, -0.0794, -0.2383, -0.0834, -0.0183, -0.1659, 0.0000, 0.0000, 0.0000, 0.0000
3, 4.4400, 444, -0.2036, -1.1274, 0.1040, 21.7873, -29.3256, -19.1707, 0.0000, 0.0000, 0.0000, 0.0000, 0.0000, 0.0000, 0.6832, -0.6867, -0.0792, -0.2352, -0.0123, 0.1521, -0.1501, 0.0000, 0.0000, 0.0000, 0.0000
1, 4.4100, 441, 0.4299, -0.6371, -0.7565, -24.7952, -0.4144, -10.7621, 0.0000, 0.0000, 0.0000, 0.0000, 0.0000, 0.0000, 0.0106, 0.1540, -0.3506, -0.9237, -0.1383, -0.0086, 0.0508, 0.0000, 0.0000, 0.0000, 0.0000
1, 4.4200, 442, 0.3444, -0.6228, -0.8143, -19.0951, 0.2466, -7.3449, 0.0000, 0.0000, 0.0000, 0.0000, 0.0000, 0.0000, 0.0109, 0.1543, -0.3489, -0.9243, -0.0519, -0.0198, 0.1061, 0.0000, 0.0000, 0.0000, 0.0000
1, 4.4300, 443, 0.3347, -0.6112, -0.8126, -11.0262, 2.8363, -6.1112, 0.0000, 0.0000, 0.0000, 0.0000, 0.0000, 0.0000, 0.0112, 0.1547, -0.3480, -0.9246, -0.0412, -0.0293, 0.1030, 0.0000, 0.0000, 0.0000, 0.0000
1, 4.4400, 444, 0.3431, -0.6064, -0.7828, -4.6242, 5.4147, -5.1685, 0.0000, 0.0000, 0.0000, 0.0000, 0.0000, 0.0000, 0.0116, 0.1554, -0.3473, -0.9247, -0.0483, -0.0329, 0.0726, 0.0000, 0.0000, 0.0000, 0.0000
3, 4.4500, 445, -0.2242, -1.2003, 0.0360, 21.7009, -32.7283, -21.3140, 0.0000, 0.0000, 0.0000, 0.0000, 0.0000, 0.0000, 0.6826, -0.6885, -0.0790, -0.2318, 0.0115, 0.2241, -0.0773, 0.0000, 0.0000, 0.0000, 0.0000
1, 4.4500, 445, 0.3510, -0.6150, -0.7520, -0.8095, 6.4996, -4.4189, 0.0000, 0.0000, 0.0000, 0.0000, 0.0000, 0.0000, 0.0117, 0.1561, -0.3471, -0.9247, -0.0548, -0.0234, 0.0416, 0.0000, 0.0000, 0.0000, 0.0000
3, 4.4600, 446, -0.2597, -1.2247, 0.0074, 23.5385, -27.2428, -20.0080, 0.0000, 0.0000, 0.0000, 0.0000, 0.0000, 0.0000, 0.6818, -0.6903, -0.0790, -0.2288, 0.0503, 0.2475, -0.0436, 0.0000, 0.0000, 0.0000, 0.0000
2, 4.4200, 442, -1.2119, -1.1411, -0.7184, 109.2704, -26.5770, -102.2959, 0.0000, 0.0000, 0.0000, 0.0000, 0.0000, 0.0000, -0.8365, 0.4281, -0.0986, 0.3275, 0.7629, 0.4967, 0.0994, 0.0000, 0.0000, 0.0000, 0.0000
1, 4.4600, 446, 0.3640, -0.6063, -0.7339, 0.9184, 6.2905, -3.2712, 0.0000, 0.0000, 0.0000, 0.0000, 0.0000, 0.0000, 0.0118, 0.1567, -0.3472, -0.9245, -0.0666, -0.0320, 0.0239, 0.0000, 0.0000, 0.0000, 0.0000
2, 4.4300, 443, -1.2242, -1.5026, -0.6944, 86.6221, 17.9751, -109.3553, 0.0000, 0.0000, 0.0000, 0.0000, 0.0000, 0.0000, -0.8365, 0.4348, -0.0907, 0.3209, 0.7875, 0.8397, 0.0862, 0.0000, 0.0000, 0.0000, 0.0000
3, 4.4700, 447, -0.2806, -1.2000, -0.0111, 22.6283, -17.0527, -17.4658, 0.0000, 0.0000, 0.0000, 0.0000, 0.0000, 0.0000, 0.6809, -0.6919, -0.0795, -0.2266, 0.0742, 0.2220, -0.0204, 0.0000, 0.0000, 0.0000, 0.0000
3, 4.4800, 448, -0.2629, -1.1328, -0.0376, 19.5951, -9.3012, -16.2180, 0.0000, 0.0000, 0.0000, 0.0000, 0.0000, 0.0000, 0.6801, -0.6932, -0.0803, -0.2250, 0.0592, 0.1541, 0.0101, 0.0000, 0.0000, 0.0000, 0.0000
2, 4.4400, 444, -0.9162, -1.0915, -0.6719, 70.2721, 70.1248, -100.5342, 0.0000, 0.0000, 0.0000, 0.0000, 0.0000, 0.0000, -0.8371, 0.4388, -0.0798, 0.3168, 0.4970, 0.4129, 0.0688, 0.0000, 0.0000, 0.0000, 0.0000
1, 4.4700, 447, 0.3756, -0.6071, -0.7187, 1.3479, 4.7565, -1.4837, 0.0000, 0.0000, 0.0000, 0.0000, 0.0000, 0.0000, 0.0118, 0.1571, -0.3473, -0.9244, -0.0772, -0.0312, 0.0091, 0.0000, 0.0000, 0.0000, 0.0000
1, 4.4800, 448, 0.3637, -0.6134, -0.7235, 1.0924, 3.3208, 0.1660, 0.0000, 0.0000, 0.0000, 0.0000, 0.0000, 0.0000, 0.0117, 0.1574, -0.3474, -0.9244, -0.0649, -0.0251, 0.0142, 0.0000, 0.0000, 0.0000, 0.0000
2, 4.4500, 445, -0.3507, -1.8026, -0.7226, 64.2505, 90.5384, -81.7062, 0.0000, 0.0000, 0.0000, 0.0000, 0.0000, 0.0000, -0.8375, 0.4415, -0.0683, 0.3147, -0.0484, 1.1104, 0.1213, 0.0000, 0.0000, 0.0000, 0.0000
3, 4.4900, 449, -0.1859, -1.0941, -0.0787, 13.3286, -5.6858, -17.8173, 0.0000, 0.0000, 0.0000, 0.0000, 0.0000, 0.0000, 0.6796, -0.6939, -0.0813, -0.2235, -0.0148, 0.1148, 0.0543, 0.0000, 0.0000, 0.0000, 0.0000
2, 4.4600, 446, -0.4176, -1.3944, -0.8748, 50.0642, 60.4655, -36.3657, 0.0000, 0.0000, 0.0000, 0.0000, 0.0000, 0.0000, -0.8369, 0.4437, -0.0611, 0.3147, 0.0327, 0.6927, 0.2753, 0.0000, 0.0000, 0.0000, 0.0000
3, 4.5000, 450, -0.1371, -1.0218, -0.0489, 3.8215, -4.0693, -21.2129, 0.0000, 0.0000, 0.0000, 0.0000, 0.0000, 0.0000, 0.6798, -0.6941, -0.0825, -0.2220, -0.0604, 0.0418, 0.0257, 0.0000, 0.0000, 0.0000, 0.0000
1, 4.4900, 449, 0.3537, -0.6132, -0.7270, 1.3358, 2.1937, 1.1314, 0.0000, 0.0000, 0.0000, 0.0000, 0.0000, 0.0000, 0.0118, 0.1581, -0.3471, -0.9243, -0.0542, -0.0252, 0.0180, 0.0000, 0.0000, 0.0000, 0.0000
2, 4.4700, 447, -0.5387, -0.9564, -0.6494, 36.5284, 40.4757, -22.4950, 0.0000, 0.0000, 0.0000, 0.0000, 0.0000, 0.0000, -0.8363, 0.4454, -0.0563, 0.3148, 0.1615, 0.2489, 0.0518, 0.0000, 0.0000, 0.0000, 0.0000
2, 4.4800, 448, -0.3983, -0.9534, -0.5836, 37.1423, 39.1041, -35.6984, 0.0000, 0.0000, 0.0000, 0.0000, 0.0000, 0.0000, -0.8360, 0.4472, -0.0510, 0.3139, 0.0290, 0.2402, -0.0121, 0.0000, 0.0000, 0.0000, 0.0000
2, 4.4900, 449, -0.2808, -0.9666, -0.5816, 35.0572, 32.1604, -43.9975, 0.0000, 0.0000, 0.0000, 0.0000, 0.0000, 0.0000, -0.8360, 0.4491, -0.0460, 0.3120, -0.0796, 0.2469, -0.0117, 0.0000, 0.0000, 0.0000, 0.0000
1, 4.5000, 450, 0.3580, -0.6096, -0.7281, 2.0701, 1.2771, 2.0765, 0.0000, 0.0000, 0.0000, 0.0000, 0.0000, 0.0000, 0.0116, 0.1582, -0.3473, -0.9243, -0.0576, -0.0285, 0.0192, 0.0000, 0.0000, 0.0000, 0.0000
3, 4.5100, 451, -0.1239, -0.9907, 0.0063, 3.1076, -0.1832, -24.8787, 0.0000, 0.0000, 0.0000, 0.0000, 0.0000, 0.0000, 0.6801, -0.6941, -0.0840, -0.2204, -0.0695, 0.0099, -0.0289, 0.0000, 0.0000, 0.0000, 0.0000
3, 4.5200, 452, -0.1202, -1.0015, 0.0491, 11.2918, 3.5977, -28.3784, 0.0000, 0.0000, 0.0000, 0.0000, 0.0000, 0.0000, 0.6799, -0.6946, -0.0862, -0.2188, -0.0685, 0.0197, -0.0703, 0.0000, 0.0000, 0.0000, 0.0000
1, 4.5100, 451, 0.3477, -0.6039, -0.7229, 3.2606, 1.0045, 2.6675, 0.0000, 0.0000, 0.0000, 0.0000, 0.0000, 0.0000, 0.0114, 0.1581, -0.3476, -0.9241, -0.0474, -0.0348, 0.0143, 0.0000, 0.0000, 0.0000, 0.0000
2, 4.5000, 450, -0.3127, -0.9178, -0.5400, 28.3419, 20.3354, -45.2269, 0.0000, 0.0000, 0.0000, 0.0000, 0.0000, 0.0000, -0.8362, 0.4508, -0.0419, 0.3096, -0.0394, 0.1920, -0.0509, 0.0000, 0.0000, 0.0000, 0.0000
2, 4.5100, 451, -0.3167, -0.8213, -0.4782, 20.9182, 11.6225, -47.2623, 0.0000, 0.0000, 0.0000, 0.0000, 0.0000, 0.0000, -0.8367, 0.4522, -0.0387, 0.3067, -0.0281, 0.0902, -0.1106, 0.0000, 0.0000, 0.0000, 0.0000
1, 4.5200, 452, 0.3489, -0.6050, -0.7219, 4.0487, 0.7653, 3.0851, 0.0000, 0.0000, 0.0000, 0.0000, 0.0000, 0.0000, 0.0112, 0.1581, -0.3479, -0.9240, -0.0489, -0.0342, 0.0139, 0.0000, 0.0000, 0.0000, 0.0000
1, 4.5300, 453, 0.3359, -0.6067, -0.7276, 4.4655, 0.8660, 3.4149, 0.0000, 0.0000, 0.0000, 0.0000, 0.0000, 0.0000, 0.0109, 0.1581, -0.3484, -0.9239, -0.0361, -0.0333, 0.0201, 0.0000, 0.0000, 0.0000, 0.0000
2, 4.5200, 452, -0.2718, -0.6972, -0.4220, 16.5590, 7.4238, -50.7364, 0.0000, 0.0000, 0.0000, 0.0000, 0.0000, 0.0000, -0.8374, 0.4533, -0.0357, 0.3033, -0.0657, -0.0387, -0.1650, 0.0000, 0.0000, 0.0000, 0.0000
3, 4.5300, 453, -0.1149, -0.9917, 0.0649, 16.3855, 6.8510, -30.6091, 0.0000, 0.0000, 0.0000, 0.0000, 0.0000, 0.0000, 0.6795, -0.6952, -0.0888, -0.2172, -0.0685, 0.0088, -0.0836, 0.0000, 0.0000, 0.0000, 0.0000
2, 4.5300, 453, -0.2228, -0.5956, -0.3831, 14.2571, 4.0947, -53.5783, 0.0000, 0.0000, 0.0000, 0.0000, 0.0000, 0.0000, -0.8382, 0.4544, -0.0329, 0.2996, -0.1074, -0.1449, -0.2023, 0.0000, 0.0000, 0.0000, 0.0000
1, 4.5400, 454, 0.3276, -0.6072, -0.7239, 5.2037, 1.2192, 3.2185, 0.0000, 0.0000, 0.0000, 0.0000, 0.0000, 0.0000, 0.0108, 0.1582, -0.3487, -0.9237, -0.0280, -0.0335, 0.0170, 0.0000, 0.0000, 0.0000, 0.0000
3, 4.5400, 454, -0.1100, -0.9483, 0.0761, 18.6700, 9.6569, -30.4510, 0.0000, 0.0000, 0.0000, 0.0000, 0.0000, 0.0000, 0.6788, -0.6959, -0.0916, -0.2159, -0.0681, -0.0355, -0.0920, 0.0000, 0.0000, 0.0000, 0.0000
2, 4.5400, 454, -0.1951, -0.5278, -0.3532, 13.0366, 1.1073, -52.8577, 0.0000, 0.0000, 0.0000, 0.0000, 0.0000, 0.0000, -0.8391, 0.4555, -0.0303, 0.2958, -0.1279, -0.2170, -0.2306, 0.0000, 0.0000, 0.0000, 0.0000
1, 4.5500, 455, 0.3332, -0.6117, -0.7124, 5.4214, 1.1789, 2.7464, 0.0000, 0.0000, 0.0000, 0.0000, 0.0000, 0.0000, 0.0106, 0.1582, -0.3491, -0.9236, -0.0335, -0.0296, 0.0060, 0.0000, 0.0000, 0.0000, 0.0000
3, 4.5500, 455, -0.1104, -0.9111, 0.0536, 18.4955, 10.8150, -28.1026, 0.0000, 0.0000, 0.0000, 0.0000, 0.0000, 0.0000, 0.6781, -0.6965, -0.0943, -0.2147, -0.0627, -0.0737, -0.0666, 0.0000, 0.0000, 0.0000, 0.0000
1, 4.5600, 456, 0.3354, -0.6100, -0.7084, 4.7262, 1.0970, 2.1730, 0.0000, 0.0000, 0.0000, 0.0000, 0.0000, 0.0000, 0.0105, 0.1582, -0.3495, -0.9234, -0.0358, -0.0320, 0.0026, 0.0000, 0.0000, 0.0000, 0.0000
2, 4.5500, 455, -0.1774, -0.4586, -0.3256, 12.4389, -0.3267, -48.8334, 0.0000, 0.0000, 0.0000, 0.0000, 0.0000, 0.0000, -0.8398, 0.4566, -0.0281, 0.2923, -0.1390, -0.2905, -0.2565, 0.0000, 0.0000, 0.0000, 0.0000
3, 4.5600, 456, -0.1501, -0.8943, 0.0200, 15.7479, 10.5471, -25.1207, 0.0000, 0.0000, 0.0000, 0.0000, 0.0000, 0.0000, 0.6776, -0.6970, -0.0967, -0.2137, -0.0184, -0.0913, -0.0304, 0.0000, 0.0000, 0.0000, 0.0000
1, 4.5700, 457, 0.3455, -0.6095, -0.7032, 3.9395, 0.6282, 2.1257, 0.0000, 0.0000, 0.0000, 0.0000, 0.0000, 0.0000, 0.0103, 0.1582, -0.3499, -0.9233, -0.0461, -0.0331, -0.0021, 0.0000, 0.0000, 0.0000, 0.0000
2, 4.5600, 456, -0.1512, -0.3711, -0.3135, 13.3327, 0.3433, -41.4915, 0.0000, 0.0000, 0.0000, 0.0000, 0.0000, 0.0000, -0.8404, 0.4576, -0.0261, 0.2893, -0.1594, -0.3816, -0.2670, 0.0000, 0.0000, 0.0000, 0.0000
3, 4.5700, 457, -0.1691, -0.8887, -0.0119, 10.0218, 9.6561, -22.3353, 0.0000, 0.0000, 0.0000, 0.0000, 0.0000, 0.0000, 0.6773, -0.6972, -0.0988, -0.2130, 0.0046, -0.0976, 0.0033, 0.0000, 0.0000, 0.0000, 0.0000
2, 4.5700, 457, -0.1128, -0.2855, -0.3041, 16.6679, 1.6601, -31.6899, 0.0000, 0.0000, 0.0000, 0.0000, 0.0000, 0.0000, -0.8405, 0.4589, -0.0243, 0.2870, -0.1930, -0.4707, -0.2743, 0.0000, 0.0000, 0.0000, 0.0000
1, 4.5800, 458, 0.3325, -0.6153, -0.7088, 3.1841, 0.6563, 2.0408, 0.0000, 0.0000, 0.0000, 0.0000, 0.0000, 0.0000, 0.0102, 0.1582, -0.3502, -0.9232, -0.0333, -0.0278, 0.0039, 0.0000, 0.0000, 0.0000, 0.0000
3, 4.5800, 458, -0.1800, -0.9087, -0.0342, 7.9189, 9.6344, -19.8909, 0.0000, 0.0000, 0.0000, 0.0000, 0.0000, 0.0000, 0.6771, -0.6974, -0.1007, -0.2123, 0.0190, -0.0783, 0.0268, 0.0000, 0.0000, 0.0000, 0.0000
3, 4.5900, 459, -0.1802, -0.9326, -0.0294, 6.1430, 10.9868, -17.6451, 0.0000, 0.0000, 0.0000, 0.0000, 0.0000, 0.0000, 0.6770, -0.6974, -0.1026, -0.2119, 0.0224, -0.0549, 0.0228, 0.0000, 0.0000, 0.0000, 0.0000
3, 4.6000, 460, -0.1510, -0.9439, -0.0182, 1.7089, 13.5842, -15.2391, 0.0000, 0.0000, 0.0000, 0.0000, 0.0000, 0.0000, 0.6770, -0.6971, -0.1043, -0.2118, -0.0040, -0.0440, 0.0119, 0.0000, 0.0000, 0.0000, 0.0000
1, 4.5900, 459, 0.3303, -0.6051, -0.7055, 2.4383, 0.2480, 1.5216, 0.0000, 0.0000, 0.0000, 0.0000, 0.0000, 0.0000, 0.0104, 0.1588, -0.3499, -0.9232, -0.0309, -0.0382, 0.0009, 0.0000, 0.0000, 0.0000, 0.0000
2, 4.5800, 458, -0.0828, -0.2287, -0.2938, 20.9739, 3.3160, -20.6848, 0.0000, 0.0000, 0.0000, 0.0000, 0.0000, 0.0000, -0.8402, 0.4604, -0.0227, 0.2857, -0.2194, -0.5308, -0.2822, 0.0000, 0.0000, 0.0000, 0.0000
3, 4.6100, 461, -0.1178, -0.9270, -0.0071, -2.8038, 15.2566, -12.6178, 0.0000, 0.0000, 0.0000, 0.0000, 0.0000, 0.0000, 0.6773, -0.6965, -0.1059, -0.2120, -0.0349, -0.0612, 0.0002, 0.0000, 0.0000, 0.0000, 0.0000
1, 4.6000, 460, 0.3486, -0.6087, -0.7061, 2.0038, -0.1646, 1.4030, 0.0000, 0.0000, 0.0000, 0.0000, 0.0000, 0.0000, 0.0103, 0.1587, -0.3501, -0.9231, -0.0482, -0.0342, 0.0015, 0.0000, 0.0000, 0.0000, 0.0000
2, 4.5900, 459, -0.0629, -0.2029, -0.2901, 23.2122, 4.3488, -9.0732, 0.0000, 0.0000, 0.0000, 0.0000, 0.0000, 0.0000, -0.8395, 0.4619, -0.0214, 0.2853, -0.2371, -0.5595, -0.2832, 0.0000, 0.0000, 0.0000, 0.0000
3, 4.6200, 462, -0.0826, -0.9196, 0.0048, -3.1727, 16.5893, -10.1849, 0.0000, 0.0000, 0.0000, 0.0000, 0.0000, 0.0000, 0.6775, -0.6959, -0.1076, -0.2123, -0.0680, -0.0689, -0.0127, 0.0000, 0.0000, 0.0000, 0.0000
2, 4.6000, 460, -0.0578, -0.1714, -0.2776, 23.6369, 6.2347, 2.6847, 0.0000, 0.0000, 0.0000, 0.0000, 0.0000, 0.0000, -0.8385, 0.4635, -0.0205, 0.2857, -0.2414, -0.5935, -0.2930, 0.0000, 0.0000, 0.0000, 0.0000
1, 4.6100, 461, 0.3378, -0.6106, -0.7092, 1.2606, -0.3691, 1.8781, 0.0000, 0.0000, 0.0000, 0.0000, 0.0000, 0.0000, 0.0102, 0.1586, -0.3502, -0.9231, -0.0377, -0.0326, 0.0048, 0.0000, 0.0000, 0.0000, 0.0000
3, 4.6300, 463, -0.0533, -0.9157, 0.0115, -2.0012, 16.8914, -8.4650, 0.0000, 0.0000, 0.0000, 0.0000, 0.0000, 0.0000, 0.6776, -0.6954, -0.1090, -0.2128, -0.0954, -0.0731, -0.0202, 0.0000, 0.0000, 0.0000, 0.0000
1, 4.6200, 462, 0.3209, -0.6083, -0.7143, 0.3514, -0.6133, 1.6380, 0.0000, 0.0000, 0.0000, 0.0000, 0.0000, 0.0000, 0.0101, 0.1585, -0.3503, -0.9231, -0.0211, -0.0351, 0.0099, 0.0000, 0.0000, 0.0000, 0.0000
2, 4.6100, 461, -0.0455, -0.1436, -0.2809, 22.6369, 8.2117, 13.6945, 0.0000, 0.0000, 0.0000, 0.0000, 0.0000, 0.0000, -0.8373, 0.4649, -0.0199, 0.2871, -0.2543, -0.6230, -0.2869, 0.0000, 0.0000, 0.0000, 0.0000
3, 4.6400, 464, -0.0387, -0.9349, 0.0178, 1.1702, 15.8279, -6.5611, 0.0000, 0.0000, 0.0000, 0.0000, 0.0000, 0.0000, 0.6775, -0.6951, -0.1104, -0.2134, -0.1088, -0.0542, -0.0269, 0.0000, 0.0000, 0.0000, 0.0000
2, 4.6200, 462, 0.0013, -0.1091, -0.2921, 20.0068, 7.9818, 23.8065, 0.0000, 0.0000, 0.0000, 0.0000, 0.0000, 0.0000, -0.8359, 0.4662, -0.0197, 0.2892, -0.3030, -0.6586, -0.2733, 0.0000, 0.0000, 0.0000, 0.0000
1, 4.6300, 463, 0.3409, -0.6117, -0.7128, -0.0646, -0.7126, 1.2383, 0.0000, 0.0000, 0.0000, 0.0000, 0.0000, 0.0000, 0.0100, 0.1584, -0.3503, -0.9231, -0.0413, -0.0318, 0.0083, 0.0000, 0.0000, 0.0000, 0.0000
3, 4.6500, 465, -0.0196, -0.9631, 0.0260, 0.4701, 15.0578, -4.9550, 0.0000, 0.0000, 0.0000, 0.0000, 0.0000, 0.0000, 0.6775, -0.6948, -0.1116, -0.2140, -0.1269, -0.0260, -0.0354, 0.0000, 0.0000, 0.0000, 0.0000
2, 4.6300, 463, 0.0278, -0.0913, -0.2947, 15.7727, 4.2987, 33.9796, 0.0000, 0.0000, 0.0000, 0.0000, 0.0000, 0.0000, -0.8344, 0.4671, -0.0204, 0.2919, -0.3329, -0.6764, -0.2687, 0.0000, 0.0000, 0.0000, 0.0000
1, 4.6400, 464, 0.3376, -0.6172, -0.7112, -0.4152, -0.8705, 1.2578, 0.0000, 0.0000, 0.0000, 0.0000, 0.0000, 0.0000, 0.0102, 0.1590, -0.3498, -0.9232, -0.0379, -0.0261, 0.0067, 0.0000, 0.0000, 0.0000, 0.0000
3, 4.6600, 466, -0.0133, -0.9829, 0.0328, -1.2411, 15.1425, -3.7829, 0.0000, 0.0000, 0.0000, 0.0000, 0.0000, 0.0000, 0.6775, -0.6944, -0.1127, -0.2147, -0.1324, -0.0063, -0.0426, 0.0000, 0.0000, 0.0000, 0.0000
2, 4.6400, 464, 0.0394, -0.0794, -0.2776, 12.0050, 1.0348, 43.0008, 0.0000, 0.0000, 0.0000, 0.0000, 0.0000, 0.0000, -0.8328, 0.4678, -0.0218, 0.2951, -0.3496, -0.6875, -0.2841, 0.0000, 0.0000, 0.0000, 0.0000
3, 4.6700, 467, -0.0251, -0.9968, 0.0391, -2.6771, 16.4472, -2.9137, 0.0000, 0.0000, 0.0000, 0.0000, 0.0000, 0.0000, 0.6775, -0.6941, -0.1140, -0.2152, -0.1199, 0.0074, -0.0496, 0.0000, 0.0000, 0.0000, 0.0000
2, 4.6500, 465, -0.0003, -0.0892, -0.2692, 7.2554, 2.3486, 49.4636, 0.0000, 0.0000, 0.0000, 0.0000, 0.0000, 0.0000, -0.8313, 0.4682, -0.0234, 0.2988, -0.3160, -0.6760, -0.2916, 0.0000, 0.0000, 0.0000, 0.0000
1, 4.6500, 465, 0.3306, -0.6216, -0.7171, -0.9719, -1.1272, 0.9641, 0.0000, 0.0000, 0.0000, 0.0000, 0.0000, 0.0000, 0.0101, 0.1588, -0.3497, -0.9232, -0.0302, -0.0210, 0.0123, 0.0000, 0.0000, 0.0000, 0.0000
3, 4.6800, 468, -0.0492, -0.9918, 0.0380, -4.8103, 18.2011, -2.3855, 0.0000, 0.0000, 0.0000, 0.0000, 0.0000, 0.0000, 0.6776, -0.6934, -0.1151, -0.2162, -0.0947, 0.0023, -0.0494, 0.0000, 0.0000, 0.0000, 0.0000
1, 4.6600, 466, 0.3315, -0.6223, -0.7163, -1.3317, -1.4983, 0.4957, 0.0000, 0.0000, 0.0000, 0.0000, 0.0000, 0.0000, 0.0101, 0.1587, -0.3496, -0.9233, -0.0313, -0.0202, 0.0112, 0.0000, 0.0000, 0.0000, 0.0000
2, 4.6600, 466, 0.0049, -0.1150, -0.2815, 1.1776, 5.2575, 54.1545, 0.0000, 0.0000, 0.0000, 0.0000, 0.0000, 0.0000, -0.8298, 0.4680, -0.0252, 0.3029, -0.3278, -0.6476, -0.2790, 0.0000, 0.0000, 0.0000, 0.0000
1, 4.6700, 467, 0.3394, -0.6152, -0.7202, -2.0109, -1.8246, 0.2029, 0.0000, 0.0000, 0.0000, 0.0000, 0.0000, 0.0000, 0.0101, 0.1586, -0.3495, -0.9234, -0.0395, -0.0271, 0.0149, 0.0000, 0.0000, 0.0000, 0.0000
3, 4.6900, 469, -0.0705, -0.9875, 0.0125, -6.0752, 18.8579, -1.3881, 0.0000, 0.0000, 0.0000, 0.0000, 0.0000, 0.0000, 0.6779, -0.6927, -0.1162, -0.2173, -0.0731, -0.0020, -0.0253, 0.0000, 0.0000, 0.0000, 0.0000
2, 4.6700, 467, 0.0088, -0.1380, -0.2987, -4.1622, 7.2366, 59.5680, 0.0000, 0.0000, 0.0000, 0.0000, 0.0000, 0.0000, -0.8284, 0.4674, -0.0273, 0.3075, -0.3387, -0.6211, -0.2625, 0.0000, 0.0000, 0.0000, 0.0000
1, 4.6800, 468, 0.3530, -0.6106, -0.7158, -2.0083, -2.0114, 0.1339, 0.0000, 0.0000, 0.0000, 0.0000, 0.0000, 0.0000, 0.0101, 0.1584, -0.3493, -0.9235, -0.0533, -0.0314, 0.0101, 0.0000, 0.0000, 0.0000, 0.0000
3, 4.7000, 470, -0.1052, -0.9854, -0.0011, -6.2302, 19.4295, 0.6851, 0.0000, 0.0000, 0.0000, 0.0000, 0.0000, 0.0000, 0.6780, -0.6919, -0.1172, -0.2186, -0.0383, -0.0041, -0.0133, 0.0000, 0.0000, 0.0000, 0.0000
1, 4.6900, 469, 0.3461, -0.6115, -0.7182, -2.1350, -2.3988, 0.6602, 0.0000, 0.0000, 0.0000, 0.0000, 0.0000, 0.0000, 0.0103, 0.1586, -0.3488, -0.9236, -0.0465, -0.0302, 0.0122, 0.0000, 0.0000, 0.0000, 0.0000
2, 4.6800, 468, 0.0037, -0.1521, -0.3077, -9.5518, 7.6447, 64.3323, 0.0000, 0.0000, 0.0000, 0.0000, 0.0000, 0.0000, -0.8271, 0.4663, -0.0296, 0.3125, -0.3411, -0.6026, -0.2550, 0.0000, 0.0000, 0.0000, 0.0000
3, 4.7100, 471, -0.1222, -0.9719, -0.0267, -7.0167, 20.9807, 2.8509, 0.0000, 0.0000, 0.0000, 0.0000, 0.0000, 0.0000, 0.6782, -0.6912, -0.1181, -0.2201, -0.0216, -0.0175, 0.0107, 0.0000, 0.0000, 0.0000, 0.0000
2, 4.6900, 469, -0.0200, -0.1774, -0.3149, -13.8152, 7.3150, 67.2863, 0.0000, 0.0000, 0.0000, 0.0000, 0.0000, 0.0000, -0.8258, 0.4649, -0.0322, 0.3176, -0.3254, -0.5721, -0.2498, 0.0000, 0.0000, 0.0000, 0.0000
1, 4.7000, 470, 0.3376, -0.6069, -0.7137, -2.7342, -2.5798, 0.8728, 0.0000, 0.0000, 0.0000, 0.0000, 0.0000, 0.0000, 0.0103, 0.1583, -0.3486, -0.9237, -0.0378, -0.0340, 0.0070, 0.0000, 0.0000, 0.0000, 0.0000
3, 4.7200, 472, -0.1269, -0.9547, -0.0422, -6.8856, 22.2977, 4.8865, 0.0000, 0.0000, 0.0000, 0.0000, 0.0000, 0.0000, 0.6783, -0.6903, -0.1190, -0.2218, -0.0176, -0.0346, 0.0244, 0.0000, 0.0000, 0.0000, 0.0000
1, 4.7100, 471, 0.3253, -0.6100, -0.7175, -2.9826, -2.5508, 1.0132, 0.0000, 0.0000, 0.0000, 0.0000, 0.0000, 0.0000, 0.0102, 0.1581, -0.3484, -0.9239, -0.0259, -0.0306, 0.0104, 0.0000, 0.0000, 0.0000, 0.0000
2, 4.7000, 470, -0.0622, -0.2329, -0.3404, -17.0332, 6.8861, 68.8118, 0.0000, 0.0000, 0.0000, 0.0000, 0.0000, 0.0000, -0.8246, 0.4633, -0.0349, 0.3227, -0.2913, -0.5109, -0.2269, 0.0000, 0.0000, 0.0000, 0.0000
3, 4.7300, 473, -0.1321, -0.9493, -0.0353, -6.2221, 23.9413, 6.8024, 0.0000, 0.0000, 0.0000, 0.0000, 0.0000, 0.0000, 0.6783, -0.6896, -0.1199, -0.2237, -0.0133, -0.0399, 0.0157, 0.0000, 0.0000, 0.0000, 0.0000
1, 4.7200, 472, 0.3298, -0.6143, -0.7263, -3.0134, -2.1986, 0.4527, 0.0000, 0.0000, 0.0000, 0.0000, 0.0000, 0.0000, 0.0102, 0.1579, -0.3481, -0.9240, -0.0308, -0.0260, 0.0187, 0.0000, 0.0000, 0.0000, 0.0000
1, 4.7300, 473, 0.3381, -0.6150, -0.7216, -2.8748, -1.9577, 0.4510, 0.0000, 0.0000, 0.0000, 0.0000, 0.0000, 0.0000, 0.0102, 0.1577, -0.3479, -0.9241, -0.0394, -0.0249, 0.0136, 0.0000, 0.0000, 0.0000, 0.0000
1, 4.7400, 474, 0.3216, -0.6183, -0.7273, -2.8231, -1.5951, 0.2918, 0.0000, 0.0000, 0.0000, 0.0000, 0.0000, 0.0000, 0.0105, 0.1577, -0.3473, -0.9243, -0.0230, -0.0211, 0.0188, 0.0000, 0.0000, 0.0000, 0.0000
1, 4.7500, 475, 0.3276, -0.6138, -0.7293, -2.6426, -1.3269, -0.2341, 0.0000, 0.0000, 0.0000, 0.0000, 0.0000, 0.0000, 0.0105, 0.1576, -0.3471, -0.9244, -0.0289, -0.0248, 0.0201, 0.0000, 0.0000, 0.0000, 0.0000
1, 4.7600, 476, 0.3259, -0.6128, -0.7237, -2.5200, -0.8761, -0.4987, 0.0000, 0.0000, 0.0000, 0.0000, 0.0000, 0.0000, 0.0105, 0.1576, -0.3469, -0.9245, -0.0272, -0.0255, 0.0141, 0.0000, 0.0000, 0.0000, 0.0000
2, 4.7100, 471, -0.1137, -0.3186, -0.3535, -19.1135, 7.8372, 71.5132, 0.0000, 0.0000, 0.0000, 0.0000, 0.0000, 0.0000, -0.8234, 0.4614, -0.0378, 0.3281, -0.2482, -0.4189, -0.2166, 0.0000, 0.0000, 0.0000, 0.0000
2, 4.7200, 472, -0.1840, -0.4045, -0.3791, -19.8599, 11.2037, 76.4455, 0.0000, 0.0000, 0.0000, 0.0000, 0.0000, 0.0000, -0.8220, 0.4594, -0.0406, 0.3340, -0.1864, -0.3263, -0.1942, 0.0000, 0.0000, 0.0000, 0.0000
2, 4.7300, 473, -0.2363, -0.4876, -0.3980, -19.8266, 15.0402, 84.4065, 0.0000, 0.0000, 0.0000, 0.0000, 0.0000, 0.0000, -0.8204, 0.4572, -0.0435, 0.3406, -0.1431, -0.2359, -0.1787, 0.0000, 0.0000, 0.0000, 0.0000
2, 4.7400, 474, -0.2909, -0.5606, -0.4155, -20.3886, 18.4965, 94.0555, 0.0000, 0.0000, 0.0000, 0.0000, 0.0000, 0.0000, -0.8184, 0.4549, -0.0465, 0.3480, -0.0981, -0.1548, -0.1649, 0.0000, 0.0000, 0.0000, 0.0000
2, 4.7500, 475, -0.3406, -0.6197, -0.4322, -21.1765, 20.0351, 103.2929, 0.0000, 0.0000, 0.0000, 0.0000, 0.0000, 0.0000, -0.8162, 0.4523, -0.0498, 0.3560, -0.0588, -0.0867, -0.1522, 0.0000, 0.0000, 0.0000, 0.0000
3, 4.7400, 474, -0.1318, -0.9621, -0.0217, -4.8641, 26.0521, 8.4242, 0.0000, 0.0000, 0.0000, 0.0000, 0.0000, 0.0000, 0.6781, -0.6889, -0.1209, -0.2258, -0.0148, -0.0268, 0.0005, 0.0000, 0.0000, 0.0000, 0.0000
3, 4.7500, 475, -0.1352, -0.9741, -0.0033, -4.9535, 28.1252, 10.1559, 0.0000, 0.0000, 0.0000, 0.0000, 0.0000, 0.0000, 0.6779, -0.6881, -0.1218, -0.2282, -0.0130, -0.0146, -0.0195, 0.0000, 0.0000, 0.0000, 0.0000
3, 4.7600, 476, -0.1493, -0.9819, 0.0021, -4.6420, 29.5658, 11.9827, 0.0000, 0.0000, 0.0000, 0.0000, 0.0000, 0.0000, 0.6777, -0.6874, -0.1227, -0.2307, -0.0007, -0.0065, -0.0264, 0.0000, 0.0000, 0.0000, 0.0000
3, 4.7700, 477, -0.1691, -0.9914, 0.0049, -5.2157, 30.9777, 14.0290, 0.0000, 0.0000, 0.0000, 0.0000, 0.0000, 0.0000, 0.6773, -0.6866, -0.1236, -0.2335, 0.0169, 0.0034, -0.0309, 0.0000, 0.0000, 0.0000, 0.0000
3, 4.7800, 478, -0.1884, -0.9910, 0.0062, -4.7064, 33.5969, 15.9543, 0.0000, 0.0000, 0.0000, 0.0000, 0.0000, 0.0000, 0.6769, -0.6858, -0.1245, -0.2365, 0.0337, 0.0034, -0.0338, 0.0000, 0.0000, 0.0000, 0.0000
2, 4.7600, 476, -0.3720, -0.6628, -0.4087, -23.5232, 20.4441, 115.5265, 0.0000, 0.0000, 0.0000, 0.0000, 0.0000, 0.0000, -0.8136, 0.4495, -0.0537, 0.3649, -0.0389, -0.0335, -0.1798, 0.0000, 0.0000, 0.0000, 0.0000
1, 4.7700, 477, 0.3252, -0.6095, -0.7229, -2.6226, -0.4401, -1.0070, 0.0000, 0.0000, 0.0000, 0.0000, 0.0000, 0.0000, 0.0106, 0.1576, -0.3467, -0.9246, -0.0265, -0.0284, 0.0130, 0.0000, 0.0000, 0.0000, 0.0000
1, 4.7800, 478, 0.3358, -0.6057, -0.7235, -2.3893, -0.3099, -1.4451, 0.0000, 0.0000, 0.0000, 0.0000, 0.0000, 0.0000, 0.0107, 0.1576, -0.3465, -0.9247, -0.0370, -0.0318, 0.0134, 0.0000, 0.0000, 0.0000, 0.0000
2, 4.7700, 477, -0.3841, -0.6529, -0.3980, -21.2388, 20.8618, 120.7367, 0.0000, 0.0000, 0.0000, 0.0000, 0.0000, 0.0000, -0.8106, 0.4467, -0.0576, 0.3742, -0.0390, -0.0324, -0.1947, 0.0000, 0.0000, 0.0000, 0.0000
3, 4.7900, 479, -0.1967, -0.9930, 0.0100, -5.0465, 36.0169, 16.9652, 0.0000, 0.0000, 0.0000, 0.0000, 0.0000, 0.0000, 0.6765, -0.6850, -0.1256, -0.2397, 0.0393, 0.0059, -0.0394, 0.0000, 0.0000, 0.0000, 0.0000
3, 4.8000, 480, -0.2024, -0.9837, 0.0222, -5.5816, 40.2916, 17.5077, 0.0000, 0.0000, 0.0000, 0.0000, 0.0000, 0.0000, 0.6760, -0.6840, -0.1268, -0.2432, 0.0422, -0.0029, -0.0536, 0.0000, 0.0000, 0.0000, 0.0000
2, 4.7800, 478, -0.4132, -0.6734, -0.4009, -15.3501, 19.0726, 118.6399, 0.0000, 0.0000, 0.0000, 0.0000, 0.0000, 0.0000, -0.8074, 0.4444, -0.0614, 0.3833, -0.0220, -0.0011, -0.1954, 0.0000, 0.0000, 0.0000, 0.0000
1, 4.7900, 479, 0.3423, -0.6044, -0.7211, -2.1997, -0.1576, -1.2544, 0.0000, 0.0000, 0.0000, 0.0000, 0.0000, 0.0000, 0.0111, 0.1583, -0.3457, -0.9248, -0.0430, -0.0325, 0.0106, 0.0000, 0.0000, 0.0000, 0.0000
1, 4.8000, 480, 0.3531, -0.5988, -0.7239, -1.9230, -0.4385, -0.7126, 0.0000, 0.0000, 0.0000, 0.0000, 0.0000, 0.0000, 0.0112, 0.1582, -0.3455, -0.9249, -0.0527, -0.0368, 0.0129, 0.0000, 0.0000, 0.0000, 0.0000
3, 4.8100, 481, -0.2134, -0.9664, 0.0454, -4.6565, 45.1001, 18.3736, 0.0000, 0.0000, 0.0000, 0.0000, 0.0000, 0.0000, 0.6754, -0.6829, -0.1282, -0.2470, 0.0503, -0.0197, -0.0790, 0.0000, 0.0000, 0.0000, 0.0000
2, 4.7900, 479, -0.4668, -0.7634, -0.4171, -6.4102, 18.6634, 114.2802, 0.0000, 0.0000, 0.0000, 0.0000, 0.0000, 0.0000, -0.8038, 0.4428, -0.0647, 0.3920, 0.0199, 0.0989, -0.1818, 0.0000, 0.0000, 0.0000, 0.0000
2, 4.8000, 480, -0.5908, -0.8841, -0.4720, 1.1878, 21.7460, 112.7385, 0.0000, 0.0000, 0.0000, 0.0000, 0.0000, 0.0000, -0.8000, 0.4414, -0.0675, 0.4007, 0.1330, 0.2285, -0.1285, 0.0000, 0.0000, 0.0000, 0.0000
1, 4.8100, 481, 0.3424, -0.6036, -0.7263, -1.7212, -0.7613, 0.1965, 0.0000, 0.0000, 0.0000, 0.0000, 0.0000, 0.0000, 0.0112, 0.1582, -0.3454, -0.9250, -0.0420, -0.0318, 0.0150, 0.0000, 0.0000, 0.0000, 0.0000
1, 4.8200, 482, 0.3316, -0.5966, -0.7332, -1.3765, -0.6985, 0.6839, 0.0000, 0.0000, 0.0000, 0.0000, 0.0000, 0.0000, 0.0111, 0.1581, -0.3453, -0.9250, -0.0314, -0.0387, 0.0216, 0.0000, 0.0000, 0.0000, 0.0000
3, 4.8200, 482, -0.2100, -0.9480, 0.0625, -2.0781, 50.1106, 19.5147, 0.0000, 0.0000, 0.0000, 0.0000, 0.0000, 0.0000, 0.6744, -0.6820, -0.1300, -0.2512, 0.0439, -0.0375, -0.0979, 0.0000, 0.0000, 0.0000, 0.0000
3, 4.8300, 483, -0.1968, -0.9427, 0.0448, 0.4596, 52.5378, 20.2365, 0.0000, 0.0000, 0.0000, 0.0000, 0.0000, 0.0000, 0.6733, -0.6811, -0.1319, -0.2555, 0.0275, -0.0422, -0.0816, 0.0000, 0.0000, 0.0000, 0.0000
1, 4.8300, 483, 0.3384, -0.5977, -0.7317, -0.9593, -0.3896, 0.8555, 0.0000, 0.0000, 0.0000, 0.0000, 0.0000, 0.0000, 0.0111, 0.1580, -0.3452, -0.9251, -0.0383, -0.0375, 0.0201, 0.0000, 0.0000, 0.0000, 0.0000
2, 4.8100, 481, -0.6680, -0.9735, -0.5234, 4.8157, 27.2424, 116.6419, 0.0000, 0.0000, 0.0000, 0.0000, 0.0000, 0.0000, -0.7959, 0.4401, -0.0699, 0.4099, 0.1998, 0.3269, -0.0787, 0.0000, 0.0000, 0.0000, 0.0000
2, 4.8200, 482, -0.7460, -1.0356, -0.5709, 6.0341, 31.8631, 124.9598, 0.0000, 0.0000, 0.0000, 0.0000, 0.0000, 0.0000, -0.7913, 0.4386, -0.0723, 0.4198, 0.2674, 0.3984, -0.0331, 0.0000, 0.0000, 0.0000, 0.0000
2, 4.8300, 483, -0.8114, -1.1029, -0.6030, 4.4840, 34.1741, 137.7299, 0.0000, 0.0000, 0.0000, 0.0000, 0.0000, 0.0000, -0.7862, 0.4368, -0.0750, 0.4306, 0.3216, 0.4763, -0.0033, 0.0000, 0.0000, 0.0000, 0.0000
2, 4.8400, 484, -0.8302, -1.1133, -0.5892, 2.0527, 33.7031, 153.7276, 0.0000, 0.0000, 0.0000, 0.0000, 0.0000, 0.0000, -0.7805, 0.4346, -0.0785, 0.4424, 0.3281, 0.4992, -0.0197, 0.0000, 0.0000, 0.0000, 0.0000
2, 4.8500, 485, -0.7942, -1.0343, -0.5205, 2.9363, 31.7148, 167.6251, 0.0000, 0.0000, 0.0000, 0.0000, 0.0000, 0.0000, -0.7741, 0.4324, -0.0826, 0.4550, 0.2783, 0.4344, -0.0910, 0.0000, 0.0000, 0.0000, 0.0000
3, 4.8400, 484, -0.1803, -0.9491, 0.0192, 2.2666, 51.1383, 21.4147, 0.0000, 0.0000, 0.0000, 0.0000, 0.0000, 0.0000, 0.6721, -0.6804, -0.1336, -0.2597, 0.0078, -0.0352, -0.0573, 0.0000, 0.0000, 0.0000, 0.0000
2, 4.8600, 486, -0.7113, -0.8495, -0.4125, 10.8924, 28.9608, 170.7988, 0.0000, 0.0000, 0.0000, 0.0000, 0.0000, 0.0000, -0.7670, 0.4307, -0.0866, 0.4677, 0.1810, 0.2645, -0.2010, 0.0000, 0.0000, 0.0000, 0.0000
1, 4.8400, 484, 0.3514, -0.6045, -0.7224, -0.2950, -0.4578, 1.2029, 0.0000, 0.0000, 0.0000, 0.0000, 0.0000, 0.0000, 0.0114, 0.1591, -0.3443, -0.9252, -0.0509, -0.0303, 0.0105, 0.0000, 0.0000, 0.0000, 0.0000
1, 4.8500, 485, 0.3520, -0.6024, -0.7270, -0.2626, -0.7212, 1.5883, 0.0000, 0.0000, 0.0000, 0.0000, 0.0000, 0.0000, 0.0113, 0.1590, -0.3443, -0.9252, -0.0500, -0.0312, 0.0147, 0.0000, 0.0000, 0.0000, 0.0000
1, 4.8600, 486, 0.3562, -0.6110, -0.7201, 0.2091, -1.2577, 2.1831, 0.0000, 0.0000, 0.0000, 0.0000, 0.0000, 0.0000, 0.0111, 0.1588, -0.3444, -0.9252, -0.0545, -0.0227, 0.0077, 0.0000, 0.0000, 0.0000, 0.0000
3, 4.8500, 485, -0.1555, -0.9555, -0.0115, 1.7340, 48.7649, 23.0856, 0.0000, 0.0000, 0.0000, 0.0000, 0.0000, 0.0000, 0.6709, -0.6796, -0.1352, -0.2640, -0.0206, -0.0281, -0.0277, 0.0000, 0.0000, 0.0000, 0.0000
3, 4.8600, 486, -0.1281, -0.9567, -0.0107, 1.0700, 48.2896, 24.7248, 0.0000, 0.0000, 0.0000, 0.0000, 0.0000, 0.0000, 0.6697, -0.6789, -0.1366, -0.2683, -0.0518, -0.0261, -0.0298, 0.0000, 0.0000, 0.0000, 0.0000
3, 4.8700, 487, -0.1018, -0.9770, 0.0158, -0.9983, 47.4216, 25.9003, 0.0000, 0.0000, 0.0000, 0.0000, 0.0000, 0.0000, 0.6686, -0.6780, -0.1378, -0.2725, -0.0820, -0.0051, -0.0578, 0.0000, 0.0000, 0.0000, 0.0000
3, 4.8800, 488, -0.1018, -1.0024, 0.0507, -2.9338, 45.5221, 27.2761, 0.0000, 0.0000, 0.0000, 0.0000, 0.0000, 0.0000, 0.6676, -0.6771, -0.1388, -0.2768, -0.0861, 0.0212, -0.0944, 0.0000, 0.0000, 0.0000, 0.0000
2, 4.8700, 487, -0.5861, -0.6757, -0.3467, 26.8015, 22.9304, 158.1653, 0.0000, 0.0000, 0.0000, 0.0000, 0.0000, 0.0000, -0.7596, 0.4303, -0.0899, 0.4793, 0.0419, 0.1039, -0.2672, 0.0000, 0.0000, 0.0000, 0.0000
1, 4.8700, 487, 0.3728, -0.6125, -0.7170, 0.5636, -2.8606, 3.0457, 0.0000, 0.0000, 0.0000, 0.0000, 0.0000, 0.0000, 0.0110, 0.1585, -0.3445, -0.9253, -0.0717, -0.0214, 0.0046, 0.0000, 0.0000, 0.0000, 0.0000
3, 4.8900, 489, -0.1279, -1.0159, 0.0578, -5.4011, 45.3060, 28.2515, 0.0000, 0.0000, 0.0000, 0.0000, 0.0000, 0.0000, 0.6666, -0.6760, -0.1396, -0.2812, -0.0645, 0.0357, -0.1038, 0.0000, 0.0000, 0.0000, 0.0000
2, 4.8800, 488, -0.4679, -0.6035, -0.3851, 46.7404, 11.3506, 136.1074, 0.0000, 0.0000, 0.0000, 0.0000, 0.0000, 0.0000, -0.7522, 0.4319, -0.0923, 0.4890, -0.0888, 0.0413, -0.2265, 0.0000, 0.0000, 0.0000, 0.0000
1, 4.8800, 488, 0.3636, -0.6121, -0.7104, 0.4414, -4.6095, 4.1377, 0.0000, 0.0000, 0.0000, 0.0000, 0.0000, 0.0000, 0.0108, 0.1580, -0.3446, -0.9253, -0.0634, -0.0221, -0.0021, 0.0000, 0.0000, 0.0000, 0.0000
3, 4.9000, 490, -0.1548, -1.0244, 0.0435, -8.7670, 45.9482, 29.4577, 0.0000, 0.0000, 0.0000, 0.0000, 0.0000, 0.0000, 0.6659, -0.6747, -0.1403, -0.2857, -0.0422, 0.0452, -0.0923, 0.0000, 0.0000, 0.0000, 0.0000
2, 4.8900, 489, -3.2000, -3.0832, -0.3280, 56.8908, 46.8644, 80.9666, 0.0000, 0.0000, 0.0000, 0.0000, 0.0000, 0.0000, -0.7470, 0.4329, -0.0899, 0.4966, 2.6341, 2.5261, -0.2799, 0.0000, 0.0000, 0.0000, 0.0000
1, 4.8900, 489, 0.3546, -0.6094, -0.7207, 0.4289, -6.0570, 4.7214, 0.0000, 0.0000, 0.0000, 0.0000, 0.0000, 0.0000, 0.0106, 0.1576, -0.3445, -0.9254, -0.0554, -0.0250, 0.0078, 0.0000, 0.0000, 0.0000, 0.0000
1, 4.9000, 490, 0.3419, -0.6099, -0.7293, 0.4599, -6.6687, 5.4404, 0.0000, 0.0000, 0.0000, 0.0000, 0.0000, 0.0000, 0.0104, 0.1569, -0.3446, -0.9255, -0.0438, -0.0246, 0.0162, 0.0000, 0.0000, 0.0000, 0.0000
3, 4.9100, 491, -0.1960, -0.9974, 0.0232, -14.4340, 46.2253, 31.1352, 0.0000, 0.0000, 0.0000, 0.0000, 0.0000, 0.0000, 0.6654, -0.6731, -0.1408, -0.2904, -0.0057, 0.0194, -0.0757, 0.0000, 0.0000, 0.0000, 0.0000
2, 4.9000, 490, 0.7273, -0.7992, -1.1535, -19.7561, 246.3735, -7.3374, 0.0000, 0.0000, 0.0000, 0.0000, 0.0000, 0.0000, -0.7497, 0.4209, -0.0743, 0.5052, -1.2739, 0.2403, 0.5299, 0.0000, 0.0000, 0.0000, 0.0000
3, 4.9200, 492, -0.2041, -0.9544, 0.0337, -17.9178, 49.4330, 33.8074, 0.0000, 0.0000, 0.0000, 0.0000, 0.0000, 0.0000, 0.6649, -0.6713, -0.1413, -0.2955, -0.0028, -0.0223, -0.0908, 0.0000, 0.0000, 0.0000, 0.0000
3, 4.9300, 493, -0.1252, -0.9244, 0.0936, -20.6670, 55.3619, 36.5373, 0.0000, 0.0000, 0.0000, 0.0000, 0.0000, 0.0000, 0.6645, -0.6691, -0.1418, -0.3011, -0.0871, -0.0508, -0.1558, 0.0000, 0.0000, 0.0000, 0.0000
1, 4.9100, 491, 0.3236, -0.6073, -0.7408, 1.3814, -6.1550, 5.9061, 0.0000, 0.0000, 0.0000, 0.0000, 0.0000, 0.0000, 0.0101, 0.1562, -0.3448, -0.9255, -0.0270, -0.0277, 0.0274, 0.0000, 0.0000, 0.0000, 0.0000
2, 4.9100, 491, 0.1407, -0.0555, -1.7317, -80.0455, 151.2889, 24.1313, 0.0000, 0.0000, 0.0000, 0.0000, 0.0000, 0.0000, -0.7525, 0.4088, -0.0689, 0.5117, -0.6684, -0.4929, 1.0830, 0.0000, 0.0000, 0.0000, 0.0000
1, 4.9200, 492, 0.3062, -0.6083, -0.7780, 3.2024, -3.7485, 6.2368, 0.0000, 0.0000, 0.0000, 0.0000, 0.0000, 0.0000, 0.0098, 0.1557, -0.3452, -0.9255, -0.0108, -0.0273, 0.0647, 0.0000, 0.0000, 0.0000, 0.0000
1, 4.9300, 493, 0.3746, -0.6219, -0.8194, 9.2800, -1.3059, 7.8624, 0.0000, 0.0000, 0.0000, 0.0000, 0.0000, 0.0000, 0.0093, 0.1554, -0.3460, -0.9252, -0.0803, -0.0148, 0.1066, 0.0000, 0.0000, 0.0000, 0.0000
3, 4.9400, 494, -0.1273, -0.9582, 0.3236, -26.7121, 63.4616, 37.7562, 0.0000, 0.0000, 0.0000, 0.0000, 0.0000, 0.0000, 0.6642, -0.6663, -0.1426, -0.3073, -0.0907, -0.0153, -0.3921, 0.0000, 0.0000, 0.0000, 0.0000
3, 4.9500, 495, -0.2676, -0.9950, 0.4908, -30.5416, 63.4162, 36.9544, 0.0000, 0.0000, 0.0000, 0.0000, 0.0000, 0.0000, 0.6642, -0.6633, -0.1433, -0.3135, 0.0440, 0.0233, -0.5670, 0.0000, 0.0000, 0.0000, 0.0000
1, 4.9400, 494, 0.4310, -0.6459, -0.8601, 22.2176, 0.2478, 11.3547, 0.0000, 0.0000, 0.0000, 0.0000, 0.0000, 0.0000, 0.0087, 0.1551, -0.3479, -0.9246, -0.1378, 0.0066, 0.1492, 0.0000, 0.0000, 0.0000, 0.0000
2, 4.9200, 492, -1.1248, -0.3682, -1.5155, -121.4576, 137.2965, -33.0700, 0.0000, 0.0000, 0.0000, 0.0000, 0.0000, 0.0000, -0.7591, 0.3948, -0.0641, 0.5136, 0.6148, -0.1693, 0.8440, 0.0000, 0.0000, 0.0000, 0.0000
2, 4.9300, 493, -1.6462, -0.5711, -0.6128, -45.5679, 68.3285, -28.5027, 0.0000, 0.0000, 0.0000, 0.0000, 0.0000, 0.0000, -0.7623, 0.3889, -0.0606, 0.5138, 1.1506, 0.0399, -0.0744, 0.0000, 0.0000, 0.0000, 0.0000
1, 4.9500, 495, 0.4436, -0.6645, -0.9007, 38.7935, 1.7584, 16.3889, 0.0000, 0.0000, 0.0000, 0.0000, 0.0000, 0.0000, 0.0079, 0.1547, -0.3512, -0.9234, -0.1517, 0.0206, 0.1935, 0.0000, 0.0000, 0.0000, 0.0000
3, 4.9600, 496, -0.5253, -1.0456, 0.4066, -18.6487, 48.2434, 31.8354, 0.0000, 0.0000, 0.0000, 0.0000, 0.0000, 0.0000, 0.6638, -0.6613, -0.1437, -0.3184, 0.2967, 0.0756, -0.4890, 0.0000, 0.0000, 0.0000, 0.0000
1, 4.9600, 496, 0.4290, -0.6599, -0.9219, 56.5737, -0.0758, 21.6978, 0.0000, 0.0000, 0.0000, 0.0000, 0.0000, 0.0000, 0.0069, 0.1540, -0.3561, -0.9217, -0.1392, 0.0089, 0.2204, 0.0000, 0.0000, 0.0000, 0.0000
3, 4.9700, 497, -0.6491, -1.0798, 0.1414, -1.8786, 36.6128, 18.4910, 0.0000, 0.0000, 0.0000, 0.0000, 0.0000, 0.0000, 0.6628, -0.6605, -0.1446, -0.3218, 0.4168, 0.1108, -0.2267, 0.0000, 0.0000, 0.0000, 0.0000
2, 4.9400, 494, 0.4596, -0.6448, -1.5881, -9.0736, 33.6384, -11.9745, 0.0000, 0.0000, 0.0000, 0.0000, 0.0000, 0.0000, -0.7633, 0.3868, -0.0584, 0.5141, -0.9479, 0.1142, 0.8952, 0.0000, 0.0000, 0.0000, 0.0000
1, 4.9700, 497, 0.4111, -0.6502, -0.9058, 68.8339, -5.0568, 24.9287, 0.0000, 0.0000, 0.0000, 0.0000, 0.0000, 0.0000, 0.0060, 0.1528, -0.3619, -0.9196, -0.1245, -0.0100, 0.2115, 0.0000, 0.0000, 0.0000, 0.0000
2, 4.9500, 495, 0.0012, -0.5627, -1.1111, 11.0412, 0.7957, -0.4018, 0.0000, 0.0000, 0.0000, 0.0000, 0.0000, 0.0000, -0.7630, 0.3875, -0.0578, 0.5142, -0.4877, 0.0315, 0.4174, 0.0000, 0.0000, 0.0000, 0.0000
3, 4.9800, 498, -0.6547, -1.0065, -0.0178, 8.9360, 41.0214, 2.1726, 0.0000, 0.0000, 0.0000, 0.0000, 0.0000, 0.0000, 0.6617, -0.6599, -0.1471, -0.3241, 0.4213, 0.0379, -0.0680, 0.0000, 0.0000, 0.0000, 0.0000
3, 4.9900, 499, -0.5056, -0.8885, -0.1291, 16.0139, 58.1833, -8.3624, 0.0000, 0.0000, 0.0000, 0.0000, 0.0000, 0.0000, 0.6602, -0.6591, -0.1514, -0.3268, 0.2737, -0.0804, 0.0435, 0.0000, 0.0000, 0.0000, 0.0000
2, 4.9600, 496, -0.5858, -0.5037, -0.6140, 15.5978, -17.9680, 12.9414, 0.0000, 0.0000, 0.0000, 0.0000, 0.0000, 0.0000, -0.7618, 0.3893, -0.0587, 0.5145, 0.0971, -0.0288, -0.0771, 0.0000, 0.0000, 0.0000, 0.0000
1, 4.9800, 498, 0.3748, -0.6464, -0.8206, 75.5721, -5.7719, 26.5854, 0.0000, 0.0000, 0.0000, 0.0000, 0.0000, 0.0000, 0.0050, 0.1514, -0.3684, -0.9173, -0.0919, -0.0239, 0.1346, 0.0000, 0.0000, 0.0000, 0.0000
1, 4.9900, 499, 0.3645, -0.6749, -0.7865, 73.8353, 19.1621, 34.7950, 0.0000, 0.0000, 0.0000, 0.0000, 0.0000, 0.0000, 0.0027, 0.1517, -0.3747, -0.9147, -0.0845, -0.0057, 0.1095, 0.0000, 0.0000, 0.0000, 0.0000
2, 4.9700, 497, -0.4648, -0.5896, -0.5855, 4.7861, -19.7632, 12.1381, 0.0000, 0.0000, 0.0000, 0.0000, 0.0000, 0.0000, -0.7610, 0.3904, -0.0602, 0.5147, -0.0276, 0.0572, -0.1031, 0.0000, 0.0000, 0.0000, 0.0000
3, 5.0000, 500, -0.3391, -0.7631, -0.1518, 23.6718, 79.7850, -11.1503, 0.0000, 0.0000, 0.0000, 0.0000, 0.0000, 0.0000, 0.6581, -0.6580, -0.1573, -0.3304, 0.1101, -0.2067, 0.0668, 0.0000, 0.0000, 0.0000, 0.0000
2, 4.9800, 498, -0.6401, -0.6209, -0.4432, -0.8133, -8.8453, 14.3963, 0.0000, 0.0000, 0.0000, 0.0000, 0.0000, 0.0000, -0.7603, 0.3907, -0.0614, 0.5153, 0.1449, 0.0894, -0.2441, 0.0000, 0.0000, 0.0000, 0.0000
3, 5.0100, 501, -0.1728, -0.7824, -0.0933, 35.0594, 95.4710, -7.7693, 0.0000, 0.0000, 0.0000, 0.0000, 0.0000, 0.0000, 0.6550, -0.6571, -0.1642, -0.3350, -0.0532, -0.1881, 0.0099, 0.0000, 0.0000, 0.0000, 0.0000
1, 5.0000, 500, 0.3208, -0.5658, -1.0723, 74.8965, 59.5386, 56.4332, 0.0000, 0.0000, 0.0000, 0.0000, 0.0000, 0.0000, -0.0027, 0.1546, -0.3814, -0.9114, -0.0410, -0.1257, 0.4063, 0.0000, 0.0000, 0.0000, 0.0000
2, 4.9900, 499, -0.5765, -0.6071, -0.5791, -7.6699, -1.0924, 12.0179, 0.0000, 0.0000, 0.0000, 0.0000, 0.0000, 0.0000, -0.7598, 0.3905, -0.0623, 0.5160, 0.0795, 0.0775, -0.1083, 0.0000, 0.0000, 0.0000, 0.0000
1, 5.0100, 501, 0.6179, -0.8134, -0.8936, 79.2691, 75.3547, 78.1844, 0.0000, 0.0000, 0.0000, 0.0000, 0.0000, 0.0000, -0.0104, 0.1580, -0.3887, -0.9077, -0.3390, 0.1093, 0.2405, 0.0000, 0.0000, 0.0000, 0.0000
3, 5.0200, 502, -0.1547, -0.8959, -0.0564, 43.2378, 97.4011, 0.2364, 0.0000, 0.0000, 0.0000, 0.0000, 0.0000, 0.0000, 0.6511, -0.6567, -0.1711, -0.3399, -0.0694, -0.0753, -0.0239, 0.0000, 0.0000, 0.0000, 0.0000
2, 5.0000, 500, -0.5849, -0.5783, -0.5969, -9.7119, 4.1806, 9.2659, 0.0000, 0.0000, 0.0000, 0.0000, 0.0000, 0.0000, -0.7597, 0.3896, -0.0628, 0.5167, 0.0869, 0.0505, -0.0911, 0.0000, 0.0000, 0.0000, 0.0000
1, 5.0200, 502, 0.5577, -1.3419, -1.0510, 79.5045, 108.3240, 84.8445, 0.0000, 0.0000, 0.0000, 0.0000, 0.0000, 0.0000, -0.0197, 0.1638, -0.3960, -0.9033, -0.2782, 0.6249, 0.4126, 0.0000, 0.0000, 0.0000, 0.0000
2, 5.0100, 501, -0.5647, -0.5592, -0.6782, -9.6464, 5.8604, 7.1595, 0.0000, 0.0000, 0.0000, 0.0000, 0.0000, 0.0000, -0.7598, 0.3887, -0.0631, 0.5174, 0.0666, 0.0333, -0.0111, 0.0000, 0.0000, 0.0000, 0.0000
3, 5.0300, 503, -0.2021, -0.9327, -0.0622, 39.8307, 92.9603, 10.9611, 0.0000, 0.0000, 0.0000, 0.0000, 0.0000, 0.0000, 0.6471, -0.6564, -0.1769, -0.3453, -0.0218, -0.0388, -0.0147, 0.0000, 0.0000, 0.0000, 0.0000
1, 5.0300, 503, 0.2274, -1.8110, -1.1406, 62.0950, 139.0788, 78.7067, 0.0000, 0.0000, 0.0000, 0.0000, 0.0000, 0.0000, -0.0298, 0.1721, -0.4018, -0.8989, 0.0557, 1.0822, 0.5172, 0.0000, 0.0000, 0.0000, 0.0000
2, 5.0200, 502, -0.5111, -0.5581, -0.7233, -6.1918, 4.3156, 5.6050, 0.0000, 0.0000, 0.0000, 0.0000, 0.0000, 0.0000, -0.7598, 0.3881, -0.0633, 0.5178, 0.0131, 0.0336, 0.0328, 0.0000, 0.0000, 0.0000, 0.0000
3, 5.0400, 504, -0.2851, -1.0206, -0.0513, 37.9231, 81.9418, 21.8487, 0.0000, 0.0000, 0.0000, 0.0000, 0.0000, 0.0000, 0.6429, -0.6564, -0.1814, -0.3506, 0.0593, 0.0492, -0.0225, 0.0000, 0.0000, 0.0000, 0.0000
1, 5.0400, 504, 0.8876, -2.2210, -1.0563, 18.2143, 153.4834, 84.8280, 0.0000, 0.0000, 0.0000, 0.0000, 0.0000, 0.0000, -0.0416, 0.1812, -0.4040, -0.8957, -0.5983, 1.4842, 0.4452, 0.0000, 0.0000, 0.0000, 0.0000
2, 5.0300, 503, -0.4819, -0.5511, -0.7513, -2.3294, 0.3470, 6.0505, 0.0000, 0.0000, 0.0000, 0.0000, 0.0000, 0.0000, -0.7596, 0.3879, -0.0636, 0.5182, -0.0164, 0.0275, 0.0603, 0.0000, 0.0000, 0.0000, 0.0000
3, 5.0500, 505, -0.3448, -1.1884, -0.0674, 35.1482, 72.3208, 30.1691, 0.0000, 0.0000, 0.0000, 0.0000, 0.0000, 0.0000, 0.6388, -0.6566, -0.1848, -0.3559, 0.1153, 0.2177, -0.0032, 0.0000, 0.0000, 0.0000, 0.0000
1, 5.0500, 505, 0.8880, -1.7072, -1.0896, -36.8695, 125.7177, 91.1846, 0.0000, 0.0000, 0.0000, 0.0000, 0.0000, 0.0000, -0.0537, 0.1876, -0.4021, -0.8946, -0.5958, 0.9676, 0.4833, 0.0000, 0.0000, 0.0000, 0.0000
2, 5.0400, 504, -0.5083, -0.5431, -0.7387, 2.0163, -4.0740, 7.1057, 0.0000, 0.0000, 0.0000, 0.0000, 0.0000, 0.0000, -0.7592, 0.3881, -0.0640, 0.5186, 0.0090, 0.0201, 0.0479, 0.0000, 0.0000, 0.0000, 0.0000
3, 5.0600, 506, -0.3288, -1.2748, -0.1305, 22.8214, 69.6940, 34.0263, 0.0000, 0.0000, 0.0000, 0.0000, 0.0000, 0.0000, 0.6353, -0.6562, -0.1874, -0.3614, 0.0946, 0.3051, 0.0619, 0.0000, 0.0000, 0.0000, 0.0000
1, 5.0600, 506, 0.4070, -1.0696, -0.9163, -67.0240, 103.4296, 105.3029, 0.0000, 0.0000, 0.0000, 0.0000, 0.0000, 0.0000, -0.0667, 0.1917, -0.3981, -0.8946, -0.1158, 0.3311, 0.3081, 0.0000, 0.0000, 0.0000, 0.0000
2, 5.0500, 505, -0.5210, -0.5474, -0.7115, 6.1693, -8.2708, 7.1600, 0.0000, 0.0000, 0.0000, 0.0000, 0.0000, 0.0000, -0.7586, 0.3888, -0.0645, 0.5188, 0.0203, 0.0245, 0.0216, 0.0000, 0.0000, 0.0000, 0.0000
3, 5.0700, 507, -0.3129, -1.3124, -0.1759, 10.7389, 70.4479, 33.6880, 0.0000, 0.0000, 0.0000, 0.0000, 0.0000, 0.0000, 0.6325, -0.6551, -0.1897, -0.3671, 0.0737, 0.3439, 0.1068, 0.0000, 0.0000, 0.0000, 0.0000
1, 5.0700, 507, 0.0516, -0.8947, -0.7245, -63.8862, 109.5326, 124.5231, 0.0000, 0.0000, 0.0000, 0.0000, 0.0000, 0.0000, -0.0813, 0.1955, -0.3945, -0.8942, 0.2356, 0.1574, 0.1130, 0.0000, 0.0000, 0.0000, 0.0000
1, 5.0800, 508, 0.1626, -0.9255, -0.6885, -52.6826, 125.1496, 143.2479, 0.0000, 0.0000, 0.0000, 0.0000, 0.0000, 0.0000, -0.0976, 0.2000, -0.3919, -0.8927, 0.1198, 0.1875, 0.0757, 0.0000, 0.0000, 0.0000, 0.0000
3, 5.0800, 508, -0.2715, -1.3189, -0.2175, 2.1447, 73.2806, 29.8031, 0.0000, 0.0000, 0.0000, 0.0000, 0.0000, 0.0000, 0.6302, -0.6534, -0.1921, -0.3729, 0.0279, 0.3516, 0.1463, 0.0000, 0.0000, 0.0000, 0.0000
1, 5.0900, 509, 0.3757, -0.9893, -0.6866, -47.9316, 120.2046, 156.9652, 0.0000, 0.0000, 0.0000, 0.0000, 0.0000, 0.0000, -0.1148, 0.2035, -0.3898, -0.8908, -0.0996, 0.2491, 0.0735, 0.0000, 0.0000, 0.0000, 0.0000
3, 5.0900, 509, -0.2363, -1.2423, -0.2491, -6.8278, 75.9753, 24.2390, 0.0000, 0.0000, 0.0000, 0.0000, 0.0000, 0.0000, 0.6285, -0.6509, -0.1947, -0.3787, -0.0108, 0.2763, 0.1740, 0.0000, 0.0000, 0.0000, 0.0000
3, 5.1000, 510, -0.2294, -1.1437, -0.2421, -9.6996, 77.4210, 20.3264, 0.0000, 0.0000, 0.0000, 0.0000, 0.0000, 0.0000, 0.6271, -0.6481, -0.1975, -0.3843, -0.0202, 0.1786, 0.1621, 0.0000, 0.0000, 0.0000, 0.0000
1, 5.1000, 510, 0.4207, -0.9380, -0.6869, -46.3349, 98.0080, 161.4380, 0.0000, 0.0000, 0.0000, 0.0000, 0.0000, 0.0000, -0.1315, 0.2052, -0.3880, -0.8888, -0.1539, 0.1952, 0.0728, 0.0000, 0.0000, 0.0000, 0.0000
3, 5.1100, 511, -0.2366, -1.0869, -0.2146, -11.0491, 75.2133, 19.2293, 0.0000, 0.0000, 0.0000, 0.0000, 0.0000, 0.0000, 0.6257, -0.6453, -0.2001, -0.3898, -0.0152, 0.1229, 0.1296, 0.0000, 0.0000, 0.0000, 0.0000
1, 5.1100, 511, 0.3483, -0.7571, -0.6497, -39.1435, 77.5950, 154.0249, 0.0000, 0.0000, 0.0000, 0.0000, 0.0000, 0.0000, -0.1468, 0.2055, -0.3868, -0.8869, -0.0929, 0.0117, 0.0339, 0.0000, 0.0000, 0.0000, 0.0000
2, 5.0600, 506, -0.5397, -0.5558, -0.6554, 8.6347, -9.6719, 6.5476, 0.0000, 0.0000, 0.0000, 0.0000, 0.0000, 0.0000, -0.7580, 0.3898, -0.0650, 0.5190, 0.0373, 0.0325, -0.0329, 0.0000, 0.0000, 0.0000, 0.0000
3, 5.1200, 512, -0.2433, -1.0405, -0.2011, -17.0867, 71.4632, 19.7784, 0.0000, 0.0000, 0.0000, 0.0000, 0.0000, 0.0000, 0.6248, -0.6422, -0.2023, -0.3952, -0.0107, 0.0775, 0.1104, 0.0000, 0.0000, 0.0000, 0.0000
1, 5.1200, 512, 0.2418, -0.5966, -0.5914, -22.6883, 66.6881, 138.0267, 0.0000, 0.0000, 0.0000, 0.0000, 0.0000, 0.0000, -0.1601, 0.2057, -0.3866, -0.8846, 0.0022, -0.1520, -0.0251, 0.0000, 0.0000, 0.0000, 0.0000
3, 5.1300, 513, -0.2382, -1.0183, -0.2157, -21.1272, 68.2671, 20.1665, 0.0000, 0.0000, 0.0000, 0.0000, 0.0000, 0.0000, 0.6241, -0.6391, -0.2042, -0.4005, -0.0180, 0.0566, 0.1184, 0.0000, 0.0000, 0.0000, 0.0000
1, 5.1300, 513, 0.1964, -0.5107, -0.5420, -3.3247, 62.4272, 118.4573, 0.0000, 0.0000, 0.0000, 0.0000, 0.0000, 0.0000, -0.1714, 0.2065, -0.3876, -0.8819, 0.0380, -0.2420, -0.0732, 0.0000, 0.0000, 0.0000, 0.0000
3, 5.1400, 514, -0.2068, -0.9558, -0.2248, -23.9930, 63.6838, 20.5395, 0.0000, 0.0000, 0.0000, 0.0000, 0.0000, 0.0000, 0.6236, -0.6359, -0.2057, -0.4056, -0.0517, -0.0046, 0.1208, 0.0000, 0.0000, 0.0000, 0.0000
1, 5.1400, 514, 0.1606, -0.4638, -0.5178, 11.6499, 58.1173, 100.9640, 0.0000, 0.0000, 0.0000, 0.0000, 0.0000, 0.0000, -0.1809, 0.2076, -0.3894, -0.8789, 0.0661, -0.2939, -0.0942, 0.0000, 0.0000, 0.0000, 0.0000
2, 5.0700, 507, -0.5433, -0.5649, -0.6259, 8.1604, -8.2232, 5.5383, 0.0000, 0.0000, 0.0000, 0.0000, 0.0000, 0.0000, -0.7574, 0.3907, -0.0653, 0.5191, 0.0393, 0.0412, -0.0608, 0.0000, 0.0000, 0.0000, 0.0000
3, 5.1500, 515, -0.1818, -0.8712, -0.2283, -26.5839, 56.5437, 21.6660, 0.0000, 0.0000, 0.0000, 0.0000, 0.0000, 0.0000, 0.6232, -0.6328, -0.2066, -0.4104, -0.0791, -0.0878, 0.1173, 0.0000, 0.0000, 0.0000, 0.0000
1, 5.1500, 515, 0.0997, -0.4270, -0.4925, 17.6943, 53.3454, 88.7080, 0.0000, 0.0000, 0.0000, 0.0000, 0.0000, 0.0000, -0.1891, 0.2090, -0.3915, -0.8759, 0.1206, -0.3360, -0.1152, 0.0000, 0.0000, 0.0000, 0.0000
3, 5.1600, 516, -0.1532, -0.7932, -0.2187, -26.0055, 47.9597, 23.6511, 0.0000, 0.0000, 0.0000, 0.0000, 0.0000, 0.0000, 0.6230, -0.6301, -0.2070, -0.4148, -0.1105, -0.1642, 0.1008, 0.0000, 0.0000, 0.0000, 0.0000
1, 5.1600, 516, 0.0346, -0.3508, -0.4674, 17.2471, 50.5440, 81.8781, 0.0000, 0.0000, 0.0000, 0.0000, 0.0000, 0.0000, -0.1968, 0.2103, -0.3935, -0.8730, 0.1799, -0.4172, -0.1359, 0.0000, 0.0000, 0.0000, 0.0000
3, 5.1700, 517, -0.1476, -0.7594, -0.1856, -23.2851, 38.6151, 25.9222, 0.0000, 0.0000, 0.0000, 0.0000, 0.0000, 0.0000, 0.6227, -0.6278, -0.2068, -0.4187, -0.1193, -0.1963, 0.0617, 0.0000, 0.0000, 0.0000, 0.0000
1, 5.1700, 517, -0.0081, -0.2799, -0.4188, 12.3255, 50.3247, 81.7915, 0.0000, 0.0000, 0.0000, 0.0000, 0.0000, 0.0000, -0.2045, 0.2116, -0.3950, -0.8703, 0.2169, -0.4927, -0.1808, 0.0000, 0.0000, 0.0000, 0.0000
3, 5.1800, 518, -0.1502, -0.7710, -0.1573, -19.3565, 30.9481, 27.0396, 0.0000, 0.0000, 0.0000, 0.0000, 0.0000, 0.0000, 0.6222, -0.6261, -0.2063, -0.4222, -0.1204, -0.1830, 0.0283, 0.0000, 0.0000, 0.0000, 0.0000
1, 5.1800, 518, -0.0018, -0.2312, -0.3702, 6.6461, 49.3086, 83.6675, 0.0000, 0.0000, 0.0000, 0.0000, 0.0000, 0.0000, -0.2125, 0.2125, -0.3962, -0.8676, 0.2046, -0.5453, -0.2264, 0.0000, 0.0000, 0.0000, 0.0000
1, 5.1900, 519, 0.0178, -0.1761, -0.3132, 2.8057, 43.3171, 82.8205, 0.0000, 0.0000, 0.0000, 0.0000, 0.0000, 0.0000, -0.2201, 0.2129, -0.3971, -0.8652, 0.1784, -0.6037, -0.2814, 0.0000, 0.0000, 0.0000, 0.0000
3, 5.1900, 519, -0.1510, -0.7892, -0.1354, -15.2035, 25.2186, 25.8053, 0.0000, 0.0000, 0.0000, 0.0000, 0.0000, 0.0000, 0.6216, -0.6248, -0.2057, -0.4253, -0.1234, -0.1631, 0.0023, 0.0000, 0.0000, 0.0000, 0.0000
3, 5.2000, 520, -0.1639, -0.7988, -0.1312, -10.3750, 22.3645, 22.9329, 0.0000, 0.0000, 0.0000, 0.0000, 0.0000, 0.0000, 0.6209, -0.6239, -0.2053, -0.4279, -0.1139, -0.1521, -0.0051, 0.0000, 0.0000, 0.0000, 0.0000
1, 5.2000, 520, 0.0185, -0.1075, -0.2492, 4.0831, 32.5385, 74.6106, 0.0000, 0.0000, 0.0000, 0.0000, 0.0000, 0.0000, -0.2268, 0.2129, -0.3982, -0.8630, 0.1708, -0.6751, -0.3437, 0.0000, 0.0000, 0.0000, 0.0000
2, 5.0800, 508, -0.5168, -0.5673, -0.6335, 7.1939, -6.1941, 5.1229, 0.0000, 0.0000, 0.0000, 0.0000, 0.0000, 0.0000, -0.7569, 0.3914, -0.0656, 0.5193, 0.0114, 0.0430, -0.0519, 0.0000, 0.0000, 0.0000, 0.0000
1, 5.2100, 521, 0.0303, -0.0927, -0.2094, 9.7170, 23.4477, 61.7144, 0.0000, 0.0000, 0.0000, 0.0000, 0.0000, 0.0000, -0.2321, 0.2127, -0.3996, -0.8610, 0.1527, -0.6929, -0.3817, 0.0000, 0.0000, 0.0000, 0.0000
2, 5.0900, 509, -0.5069, -0.5465, -0.6614, 7.0182, -4.9735, 5.3451, 0.0000, 0.0000, 0.0000, 0.0000, 0.0000, 0.0000, -0.7563, 0.3921, -0.0658, 0.5195, 0.0005, 0.0219, -0.0229, 0.0000, 0.0000, 0.0000, 0.0000
3, 5.2100, 521, -0.1813, -0.7996, -0.1489, -7.2280, 20.4241, 19.6727, 0.0000, 0.0000, 0.0000, 0.0000, 0.0000, 0.0000, 0.6202, -0.6231, -0.2051, -0.4302, -0.0995, -0.1501, 0.0102, 0.0000, 0.0000, 0.0000, 0.0000
2, 5.1000, 510, -0.5118, -0.5433, -0.6704, 7.5382, -5.2806, 5.5375, 0.0000, 0.0000, 0.0000, 0.0000, 0.0000, 0.0000, -0.7558, 0.3928, -0.0660, 0.5197, 0.0042, 0.0182, -0.0127, 0.0000, 0.0000, 0.0000, 0.0000
1, 5.2200, 522, 0.0366, -0.1162, -0.1931, 14.7437, 16.0155, 45.7557, 0.0000, 0.0000, 0.0000, 0.0000, 0.0000, 0.0000, -0.2358, 0.2126, -0.4012, -0.8592, 0.1411, -0.6724, -0.3956, 0.0000, 0.0000, 0.0000, 0.0000
3, 5.2200, 522, -0.2034, -0.8186, -0.1817, -7.6319, 16.6984, 16.3936, 0.0000, 0.0000, 0.0000, 0.0000, 0.0000, 0.0000, 0.6198, -0.6222, -0.2048, -0.4322, -0.0799, -0.1301, 0.0408, 0.0000, 0.0000, 0.0000, 0.0000
2, 5.1100, 511, -0.5145, -0.5351, -0.6643, 7.6873, -5.6822, 5.2457, 0.0000, 0.0000, 0.0000, 0.0000, 0.0000, 0.0000, -0.7553, 0.3936, -0.0662, 0.5199, 0.0057, 0.0095, -0.0176, 0.0000, 0.0000, 0.0000, 0.0000
1, 5.2300, 523, 0.0407, -0.1632, -0.1810, 15.6135, 10.8697, 28.7346, 0.0000, 0.0000, 0.0000, 0.0000, 0.0000, 0.0000, -0.2380, 0.2127, -0.4027, -0.8579, 0.1335, -0.6280, -0.4051, 0.0000, 0.0000, 0.0000, 0.0000
3, 5.2300, 523, -0.2385, -0.8463, -0.2125, -12.0851, 13.5609, 12.9875, 0.0000, 0.0000, 0.0000, 0.0000, 0.0000, 0.0000, 0.6197, -0.6213, -0.2044, -0.4338, -0.0466, -0.1014, 0.0691, 0.0000, 0.0000, 0.0000, 0.0000
2, 5.1200, 512, -0.5249, -0.5400, -0.6418, 7.7248, -5.5870, 4.7761, 0.0000, 0.0000, 0.0000, 0.0000, 0.0000, 0.0000, -0.7548, 0.3943, -0.0663, 0.5201, 0.0150, 0.0139, -0.0388, 0.0000, 0.0000, 0.0000, 0.0000
1, 5.2400, 524, 0.0359, -0.1797, -0.1819, 12.0622, 7.0566, 13.9574, 0.0000, 0.0000, 0.0000, 0.0000, 0.0000, 0.0000, -0.2391, 0.2130, -0.4037, -0.8571, 0.1365, -0.6135, -0.4021, 0.0000, 0.0000, 0.0000, 0.0000
2, 5.1300, 513, -0.5172, -0.5422, -0.6282, 6.3046, -4.5338, 4.4481, 0.0000, 0.0000, 0.0000, 0.0000, 0.0000, 0.0000, -0.7543, 0.3949, -0.0665, 0.5202, 0.0063, 0.0157, -0.0513, 0.0000, 0.0000, 0.0000, 0.0000
2, 5.1400, 514, -0.5166, -0.5449, -0.6349, 4.8057, -3.0644, 4.5540, 0.0000, 0.0000, 0.0000, 0.0000, 0.0000, 0.0000, -0.7539, 0.3955, -0.0667, 0.5204, 0.0048, 0.0182, -0.0438, 0.0000, 0.0000, 0.0000, 0.0000
2, 5.1500, 515, -0.5251, -0.5318, -0.6297, 3.3553, -2.4699, 4.1546, 0.0000, 0.0000, 0.0000, 0.0000, 0.0000, 0.0000, -0.7535, 0.3959, -0.0668, 0.5206, 0.0125, 0.0048, -0.0481, 0.0000, 0.0000, 0.0000, 0.0000
2, 5.1600, 516, -0.5265, -0.5342, -0.6370, 2.3165, -1.7278, 3.3512, 0.0000, 0.0000, 0.0000, 0.0000, 0.0000, 0.0000, -0.7533, 0.3961, -0.0669, 0.5208, 0.0133, 0.0072, -0.0405, 0.0000, 0.0000, 0.0000, 0.0000
2, 5.1700, 517, -0.5219, -0.5430, -0.6406, 1.6548, -1.2225, 2.5958, 0.0000, 0.0000, 0.0000, 0.0000, 0.0000, 0.0000, -0.7531, 0.3962, -0.0670, 0.5209, 0.0083, 0.0161, -0.0366, 0.0000, 0.0000, 0.0000, 0.0000
3, 5.2400, 524, -0.2855, -0.8589, -0.2336, -17.5603, 12.6498, 10.2035, 0.0000, 0.0000, 0.0000, 0.0000, 0.0000, 0.0000, 0.6201, -0.6200, -0.2038, -0.4354, -0.0012, -0.0878, 0.0869, 0.0000, 0.0000, 0.0000, 0.0000
1, 5.2500, 525, 0.0066, -0.1723, -0.1746, 6.9901, 5.4885, 3.5923, 0.0000, 0.0000, 0.0000, 0.0000, 0.0000, 0.0000, -0.2394, 0.2134, -0.4041, -0.8566, 0.1654, -0.6220, -0.4081, 0.0000, 0.0000, 0.0000, 0.0000
2, 5.1800, 518, -0.5243, -0.5436, -0.6299, 1.1323, -0.5349, 2.1246, 0.0000, 0.0000, 0.0000, 0.0000, 0.0000, 0.0000, -0.7530, 0.3963, -0.0671, 0.5210, 0.0103, 0.0167, -0.0470, 0.0000, 0.0000, 0.0000, 0.0000
1, 5.2600, 526, -0.0069, -0.1948, -0.1806, 1.1959, 6.3840, -1.7184, 0.0000, 0.0000, 0.0000, 0.0000, 0.0000, 0.0000, -0.2395, 0.2140, -0.4041, -0.8565, 0.1795, -0.5999, -0.4013, 0.0000, 0.0000, 0.0000, 0.0000
2, 5.1900, 519, -0.5260, -0.5266, -0.6385, 0.8027, 0.4257, 1.6955, 0.0000, 0.0000, 0.0000, 0.0000, 0.0000, 0.0000, -0.7528, 0.3973, -0.0668, 0.5206, 0.0119, -0.0007, -0.0380, 0.0000, 0.0000, 0.0000, 0.0000
3, 5.2500, 525, -0.3198, -0.8537, -0.2500, -20.9222, 13.0792, 7.9179, 0.0000, 0.0000, 0.0000, 0.0000, 0.0000, 0.0000, 0.6207, -0.6185, -0.2033, -0.4369, 0.0320, -0.0920, 0.0994, 0.0000, 0.0000, 0.0000, 0.0000
3, 5.2600, 526, -0.3410, -0.8282, -0.2504, -19.0456, 13.0868, 6.3624, 0.0000, 0.0000, 0.0000, 0.0000, 0.0000, 0.0000, 0.6212, -0.6171, -0.2030, -0.4383, 0.0525, -0.1167, 0.0957, 0.0000, 0.0000, 0.0000, 0.0000
2, 5.2000, 520, -0.5133, -0.5458, -0.6434, 0.2661, 0.5775, 1.5895, 0.0000, 0.0000, 0.0000, 0.0000, 0.0000, 0.0000, -0.7527, 0.3972, -0.0668, 0.5207, -0.0010, 0.0173, -0.0320, 0.0000, 0.0000, 0.0000, 0.0000
2, 5.2100, 521, -0.5147, -0.5387, -0.6500, 0.2636, 0.6749, 1.8163, 0.0000, 0.0000, 0.0000, 0.0000, 0.0000, 0.0000, -0.7526, 0.3972, -0.0668, 0.5209, 0.0004, 0.0103, -0.0255, 0.0000, 0.0000, 0.0000, 0.0000
2, 5.2200, 522, -0.5147, -0.5467, -0.6539, 0.5404, 0.0711, 1.4590, 0.0000, 0.0000, 0.0000, 0.0000, 0.0000, 0.0000, -0.7525, 0.3972, -0.0668, 0.5210, 0.0003, 0.0184, -0.0216, 0.0000, 0.0000, 0.0000, 0.0000
2, 5.2300, 523, -0.5266, -0.5439, -0.6477, 0.3460, -0.1182, 1.4867, 0.0000, 0.0000, 0.0000, 0.0000, 0.0000, 0.0000, -0.7525, 0.3973, -0.0669, 0.5211, 0.0120, 0.0157, -0.0277, 0.0000, 0.0000, 0.0000, 0.0000
1, 5.2700, 527, -0.0046, -0.2334, -0.1856, -6.6099, 7.8846, -2.9738, 0.0000, 0.0000, 0.0000, 0.0000, 0.0000, 0.0000, -0.2397, 0.2145, -0.4034, -0.8567, 0.1783, -0.5609, -0.3966, 0.0000, 0.0000, 0.0000, 0.0000
3, 5.2700, 527, -0.3578, -0.8155, -0.2541, -12.6173, 11.5913, 5.1890, 0.0000, 0.0000, 0.0000, 0.0000, 0.0000, 0.0000, 0.6215, -0.6159, -0.2026, -0.4398, 0.0685, -0.1286, 0.0961, 0.0000, 0.0000, 0.0000, 0.0000
1, 5.2800, 528, 0.0226, -0.2691, -0.1880, -14.9717, 8.5944, -1.5688, 0.0000, 0.0000, 0.0000, 0.0000, 0.0000, 0.0000, -0.2401, 0.2149, -0.4020, -0.8571, 0.1523, -0.5238, -0.3956, 0.0000, 0.0000, 0.0000, 0.0000
3, 5.2800, 528, -0.3554, -0.8152, -0.2602, -6.9681, 9.9796, 4.2016, 0.0000, 0.0000, 0.0000, 0.0000, 0.0000, 0.0000, 0.6215, -0.6152, -0.2026, -0.4407, 0.0652, -0.1282, 0.0998, 0.0000, 0.0000, 0.0000, 0.0000
2, 5.2400, 524, -0.5344, -0.5352, -0.6332, 0.2006, 0.4917, 0.7846, 0.0000, 0.0000, 0.0000, 0.0000, 0.0000, 0.0000, -0.7518, 0.3985, -0.0672, 0.5210, 0.0193, 0.0068, -0.0417, 0.0000, 0.0000, 0.0000, 0.0000
1, 5.2900, 529, 0.0357, -0.3153, -0.2032, -21.4739, 8.1565, 0.9532, 0.0000, 0.0000, 0.0000, 0.0000, 0.0000, 0.0000, -0.2409, 0.2150, -0.4003, -0.8576, 0.1401, -0.4757, -0.3828, 0.0000, 0.0000, 0.0000, 0.0000
3, 5.2900, 529, -0.3301, -0.8125, -0.2538, -2.6930, 9.0790, 2.3066, 0.0000, 0.0000, 0.0000, 0.0000, 0.0000, 0.0000, 0.6214, -0.6147, -0.2029, -0.4414, 0.0396, -0.1306, 0.0921, 0.0000, 0.0000, 0.0000, 0.0000
1, 5.3000, 530, 0.0815, -0.3784, -0.2267, -25.1728, 6.5524, 2.4236, 0.0000, 0.0000, 0.0000, 0.0000, 0.0000, 0.0000, -0.2418, 0.2149, -0.3983, -0.8583, 0.0946, -0.4102, -0.3624, 0.0000, 0.0000, 0.0000, 0.0000
2, 5.2500, 525, -0.5240, -0.5405, -0.6397, 0.0010, 1.0991, 0.1851, 0.0000, 0.0000, 0.0000, 0.0000, 0.0000, 0.0000, -0.7518, 0.3985, -0.0671, 0.5211, 0.0078, 0.0113, -0.0337, 0.0000, 0.0000, 0.0000, 0.0000
3, 5.3000, 530, -0.3077, -0.8083, -0.2357, 1.5653, 8.5799, -0.5870, 0.0000, 0.0000, 0.0000, 0.0000, 0.0000, 0.0000, 0.6212, -0.6145, -0.2034, -0.4418, 0.0174, -0.1348, 0.0736, 0.0000, 0.0000, 0.0000, 0.0000
2, 5.2600, 526, -0.5219, -0.5472, -0.6404, 0.0116, 1.7642, 0.1515, 0.0000, 0.0000, 0.0000, 0.0000, 0.0000, 0.0000, -0.7518, 0.3984, -0.0670, 0.5212, 0.0059, 0.0180, -0.0332, 0.0000, 0.0000, 0.0000, 0.0000
1, 5.3100, 531, 0.1141, -0.4520, -0.2456, -27.4816, 5.5330, 0.8127, 0.0000, 0.0000, 0.0000, 0.0000, 0.0000, 0.0000, -0.2425, 0.2147, -0.3961, -0.8592, 0.0625, -0.3340, -0.3470, 0.0000, 0.0000, 0.0000, 0.0000
1, 5.3200, 532, 0.1643, -0.4891, -0.2731, -29.3391, 4.8965, -4.5738, 0.0000, 0.0000, 0.0000, 0.0000, 0.0000, 0.0000, -0.2429, 0.2146, -0.3938, -0.8602, 0.0131, -0.2938, -0.3232, 0.0000, 0.0000, 0.0000, 0.0000
2, 5.2700, 527, -0.5390, -0.5391, -0.6388, 0.3464, 2.3353, -0.1674, 0.0000, 0.0000, 0.0000, 0.0000, 0.0000, 0.0000, -0.7518, 0.3983, -0.0668, 0.5212, 0.0232, 0.0099, -0.0350, 0.0000, 0.0000, 0.0000, 0.0000
3, 5.3100, 531, -0.2945, -0.8220, -0.2132, 6.0799, 8.6077, -3.9010, 0.0000, 0.0000, 0.0000, 0.0000, 0.0000, 0.0000, 0.6209, -0.6144, -0.2044, -0.4419, 0.0048, -0.1213, 0.0514, 0.0000, 0.0000, 0.0000, 0.0000
3, 5.3200, 532, -0.2788, -0.8474, -0.2081, 9.7269, 8.7472, -8.0095, 0.0000, 0.0000, 0.0000, 0.0000, 0.0000, 0.0000, 0.6206, -0.6143, -0.2056, -0.4419, -0.0095, -0.0966, 0.0472, 0.0000, 0.0000, 0.0000, 0.0000
2, 5.2800, 528, -0.5366, -0.5479, -0.6401, -0.0873, 2.9690, -0.4785, 0.0000, 0.0000, 0.0000, 0.0000, 0.0000, 0.0000, -0.7518, 0.3982, -0.0666, 0.5213, 0.0211, 0.0187, -0.0338, 0.0000, 0.0000, 0.0000, 0.0000
1, 5.3300, 533, 0.2118, -0.5358, -0.2990, -30.5821, 5.9002, -12.2934, 0.0000, 0.0000, 0.0000, 0.0000, 0.0000, 0.0000, -0.2428, 0.2148, -0.3911, -0.8614, -0.0326, -0.2436, -0.3013, 0.0000, 0.0000, 0.0000, 0.0000
1, 5.3400, 534, 0.2570, -0.6003, -0.3182, -32.6122, 6.5980, -21.4581, 0.0000, 0.0000, 0.0000, 0.0000, 0.0000, 0.0000, -0.2421, 0.2156, -0.3881, -0.8627, -0.0746, -0.1752, -0.2861, 0.0000, 0.0000, 0.0000, 0.0000
2, 5.2900, 529, -0.5334, -0.5470, -0.6427, -0.2711, 3.7639, -1.0771, 0.0000, 0.0000, 0.0000, 0.0000, 0.0000, 0.0000, -0.7518, 0.3983, -0.0664, 0.5213, 0.0184, 0.0177, -0.0315, 0.0000, 0.0000, 0.0000, 0.0000
3, 5.3300, 533, -0.2690, -0.8634, -0.2243, 11.8850, 7.8565, -11.9143, 0.0000, 0.0000, 0.0000, 0.0000, 0.0000, 0.0000, 0.6202, -0.6144, -0.2071, -0.4415, -0.0175, -0.0813, 0.0645, 0.0000, 0.0000, 0.0000, 0.0000
2, 5.3000, 530, -0.5197, -0.5429, -0.6575, -0.5735, 4.0669, -1.8201, 0.0000, 0.0000, 0.0000, 0.0000, 0.0000, 0.0000, -0.7519, 0.3981, -0.0661, 0.5213, 0.0051, 0.0133, -0.0167, 0.0000, 0.0000, 0.0000, 0.0000
2, 5.3100, 531, -0.5047, -0.5414, -0.6573, -0.1566, 3.6140, -2.0153, 0.0000, 0.0000, 0.0000, 0.0000, 0.0000, 0.0000, -0.7521, 0.3979, -0.0658, 0.5213, -0.0094, 0.0115, -0.0173, 0.0000, 0.0000, 0.0000, 0.0000
1, 5.3500, 535, 0.3113, -0.6717, -0.3356, -34.7792, 4.5888, -30.4340, 0.0000, 0.0000, 0.0000, 0.0000, 0.0000, 0.0000, -0.2406, 0.2162, -0.3848, -0.8645, -0.1245, -0.0994, -0.2731, 0.0000, 0.0000, 0.0000, 0.0000
3, 5.3400, 534, -0.2674, -0.8699, -0.2484, 12.6481, 6.2497, -14.8134, 0.0000, 0.0000, 0.0000, 0.0000, 0.0000, 0.0000, 0.6200, -0.6146, -0.2087, -0.4408, -0.0166, -0.0758, 0.0904, 0.0000, 0.0000, 0.0000, 0.0000
1, 5.3600, 536, 0.3396, -0.7122, -0.3467, -34.9780, 0.5887, -37.9571, 0.0000, 0.0000, 0.0000, 0.0000, 0.0000, 0.0000, -0.2384, 0.2168, -0.3815, -0.8664, -0.1478, -0.0540, -0.2665, 0.0000, 0.0000, 0.0000, 0.0000
2, 5.3200, 532, -0.4939, -0.5459, -0.6628, -0.0074, 2.9469, -1.8364, 0.0000, 0.0000, 0.0000, 0.0000, 0.0000, 0.0000, -0.7522, 0.3978, -0.0655, 0.5213, -0.0196, 0.0159, -0.0121, 0.0000, 0.0000, 0.0000, 0.0000
3, 5.3500, 535, -0.2646, -0.8783, -0.2597, 14.0685, 5.0019, -16.8534, 0.0000, 0.0000, 0.0000, 0.0000, 0.0000, 0.0000, 0.6198, -0.6149, -0.2104, -0.4399, -0.0165, -0.0686, 0.1036, 0.0000, 0.0000, 0.0000, 0.0000
2, 5.3300, 533, -0.5073, -0.5554, -0.6545, 0.3000, 2.2010, -1.0938, 0.0000, 0.0000, 0.0000, 0.0000, 0.0000, 0.0000, -0.7522, 0.3977, -0.0653, 0.5213, -0.0058, 0.0253, -0.0206, 0.0000, 0.0000, 0.0000, 0.0000
1, 5.3700, 537, 0.3444, -0.7405, -0.3757, -33.8595, -2.1691, -43.5178, 0.0000, 0.0000, 0.0000, 0.0000, 0.0000, 0.0000, -0.2357, 0.2174, -0.3781, -0.8685, -0.1472, -0.0206, -0.2422, 0.0000, 0.0000, 0.0000, 0.0000
2, 5.3400, 534, -0.5211, -0.5515, -0.6431, -0.2033, 2.4687, -1.0240, 0.0000, 0.0000, 0.0000, 0.0000, 0.0000, 0.0000, -0.7521, 0.3981, -0.0652, 0.5212, 0.0083, 0.0211, -0.0320, 0.0000, 0.0000, 0.0000, 0.0000
2, 5.3500, 535, -0.5296, -0.5479, -0.6384, -0.6212, 3.2725, -1.3169, 0.0000, 0.0000, 0.0000, 0.0000, 0.0000, 0.0000, -0.7522, 0.3979, -0.0650, 0.5212, 0.0168, 0.0170, -0.0363, 0.0000, 0.0000, 0.0000, 0.0000
3, 5.3600, 536, -0.2602, -0.8732, -0.2401, 16.1247, 3.6766, -17.9267, 0.0000, 0.0000, 0.0000, 0.0000, 0.0000, 0.0000, 0.6196, -0.6153, -0.2122, -0.4388, -0.0179, -0.0749, 0.0863, 0.0000, 0.0000, 0.0000, 0.0000
1, 5.3800, 538, 0.3441, -0.7965, -0.4276, -33.6071, -0.5242, -49.0454, 0.0000, 0.0000, 0.0000, 0.0000, 0.0000, 0.0000, -0.2326, 0.2182, -0.3746, -0.8706, -0.1409, 0.0407, -0.1948, 0.0000, 0.0000, 0.0000, 0.0000
2, 5.3600, 536, -0.5388, -0.5429, -0.6315, -1.1439, 4.1722, -2.1542, 0.0000, 0.0000, 0.0000, 0.0000, 0.0000, 0.0000, -0.7523, 0.3977, -0.0647, 0.5212, 0.0266, 0.0120, -0.0436, 0.0000, 0.0000, 0.0000, 0.0000
1, 5.3900, 539, 0.3719, -0.8203, -0.4879, -34.8813, 2.9206, -54.7166, 0.0000, 0.0000, 0.0000, 0.0000, 0.0000, 0.0000, -0.2292, 0.2197, -0.3709, -0.8727, -0.1615, 0.0700, -0.1389, 0.0000, 0.0000, 0.0000, 0.0000
3, 5.3700, 537, -0.2645, -0.8901, -0.2189, 18.9663, 2.9391, -18.3683, 0.0000, 0.0000, 0.0000, 0.0000, 0.0000, 0.0000, 0.6193, -0.6157, -0.2141, -0.4377, -0.0106, -0.0594, 0.0678, 0.0000, 0.0000, 0.0000, 0.0000
2, 5.3700, 537, -0.5277, -0.5353, -0.6418, -1.7380, 5.1954, -3.2206, 0.0000, 0.0000, 0.0000, 0.0000, 0.0000, 0.0000, -0.7526, 0.3974, -0.0643, 0.5212, 0.0164, 0.0043, -0.0339, 0.0000, 0.0000, 0.0000, 0.0000
1, 5.4000, 540, 0.4308, -0.8226, -0.5412, -35.8152, 3.0337, -61.2801, 0.0000, 0.0000, 0.0000, 0.0000, 0.0000, 0.0000, -0.2253, 0.2212, -0.3669, -0.8750, -0.2122, 0.0784, -0.0900, 0.0000, 0.0000, 0.0000, 0.0000
3, 5.3800, 538, -0.2692, -0.9014, -0.2066, 22.3973, 0.9899, -18.5519, 0.0000, 0.0000, 0.0000, 0.0000, 0.0000, 0.0000, 0.6188, -0.6165, -0.2160, -0.4363, -0.0028, -0.0495, 0.0587, 0.0000, 0.0000, 0.0000, 0.0000
2, 5.3800, 538, -0.5102, -0.5432, -0.6630, -1.8607, 5.4507, -4.0620, 0.0000, 0.0000, 0.0000, 0.0000, 0.0000, 0.0000, -0.7528, 0.3970, -0.0639, 0.5211, -0.0002, 0.0121, -0.0134, 0.0000, 0.0000, 0.0000, 0.0000
1, 5.4100, 541, 0.4625, -0.8398, -0.6066, -34.2769, 0.0941, -67.8716, 0.0000, 0.0000, 0.0000, 0.0000, 0.0000, 0.0000, -0.2208, 0.2227, -0.3630, -0.8774, -0.2353, 0.1020, -0.0291, 0.0000, 0.0000, 0.0000, 0.0000
3, 5.3900, 539, -0.2744, -0.9030, -0.1868, 25.8234, -1.8816, -18.7118, 0.0000, 0.0000, 0.0000, 0.0000, 0.0000, 0.0000, 0.6181, -0.6177, -0.2179, -0.4347, 0.0056, -0.0494, 0.0431, 0.0000, 0.0000, 0.0000, 0.0000
2, 5.3900, 539, -0.5075, -0.5477, -0.6619, -1.8012, 5.0296, -4.2697, 0.0000, 0.0000, 0.0000, 0.0000, 0.0000, 0.0000, -0.7531, 0.3968, -0.0635, 0.5209, -0.0019, 0.0163, -0.0150, 0.0000, 0.0000, 0.0000, 0.0000
1, 5.4200, 542, 0.4767, -0.8801, -0.6454, -32.7823, -2.5828, -76.6473, 0.0000, 0.0000, 0.0000, 0.0000, 0.0000, 0.0000, -0.2155, 0.2243, -0.3590, -0.8800, -0.2403, 0.1490, 0.0055, 0.0000, 0.0000, 0.0000, 0.0000
3, 5.4000, 540, -0.2986, -0.8855, -0.1439, 28.5518, -4.0967, -19.1268, 0.0000, 0.0000, 0.0000, 0.0000, 0.0000, 0.0000, 0.6174, -0.6190, -0.2198, -0.4329, 0.0328, -0.0685, 0.0049, 0.0000, 0.0000, 0.0000, 0.0000
2, 5.4000, 540, -0.5134, -0.5516, -0.6613, -1.8151, 4.6537, -4.2184, 0.0000, 0.0000, 0.0000, 0.0000, 0.0000, 0.0000, -0.7534, 0.3965, -0.0631, 0.5208, 0.0051, 0.0199, -0.0161, 0.0000, 0.0000, 0.0000, 0.0000
1, 5.4300, 543, 0.4964, -0.8751, -0.6246, -31.4376, -6.1577, -84.1256, 0.0000, 0.0000, 0.0000, 0.0000, 0.0000, 0.0000, -0.2095, 0.2259, -0.3551, -0.8826, -0.2502, 0.1510, -0.0197, 0.0000, 0.0000, 0.0000, 0.0000
2, 5.4100, 541, -0.5087, -0.5586, -0.6522, -2.2265, 4.8429, -4.4420, 0.0000, 0.0000, 0.0000, 0.0000, 0.0000, 0.0000, -0.7537, 0.3962, -0.0627, 0.5206, 0.0012, 0.0268, -0.0258, 0.0000, 0.0000, 0.0000, 0.0000
3, 5.4100, 541, -0.3164, -0.8796, -0.1095, 27.3626, -4.4827, -21.9292, 0.0000, 0.0000, 0.0000, 0.0000, 0.0000, 0.0000, 0.6168, -0.6202, -0.2217, -0.4310, 0.0539, -0.0760, -0.0246, 0.0000, 0.0000, 0.0000, 0.0000
1, 5.4400, 544, 0.4841, -0.8177, -0.6146, -25.0164, -7.4576, -83.3728, 0.0000, 0.0000, 0.0000, 0.0000, 0.0000, 0.0000, -0.2033, 0.2275, -0.3516, -0.8850, -0.2281, 0.1004, -0.0335, 0.0000, 0.0000, 0.0000, 0.0000
3, 5.4200, 542, -0.3234, -0.9345, -0.1519, 24.8156, -5.7239, -22.8163, 0.0000, 0.0000, 0.0000, 0.0000, 0.0000, 0.0000, 0.6164, -0.6213, -0.2235, -0.4291, 0.0646, -0.0227, 0.0222, 0.0000, 0.0000, 0.0000, 0.0000
3, 5.4300, 543, -0.3271, -0.9880, -0.2067, 22.7006, -9.7035, -20.7816, 0.0000, 0.0000, 0.0000, 0.0000, 0.0000, 0.0000, 0.6162, -0.6225, -0.2250, -0.4270, 0.0716, 0.0293, 0.0813, 0.0000, 0.0000, 0.0000, 0.0000
2, 5.4200, 542, -0.5093, -0.5486, -0.6516, -2.7628, 5.0669, -4.7398, 0.0000, 0.0000, 0.0000, 0.0000, 0.0000, 0.0000, -0.7540, 0.3958, -0.0624, 0.5205, 0.0029, 0.0166, -0.0271, 0.0000, 0.0000, 0.0000, 0.0000
2, 5.4300, 543, -0.5217, -0.5440, -0.6527, -3.0906, 5.7502, -4.9424, 0.0000, 0.0000, 0.0000, 0.0000, 0.0000, 0.0000, -0.7544, 0.3953, -0.0619, 0.5203, 0.0164, 0.0120, -0.0267, 0.0000, 0.0000, 0.0000, 0.0000
3, 5.4400, 544, -0.3264, -1.0002, -0.2159, 18.3772, -13.4536, -19.4315, 0.0000, 0.0000, 0.0000, 0.0000, 0.0000, 0.0000, 0.6161, -0.6236, -0.2260, -0.4248, 0.0739, 0.0403, 0.0944, 0.0000, 0.0000, 0.0000, 0.0000
1, 5.4500, 545, 0.4629, -0.8383, -0.5903, -13.4755, -5.5090, -74.3069, 0.0000, 0.0000, 0.0000, 0.0000, 0.0000, 0.0000, -0.1977, 0.2291, -0.3492, -0.8868, -0.1977, 0.1266, -0.0603, 0.0000, 0.0000, 0.0000, 0.0000
3, 5.4500, 545, -0.3203, -1.0039, -0.2217, 14.1871, -13.6795, -18.7332, 0.0000, 0.0000, 0.0000, 0.0000, 0.0000, 0.0000, 0.6163, -0.6245, -0.2268, -0.4228, 0.0707, 0.0428, 0.1034, 0.0000, 0.0000, 0.0000, 0.0000
1, 5.4600, 546, 0.5000, -0.9414, -0.5730, -5.8287, 1.1381, -62.5445, 0.0000, 0.0000, 0.0000, 0.0000, 0.0000, 0.0000, -0.1930, 0.2310, -0.3475, -0.8881, -0.2267, 0.2338, -0.0786, 0.0000, 0.0000, 0.0000, 0.0000
2, 5.4400, 544, -0.5192, -0.5546, -0.6430, -3.1297, 6.5169, -5.7802, 0.0000, 0.0000, 0.0000, 0.0000, 0.0000, 0.0000, -0.7548, 0.3950, -0.0615, 0.5201, 0.0151, 0.0224, -0.0372, 0.0000, 0.0000, 0.0000, 0.0000
2, 5.4500, 545, -0.5095, -0.5438, -0.6571, -3.6325, 7.0876, -6.3555, 0.0000, 0.0000, 0.0000, 0.0000, 0.0000, 0.0000, -0.7552, 0.3945, -0.0610, 0.5199, 0.0067, 0.0114, -0.0239, 0.0000, 0.0000, 0.0000, 0.0000
1, 5.4700, 547, 0.4894, -0.9601, -0.5858, 0.4876, 11.3150, -50.9525, 0.0000, 0.0000, 0.0000, 0.0000, 0.0000, 0.0000, -0.1894, 0.2334, -0.3463, -0.8887, -0.2085, 0.2554, -0.0657, 0.0000, 0.0000, 0.0000, 0.0000
3, 5.4600, 546, -0.3090, -0.9856, -0.2058, 10.1019, -13.3686, -18.8934, 0.0000, 0.0000, 0.0000, 0.0000, 0.0000, 0.0000, 0.6167, -0.6251, -0.2275, -0.4208, 0.0624, 0.0234, 0.0901, 0.0000, 0.0000, 0.0000, 0.0000
1, 5.4800, 548, 0.4888, -0.9704, -0.5487, 6.6333, 20.2853, -38.9522, 0.0000, 0.0000, 0.0000, 0.0000, 0.0000, 0.0000, -0.1868, 0.2363, -0.3457, -0.8887, -0.2005, 0.2674, -0.1014, 0.0000, 0.0000, 0.0000, 0.0000
2, 5.4600, 546, -0.5085, -0.5488, -0.6637, -3.2258, 7.5374, -6.5499, 0.0000, 0.0000, 0.0000, 0.0000, 0.0000, 0.0000, -0.7557, 0.3940, -0.0604, 0.5197, 0.0072, 0.0163, -0.0183, 0.0000, 0.0000, 0.0000, 0.0000
3, 5.4700, 547, -0.2975, -0.9544, -0.1735, 7.2441, -12.9208, -19.6901, 0.0000, 0.0000, 0.0000, 0.0000, 0.0000, 0.0000, 0.6173, -0.6255, -0.2280, -0.4191, 0.0538, -0.0088, 0.0596, 0.0000, 0.0000, 0.0000, 0.0000
2, 5.4700, 547, -0.5146, -0.5528, -0.6638, -2.8139, 7.8992, -7.4245, 0.0000, 0.0000, 0.0000, 0.0000, 0.0000, 0.0000, -0.7561, 0.3935, -0.0597, 0.5195, 0.0149, 0.0199, -0.0191, 0.0000, 0.0000, 0.0000, 0.0000
2, 5.4800, 548, -0.5055, -0.5556, -0.6595, -3.1545, 8.3169, -7.9594, 0.0000, 0.0000, 0.0000, 0.0000, 0.0000, 0.0000, -0.7567, 0.3929, -0.0590, 0.5192, 0.0075, 0.0225, -0.0244, 0.0000, 0.0000, 0.0000, 0.0000
2, 5.4900, 549, -0.5102, -0.5569, -0.6593, -3.2865, 9.2120, -8.4514, 0.0000, 0.0000, 0.0000, 0.0000, 0.0000, 0.0000, -0.7572, 0.3925, -0.0583, 0.5189, 0.0140, 0.0234, -0.0256, 0.0000, 0.0000, 0.0000, 0.0000
1, 5.4900, 549, 0.4873, -0.8951, -0.5177, 12.8241, 27.4020, -23.8167, 0.0000, 0.0000, 0.0000, 0.0000, 0.0000, 0.0000, -0.1857, 0.2396, -0.3458, -0.8880, -0.1926, 0.1924, -0.1298, 0.0000, 0.0000, 0.0000, 0.0000
3, 5.4800, 548, -0.2692, -0.9259, -0.1691, 8.1632, -14.6387, -21.3994, 0.0000, 0.0000, 0.0000, 0.0000, 0.0000, 0.0000, 0.6180, -0.6261, -0.2287, -0.4170, 0.0285, -0.0382, 0.0569, 0.0000, 0.0000, 0.0000, 0.0000
2, 5.5000, 550, -0.5337, -0.5496, -0.6485, -3.3525, 10.9565, -9.6203, 0.0000, 0.0000, 0.0000, 0.0000, 0.0000, 0.0000, -0.7578, 0.3918, -0.0574, 0.5186, 0.0395, 0.0155, -0.0375, 0.0000, 0.0000, 0.0000, 0.0000
2, 5.5100, 551, -0.5566, -0.5516, -0.6556, -2.9375, 13.1614, -11.4695, 0.0000, 0.0000, 0.0000, 0.0000, 0.0000, 0.0000, -0.7585, 0.3911, -0.0563, 0.5183, 0.0648, 0.0170, -0.0317, 0.0000, 0.0000, 0.0000, 0.0000
1, 5.5000, 550, 3.2833, -3.2583, -1.2006, -15.5998, -10.1490, 35.6553, 0.0000, 0.0000, 0.0000, 0.0000, 0.0000, 0.0000, -0.1885, 0.2375, -0.3455, -0.8881, -2.9865, 2.5547, 0.5550, 0.0000, 0.0000, 0.0000, 0.0000
1, 5.5100, 551, -1.6934, -0.9371, -1.5981, -160.7385, -169.6983, 18.7707, 0.0000, 0.0000, 0.0000, 0.0000, 0.0000, 0.0000, -0.1880, 0.2210, -0.3362, -0.8960, 1.9675, 0.2434, 0.9322, 0.0000, 0.0000, 0.0000, 0.0000
3, 5.4900, 549, -0.2370, -0.9037, -0.1724, 8.6197, -17.8242, -24.3254, 0.0000, 0.0000, 0.0000, 0.0000, 0.0000, 0.0000, 0.6187, -0.6267, -0.2294, -0.4145, -0.0001, -0.0615, 0.0623, 0.0000, 0.0000, 0.0000, 0.0000
3, 5.5000, 550, -0.2100, -0.9012, -0.1539, 6.7108, -19.8223, -28.8347, 0.0000, 0.0000, 0.0000, 0.0000, 0.0000, 0.0000, 0.6198, -0.6272, -0.2302, -0.4117, -0.0229, -0.0652, 0.0459, 0.0000, 0.0000, 0.0000, 0.0000
3, 5.5100, 551, -0.1841, -0.8911, -0.1231, 6.1401, -20.9550, -33.0064, 0.0000, 0.0000, 0.0000, 0.0000, 0.0000, 0.0000, 0.6211, -0.6276, -0.2310, -0.4087, -0.0439, -0.0768, 0.0170, 0.0000, 0.0000, 0.0000, 0.0000
3, 5.5200, 552, -0.1863, -0.8615, -0.0553, 7.5607, -20.3438, -37.7139, 0.0000, 0.0000, 0.0000, 0.0000, 0.0000, 0.0000, 0.6223, -0.6281, -0.2323, -0.4053, -0.0360, -0.1079, -0.0488, 0.0000, 0.0000, 0.0000, 0.0000
2, 5.5200, 552, -0.5848, -0.5486, -0.6627, -1.2368, 16.2975, -15.0688, 0.0000, 0.0000, 0.0000, 0.0000, 0.0000, 0.0000, -0.7593, 0.3903, -0.0547, 0.5179, 0.0961, 0.0131, -0.0260, 0.0000, 0.0000, 0.0000, 0.0000
1, 5.5200, 552, -0.6040, 0.9453, -2.1873, -143.6145, -49.5652, -3.7618, 0.0000, 0.0000, 0.0000, 0.0000, 0.0000, 0.0000, -0.1891, 0.2149, -0.3257, -0.9011, 0.8717, -1.6194, 1.4989, 0.0000, 0.0000, 0.0000, 0.0000
3, 5.5300, 553, -0.3160, -0.8923, 0.0808, 11.0287, -15.5886, -39.2705, 0.0000, 0.0000, 0.0000, 0.0000, 0.0000, 0.0000, 0.6234, -0.6284, -0.2340, -0.4021, 0.1000, -0.0788, -0.1824, 0.0000, 0.0000, 0.0000, 0.0000
2, 5.5300, 553, -0.6080, -0.5405, -0.6865, 1.1951, 18.5077, -19.7599, 0.0000, 0.0000, 0.0000, 0.0000, 0.0000, 0.0000, -0.7602, 0.3896, -0.0528, 0.5172, 0.1231, 0.0034, -0.0038, 0.0000, 0.0000, 0.0000, 0.0000
1, 5.5300, 553, 0.4318, -0.9445, -1.5696, -123.1333, -15.0755, 5.7368, 0.0000, 0.0000, 0.0000, 0.0000, 0.0000, 0.0000, -0.1914, 0.2115, -0.3163, -0.9048, -0.1695, 0.2860, 0.8642, 0.0000, 0.0000, 0.0000, 0.0000
3, 5.5400, 554, -0.4627, -1.0187, 0.1263, 14.9256, -11.4920, -32.8717, 0.0000, 0.0000, 0.0000, 0.0000, 0.0000, 0.0000, 0.6240, -0.6290, -0.2357, -0.3994, 0.2526, 0.0460, -0.2251, 0.0000, 0.0000, 0.0000, 0.0000
2, 5.5400, 554, -0.6526, -0.5266, -0.7324, 6.5678, 18.4040, -25.2397, 0.0000, 0.0000, 0.0000, 0.0000, 0.0000, 0.0000, -0.7611, 0.3894, -0.0505, 0.5163, 0.1721, -0.0129, 0.0410, 0.0000, 0.0000, 0.0000, 0.0000
1, 5.5400, 554, 0.4416, -0.4618, -1.2063, -51.6279, -3.8332, -23.5746, 0.0000, 0.0000, 0.0000, 0.0000, 0.0000, 0.0000, -0.1903, 0.2109, -0.3118, -0.9067, -0.1790, -0.1863, 0.4915, 0.0000, 0.0000, 0.0000, 0.0000
2, 5.5500, 555, -0.6147, -0.5167, -0.8170, 13.7133, 16.1560, -33.4856, 0.0000, 0.0000, 0.0000, 0.0000, 0.0000, 0.0000, -0.7622, 0.3897, -0.0476, 0.5146, 0.1390, -0.0266, 0.1252, 0.0000, 0.0000, 0.0000, 0.0000
1, 5.5500, 555, 0.1521, -0.5700, -1.2671, -13.8297, 6.4438, -18.5711, 0.0000, 0.0000, 0.0000, 0.0000, 0.0000, 0.0000, -0.1892, 0.2116, -0.3103, -0.9073, 0.1135, -0.0737, 0.5493, 0.0000, 0.0000, 0.0000, 0.0000
3, 5.5500, 555, -0.5940, -1.2125, 0.1732, 17.8783, -11.8673, -16.5299, 0.0000, 0.0000, 0.0000, 0.0000, 0.0000, 0.0000, 0.6238, -0.6300, -0.2366, -0.3974, 0.3876, 0.2387, -0.2688, 0.0000, 0.0000, 0.0000, 0.0000
2, 5.5600, 556, -0.5632, -0.5603, -0.8909, 22.8595, 13.0587, -40.3709, 0.0000, 0.0000, 0.0000, 0.0000, 0.0000, 0.0000, -0.7633, 0.3908, -0.0444, 0.5125, 0.0928, 0.0116, 0.1997, 0.0000, 0.0000, 0.0000, 0.0000
3, 5.5600, 556, -0.6520, -1.3697, 0.1845, 14.1832, -14.9947, 1.3094, 0.0000, 0.0000, 0.0000, 0.0000, 0.0000, 0.0000, 0.6233, -0.6313, -0.2362, -0.3964, 0.4463, 0.3954, -0.2768, 0.0000, 0.0000, 0.0000, 0.0000
3, 5.5700, 557, -0.5551, -1.3686, 0.1351, 9.2009, -14.6178, 14.8692, 0.0000, 0.0000, 0.0000, 0.0000, 0.0000, 0.0000, 0.6225, -0.6327, -0.2348, -0.3962, 0.3473, 0.3945, -0.2250, 0.0000, 0.0000, 0.0000, 0.0000
1, 5.5600, 556, 0.7269, -0.6050, -0.7768, 13.8124, 23.3880, -13.4615, 0.0000, 0.0000, 0.0000, 0.0000, 0.0000, 0.0000, -0.1885, 0.2141, -0.3108, -0.9067, -0.4576, -0.0387, 0.0605, 0.0000, 0.0000, 0.0000, 0.0000
1, 5.5700, 557, 0.3554, -0.6773, -0.6627, 17.0828, 23.1410, -3.9541, 0.0000, 0.0000, 0.0000, 0.0000, 0.0000, 0.0000, -0.1885, 0.2163, -0.3117, -0.9058, -0.0822, 0.0318, -0.0506, 0.0000, 0.0000, 0.0000, 0.0000
1, 5.5800, 558, 0.2629, -0.6415, -0.5972, 10.1113, 20.4435, -4.3179, 0.0000, 0.0000, 0.0000, 0.0000, 0.0000, 0.0000, -0.1886, 0.2182, -0.3120, -0.9052, 0.0133, -0.0054, -0.1135, 0.0000, 0.0000, 0.0000, 0.0000
3, 5.5800, 558, -0.4024, -1.2167, 0.0400, 3.2630, -13.4529, 20.3808, 0.0000, 0.0000, 0.0000, 0.0000, 0.0000, 0.0000, 0.6219, -0.6338, -0.2331, -0.3965, 0.1910, 0.2432, -0.1282, 0.0000, 0.0000, 0.0000, 0.0000
3, 5.5900, 559, -0.1801, -1.0056, -0.0688, -10.7394, -10.7553, 20.5190, 0.0000, 0.0000, 0.0000, 0.0000, 0.0000, 0.0000, 0.6220, -0.6340, -0.2310, -0.3973, -0.0349, 0.0330, -0.0198, 0.0000, 0.0000, 0.0000, 0.0000
3, 5.6000, 560, -0.0955, -0.8153, -0.0979, -21.3680, -10.1789, 18.5529, 0.0000, 0.0000, 0.0000, 0.0000, 0.0000, 0.0000, 0.6227, -0.6336, -0.2287, -0.3981, -0.1230, -0.1563, 0.0066, 0.0000, 0.0000, 0.0000, 0.0000
1, 5.5900, 559, 0.2785, -0.6278, -0.6023, -0.4456, 16.7662, -8.1919, 0.0000, 0.0000, 0.0000, 0.0000, 0.0000, 0.0000, -0.1884, 0.2200, -0.3115, -0.9050, 0.0009, -0.0193, -0.1071, 0.0000, 0.0000, 0.0000, 0.0000
2, 5.5700, 557, -0.5650, -0.5682, -0.9682, 37.7513, 4.7335, -42.9950, 0.0000, 0.0000, 0.0000, 0.0000, 0.0000, 0.0000, -0.7640, 0.3933, -0.0409, 0.5099, 0.0997, 0.0122, 0.2795, 0.0000, 0.0000, 0.0000, 0.0000
1, 5.6000, 560, 0.4007, -0.7132, -0.5723, -11.1709, 10.8563, -9.8187, 0.0000, 0.0000, 0.0000, 0.0000, 0.0000, 0.0000, -0.1882, 0.2210, -0.3103, -0.9053, -0.1182, 0.0675, -0.1371, 0.0000, 0.0000, 0.0000, 0.0000
3, 5.6100, 561, -0.1254, -0.6880, -0.0410, -23.5747, -10.0411, 13.4848, 0.0000, 0.0000, 0.0000, 0.0000, 0.0000, 0.0000, 0.6238, -0.6329, -0.2266, -0.3988, -0.0959, -0.2826, -0.0539, 0.0000, 0.0000, 0.0000, 0.0000
2, 5.5800, 558, -0.5891, -0.4109, -1.1082, 49.2569, 14.5972, -44.9481, 0.0000, 0.0000, 0.0000, 0.0000, 0.0000, 0.0000, -0.7643, 0.3961, -0.0362, 0.5076, 0.1292, -0.1540, 0.4231, 0.0000, 0.0000, 0.0000, 0.0000
3, 5.6200, 562, -0.1388, -0.6437, -0.0581, -15.1786, -14.2845, 5.5357, 0.0000, 0.0000, 0.0000, 0.0000, 0.0000, 0.0000, 0.6247, -0.6327, -0.2250, -0.3986, -0.0841, -0.3262, -0.0396, 0.0000, 0.0000, 0.0000, 0.0000
1, 5.6100, 561, 0.4479, -0.6659, -0.6702, -18.4266, 1.8987, -8.4558, 0.0000, 0.0000, 0.0000, 0.0000, 0.0000, 0.0000, -0.1879, 0.2211, -0.3086, -0.9059, -0.1637, 0.0226, -0.0408, 0.0000, 0.0000, 0.0000, 0.0000
2, 5.5900, 559, -0.7103, -0.5550, -1.0712, 66.9559, 12.4793, -56.7458, 0.0000, 0.0000, 0.0000, 0.0000, 0.0000, 0.0000, -0.7645, 0.4001, -0.0305, 0.5045, 0.2572, -0.0213, 0.3910, 0.0000, 0.0000, 0.0000, 0.0000
1, 5.6200, 562, 0.4086, -0.6448, -0.7248, -19.9050, -3.7285, -4.6326, 0.0000, 0.0000, 0.0000, 0.0000, 0.0000, 0.0000, -0.1878, 0.2206, -0.3070, -0.9065, -0.1240, 0.0042, 0.0115, 0.0000, 0.0000, 0.0000, 0.0000
3, 5.6300, 563, -0.1296, -0.7684, -0.0856, 6.1772, -21.8198, -3.6221, 0.0000, 0.0000, 0.0000, 0.0000, 0.0000, 0.0000, 0.6249, -0.6337, -0.2242, -0.3971, -0.0936, -0.2015, -0.0118, 0.0000, 0.0000, 0.0000, 0.0000
2, 5.6000, 560, -0.8143, -0.5499, -1.0012, 82.2688, 12.3506, -73.2134, 0.0000, 0.0000, 0.0000, 0.0000, 0.0000, 0.0000, -0.7649, 0.4052, -0.0235, 0.5002, 0.3694, -0.0406, 0.3278, 0.0000, 0.0000, 0.0000, 0.0000
1, 5.6300, 563, 0.3099, -0.6251, -0.7968, -16.8803, -5.2816, -2.2428, 0.0000, 0.0000, 0.0000, 0.0000, 0.0000, 0.0000, -0.1878, 0.2199, -0.3057, -0.9071, -0.0256, -0.0129, 0.0812, 0.0000, 0.0000, 0.0000, 0.0000
3, 5.6400, 564, -0.1004, -0.9950, -0.0281, 19.6392, -27.6701, -12.4590, 0.0000, 0.0000, 0.0000, 0.0000, 0.0000, 0.0000, 0.6248, -0.6355, -0.2240, -0.3945, -0.1218, 0.0245, -0.0657, 0.0000, 0.0000, 0.0000, 0.0000
2, 5.6100, 561, -0.8510, -0.5571, -1.0544, 100.4323, 8.3055, -96.1270, 0.0000, 0.0000, 0.0000, 0.0000, 0.0000, 0.0000, -0.7655, 0.4117, -0.0151, 0.4943, 0.4166, -0.0509, 0.3899, 0.0000, 0.0000, 0.0000, 0.0000
1, 5.6400, 564, 0.2833, -0.6117, -0.8251, -9.7140, -1.1775, -2.9171, 0.0000, 0.0000, 0.0000, 0.0000, 0.0000, 0.0000, -0.1872, 0.2194, -0.3047, -0.9077, 0.0009, -0.0245, 0.1078, 0.0000, 0.0000, 0.0000, 0.0000
2, 5.6200, 562, -0.8310, -0.4941, -1.0054, 137.3288, -15.7202, -115.3158, 0.0000, 0.0000, 0.0000, 0.0000, 0.0000, 0.0000, -0.7654, 0.4217, -0.0061, 0.4861, 0.4077, -0.1360, 0.3546, 0.0000, 0.0000, 0.0000, 0.0000
3, 5.6500, 565, -0.0641, -1.1800, 0.0051, 18.1123, -34.6887, -21.2447, 0.0000, 0.0000, 0.0000, 0.0000, 0.0000, 0.0000, 0.6252, -0.6372, -0.2239, -0.3910, -0.1554, 0.2085, -0.0943, 0.0000, 0.0000, 0.0000, 0.0000
1, 5.6500, 565, 0.3011, -0.6000, -0.7939, -2.7117, 3.4709, -3.5238, 0.0000, 0.0000, 0.0000, 0.0000, 0.0000, 0.0000, -0.1871, 0.2197, -0.3043, -0.9078, -0.0163, -0.0349, 0.0757, 0.0000, 0.0000, 0.0000, 0.0000
3, 5.6600, 566, -0.0914, -1.2497, 0.0323, 15.1701, -40.2710, -25.0574, 0.0000, 0.0000, 0.0000, 0.0000, 0.0000, 0.0000, 0.6260, -0.6389, -0.2237, -0.3871, -0.1247, 0.2770, -0.1173, 0.0000, 0.0000, 0.0000, 0.0000
3, 5.6700, 567, -0.1356, -1.2564, 0.0449, 23.0095, -37.6000, -22.9634, 0.0000, 0.0000, 0.0000, 0.0000, 0.0000, 0.0000, 0.6262, -0.6411, -0.2237, -0.3832, -0.0769, 0.2825, -0.1251, 0.0000, 0.0000, 0.0000, 0.0000
2, 5.6300, 563, -0.8044, -0.7795, -0.8196, 147.8455, -41.6242, -123.4550, 0.0000, 0.0000, 0.0000, 0.0000, 0.0000, 0.0000, -0.7651, 0.4333, 0.0019, 0.4764, 0.3911, 0.1239, 0.1877, 0.0000, 0.0000, 0.0000, 0.0000
2, 5.6400, 564, -1.0264, -1.3439, -0.6942, 126.0371, -40.8133, -126.2487, 0.0000, 0.0000, 0.0000, 0.0000, 0.0000, 0.0000, -0.7654, 0.4434, 0.0092, 0.4663, 0.6228, 0.6647, 0.0813, 0.0000, 0.0000, 0.0000, 0.0000
2, 5.6500, 565, -1.0327, -1.4385, -0.6732, 94.2886, 0.6549, -116.7471, 0.0000, 0.0000, 0.0000, 0.0000, 0.0000, 0.0000, -0.7665, 0.4495, 0.0176, 0.4584, 0.6420, 0.7395, 0.0742, 0.0000, 0.0000, 0.0000, 0.0000
1, 5.6600, 566, 0.3283, -0.6130, -0.7559, 0.7377, 5.8567, -3.9495, 0.0000, 0.0000, 0.0000, 0.0000, 0.0000, 0.0000, -0.1869, 0.2203, -0.3042, -0.9077, -0.0425, -0.0217, 0.0379, 0.0000, 0.0000, 0.0000, 0.0000
2, 5.6600, 566, -0.8237, -1.2834, -0.6066, 66.3927, 41.0930, -104.7729, 0.0000, 0.0000, 0.0000, 0.0000, 0.0000, 0.0000, -0.7679, 0.4521, 0.0271, 0.4529, 0.4491, 0.5694, 0.0151, 0.0000, 0.0000, 0.0000, 0.0000
1, 5.6700, 567, 0.3596, -0.6232, -0.7194, 1.9696, 5.4720, -3.7422, 0.0000, 0.0000, 0.0000, 0.0000, 0.0000, 0.0000, -0.1867, 0.2209, -0.3042, -0.9076, -0.0727, -0.0115, 0.0019, 0.0000, 0.0000, 0.0000, 0.0000
3, 5.6800, 568, -0.1411, -1.1937, 0.0155, 26.9749, -33.2368, -20.6180, 0.0000, 0.0000, 0.0000, 0.0000, 0.0000, 0.0000, 0.6260, -0.6432, -0.2239, -0.3797, -0.0682, 0.2187, -0.0898, 0.0000, 0.0000, 0.0000, 0.0000
2, 5.6700, 567, -0.1913, -1.6107, -0.5690, 60.8839, 64.8720, -100.0704, 0.0000, 0.0000, 0.0000, 0.0000, 0.0000, 0.0000, -0.7693, 0.4534, 0.0378, 0.4486, -0.1644, 0.8837, -0.0183, 0.0000, 0.0000, 0.0000, 0.0000
1, 5.6800, 568, 0.3598, -0.6193, -0.7192, 1.5503, 3.7746, -2.8241, 0.0000, 0.0000, 0.0000, 0.0000, 0.0000, 0.0000, -0.1866, 0.2213, -0.3042, -0.9076, -0.0719, -0.0154, 0.0021, 0.0000, 0.0000, 0.0000, 0.0000
3, 5.6900, 569, -0.1206, -1.1140, -0.0450, 18.9930, -31.2887, -21.2952, 0.0000, 0.0000, 0.0000, 0.0000, 0.0000, 0.0000, 0.6263, -0.6449, -0.2241, -0.3764, -0.0855, 0.1379, -0.0244, 0.0000, 0.0000, 0.0000, 0.0000
2, 5.6800, 568, -0.2567, -2.0234, -0.8088, 37.1812, 36.6411, -57.9773, 0.0000, 0.0000, 0.0000, 0.0000, 0.0000, 0.0000, -0.7699, 0.4543, 0.0440, 0.4460, -0.0840, 1.2868, 0.2245, 0.0000, 0.0000, 0.0000, 0.0000
1, 5.6900, 569, 0.3745, -0.6180, -0.7150, 1.2865, 2.2309, -1.8025, 0.0000, 0.0000, 0.0000, 0.0000, 0.0000, 0.0000, -0.1861, 0.2228, -0.3037, -0.9075, -0.0854, -0.0166, -0.0017, 0.0000, 0.0000, 0.0000, 0.0000
3, 5.7000, 570, -0.0965, -1.0344, -0.0842, 12.0594, -31.3353, -21.9845, 0.0000, 0.0000, 0.0000, 0.0000, 0.0000, 0.0000, 0.6269, -0.6461, -0.2240, -0.3732, -0.1062, 0.0574, 0.0184, 0.0000, 0.0000, 0.0000, 0.0000
2, 5.6900, 569, -0.4714, -1.2142, -0.6052, 8.1280, 10.8635, -38.8186, 0.0000, 0.0000, 0.0000, 0.0000, 0.0000, 0.0000, -0.7710, 0.4543, 0.0466, 0.4438, 0.1377, 0.4734, 0.0223, 0.0000, 0.0000, 0.0000, 0.0000
1, 5.7000, 570, 0.3574, -0.6154, -0.7238, 1.1368, 0.9870, -0.2938, 0.0000, 0.0000, 0.0000, 0.0000, 0.0000, 0.0000, -0.1861, 0.2229, -0.3038, -0.9074, -0.0661, -0.0189, 0.0076, 0.0000, 0.0000, 0.0000, 0.0000
3, 5.7100, 571, -0.0907, -1.0115, -0.0836, 14.9971, -30.8713, -22.5558, 0.0000, 0.0000, 0.0000, 0.0000, 0.0000, 0.0000, 0.6274, -0.6475, -0.2240, -0.3699, -0.1086, 0.0336, 0.0211, 0.0000, 0.0000, 0.0000, 0.0000
2, 5.7000, 570, -0.2840, -1.1644, -0.5181, 3.3210, 20.0457, -60.7832, 0.0000, 0.0000, 0.0000, 0.0000, 0.0000, 0.0000, -0.7731, 0.4535, 0.0505, 0.4405, -0.0414, 0.4202, -0.0651, 0.0000, 0.0000, 0.0000, 0.0000
1, 5.7100, 571, 0.3452, -0.6116, -0.7302, 1.6083, 0.1039, 0.5473, 0.0000, 0.0000, 0.0000, 0.0000, 0.0000, 0.0000, -0.1861, 0.2229, -0.3039, -0.9074, -0.0539, -0.0229, 0.0142, 0.0000, 0.0000, 0.0000, 0.0000
3, 5.7200, 572, -0.1064, -0.9902, -0.0088, 18.7914, -27.9806, -24.1317, 0.0000, 0.0000, 0.0000, 0.0000, 0.0000, 0.0000, 0.6277, -0.6490, -0.2245, -0.3666, -0.0891, 0.0113, -0.0496, 0.0000, 0.0000, 0.0000, 0.0000
2, 5.7100, 571, -0.1139, -1.3640, -0.5685, -2.6343, 18.9025, -71.6018, 0.0000, 0.0000, 0.0000, 0.0000, 0.0000, 0.0000, -0.7759, 0.4523, 0.0545, 0.4364, -0.2004, 0.6158, -0.0158, 0.0000, 0.0000, 0.0000, 0.0000
1, 5.7200, 572, 0.3444, -0.6086, -0.7291, 1.9539, 0.1680, 0.9649, 0.0000, 0.0000, 0.0000, 0.0000, 0.0000, 0.0000, -0.1862, 0.2229, -0.3041, -0.9073, -0.0531, -0.0261, 0.0133, 0.0000, 0.0000, 0.0000, 0.0000
3, 5.7300, 573, -0.1390, -1.0007, 0.0401, 26.5533, -25.2372, -25.8464, 0.0000, 0.0000, 0.0000, 0.0000, 0.0000, 0.0000, 0.6275, -0.6508, -0.2255, -0.3632, -0.0524, 0.0207, -0.0935, 0.0000, 0.0000, 0.0000, 0.0000
2, 5.7200, 572, -0.2062, -1.2605, -0.5328, -12.8492, 8.7985, -64.2477, 0.0000, 0.0000, 0.0000, 0.0000, 0.0000, 0.0000, -0.7788, 0.4508, 0.0572, 0.4324, -0.0980, 0.5096, -0.0534, 0.0000, 0.0000, 0.0000, 0.0000
1, 5.7300, 573, 0.3314, -0.6157, -0.7261, 2.3201, 0.3750, 1.0673, 0.0000, 0.0000, 0.0000, 0.0000, 0.0000, 0.0000, -0.1862, 0.2229, -0.3043, -0.9072, -0.0403, -0.0194, 0.0106, 0.0000, 0.0000, 0.0000, 0.0000
2, 5.7300, 573, -0.2500, -1.0341, -0.4452, -14.8780, 7.4959, -62.9080, 0.0000, 0.0000, 0.0000, 0.0000, 0.0000, 0.0000, -0.7817, 0.4492, 0.0596, 0.4285, -0.0453, 0.2815, -0.1433, 0.0000, 0.0000, 0.0000, 0.0000
1, 5.7400, 574, 0.3265, -0.6091, -0.7214, 2.2685, 0.7224, 0.7514, 0.0000, 0.0000, 0.0000, 0.0000, 0.0000, 0.0000, -0.1857, 0.2233, -0.3041, -0.9073, -0.0351, -0.0260, 0.0061, 0.0000, 0.0000, 0.0000, 0.0000
3, 5.7400, 574, -0.1666, -0.9999, 0.0484, 30.3926, -24.5530, -27.5814, 0.0000, 0.0000, 0.0000, 0.0000, 0.0000, 0.0000, 0.6271, -0.6527, -0.2267, -0.3597, -0.0203, 0.0187, -0.0959, 0.0000, 0.0000, 0.0000, 0.0000
2, 5.7400, 574, -0.1698, -0.8605, -0.4133, -4.6120, 10.8203, -66.1693, 0.0000, 0.0000, 0.0000, 0.0000, 0.0000, 0.0000, -0.7843, 0.4482, 0.0628, 0.4243, -0.1159, 0.1055, -0.1770, 0.0000, 0.0000, 0.0000, 0.0000
3, 5.7500, 575, -0.1620, -1.0049, 0.0371, 29.0065, -22.5207, -28.4459, 0.0000, 0.0000, 0.0000, 0.0000, 0.0000, 0.0000, 0.6268, -0.6544, -0.2280, -0.3563, -0.0203, 0.0226, -0.0788, 0.0000, 0.0000, 0.0000, 0.0000
1, 5.7500, 575, 0.3279, -0.6133, -0.7226, 2.5165, 0.7795, 0.5756, 0.0000, 0.0000, 0.0000, 0.0000, 0.0000, 0.0000, -0.1858, 0.2233, -0.3043, -0.9072, -0.0357, -0.0217, 0.0074, 0.0000, 0.0000, 0.0000, 0.0000
1, 5.7600, 576, 0.3331, -0.6088, -0.7187, 2.5728, 0.8544, 0.2607, 0.0000, 0.0000, 0.0000, 0.0000, 0.0000, 0.0000, -0.1857, 0.2234, -0.3045, -0.9071, -0.0408, -0.0265, 0.0038, 0.0000, 0.0000, 0.0000, 0.0000
3, 5.7600, 576, -0.1697, -1.0015, 0.0135, 20.8625, -20.6291, -27.8666, 0.0000, 0.0000, 0.0000, 0.0000, 0.0000, 0.0000, 0.6269, -0.6556, -0.2291, -0.3532, -0.0079, 0.0181, -0.0503, 0.0000, 0.0000, 0.0000, 0.0000
3, 5.7700, 577, -0.1946, -0.9778, -0.0156, 10.2929, -18.7739, -26.6446, 0.0000, 0.0000, 0.0000, 0.0000, 0.0000, 0.0000, 0.6275, -0.6562, -0.2299, -0.3504, 0.0215, -0.0065, -0.0181, 0.0000, 0.0000, 0.0000, 0.0000
2, 5.7500, 575, -0.1078, -0.7671, -0.4191, 10.4006, 8.4166, -64.3855, 0.0000, 0.0000, 0.0000, 0.0000, 0.0000, 0.0000, -0.7862, 0.4482, 0.0663, 0.4202, -0.1680, 0.0083, -0.1708, 0.0000, 0.0000, 0.0000, 0.0000
1, 5.7700, 577, 0.3361, -0.6121, -0.7125, 2.7879, 0.4987, 0.1919, 0.0000, 0.0000, 0.0000, 0.0000, 0.0000, 0.0000, -0.1857, 0.2235, -0.3047, -0.9070, -0.0438, -0.0236, -0.0020, 0.0000, 0.0000, 0.0000, 0.0000
1, 5.7800, 578, 0.3275, -0.6129, -0.7161, 2.5129, 0.0374, 0.0206, 0.0000, 0.0000, 0.0000, 0.0000, 0.0000, 0.0000, -0.1857, 0.2236, -0.3049, -0.9070, -0.0352, -0.0231, 0.0019, 0.0000, 0.0000, 0.0000, 0.0000
3, 5.7800, 578, -0.2090, -0.9585, -0.0564, 3.8913, -17.6516, -25.0667, 0.0000, 0.0000, 0.0000, 0.0000, 0.0000, 0.0000, 0.6284, -0.6565, -0.2304, -0.3480, 0.0401, -0.0266, 0.0241, 0.0000, 0.0000, 0.0000, 0.0000
2, 5.7600, 576, -0.1020, -0.6962, -0.4168, 24.6391, 1.4599, -56.1104, 0.0000, 0.0000, 0.0000, 0.0000, 0.0000, 0.0000, -0.7873, 0.4495, 0.0695, 0.4162, -0.1654, -0.0675, -0.1707, 0.0000, 0.0000, 0.0000, 0.0000
2, 5.7700, 577, -0.1343, -0.6123, -0.3919, 35.3691, -1.6006, -44.7096, 0.0000, 0.0000, 0.0000, 0.0000, 0.0000, 0.0000, -0.7875, 0.4517, 0.0724, 0.4129, -0.1267, -0.1569, -0.1913, 0.0000, 0.0000, 0.0000, 0.0000
3, 5.7900, 579, -0.1753, -0.9335, -0.0747, 0.7498, -16.1324, -24.3885, 0.0000, 0.0000, 0.0000, 0.0000, 0.0000, 0.0000, 0.6294, -0.6565, -0.2310, -0.3457, 0.0106, -0.0523, 0.0432, 0.0000, 0.0000, 0.0000, 0.0000
3, 5.8000, 580, -0.1511, -0.9291, -0.0763, 1.7475, -14.4389, -23.4831, 0.0000, 0.0000, 0.0000, 0.0000, 0.0000, 0.0000, 0.6303, -0.6566, -0.2316, -0.3436, -0.0096, -0.0575, 0.0455, 0.0000, 0.0000, 0.0000, 0.0000
1, 5.7900, 579, 0.3398, -0.6092, -0.7161, 2.2489, 0.1557, -0.0490, 0.0000, 0.0000, 0.0000, 0.0000, 0.0000, 0.0000, -0.1849, 0.2246, -0.3044, -0.9070, -0.0468, -0.0267, 0.0022, 0.0000, 0.0000, 0.0000, 0.0000
1, 5.8000, 580, 0.3252, -0.6131, -0.7138, 1.6866, 0.3065, -0.1875, 0.0000, 0.0000, 0.0000, 0.0000, 0.0000, 0.0000, -0.1849, 0.2247, -0.3045, -0.9070, -0.0303, -0.0223, 0.0001, 0.0000, 0.0000, 0.0000, 0.0000
2, 5.7800, 578, -0.1333, -0.4891, -0.3765, 44.1201, 1.4040, -33.1967, 0.0000, 0.0000, 0.0000, 0.0000, 0.0000, 0.0000, -0.7870, 0.4545, 0.0754, 0.4103, -0.1227, -0.2860, -0.2013, 0.0000, 0.0000, 0.0000, 0.0000
3, 5.8100, 581, -0.1680, -0.9351, -0.0561, 0.4859, -13.1064, -21.4248, 0.0000, 0.0000, 0.0000, 0.0000, 0.0000, 0.0000, 0.6312, -0.6566, -0.2321, -0.3416, 0.0111, -0.0520, 0.0259, 0.0000, 0.0000, 0.0000, 0.0000
2, 5.7900, 579, -0.0968, -0.3893, -0.3782, 50.6994, 5.7515, -22.2648, 0.0000, 0.0000, 0.0000, 0.0000, 0.0000, 0.0000, -0.7858, 0.4576, 0.0785, 0.4087, -0.1552, -0.3917, -0.1932, 0.0000, 0.0000, 0.0000, 0.0000
1, 5.8100, 581, 0.3288, -0.6085, -0.7113, 1.1829, 0.3450, -0.6924, 0.0000, 0.0000, 0.0000, 0.0000, 0.0000, 0.0000, -0.1848, 0.2247, -0.3046, -0.9070, -0.0338, -0.0270, -0.0022, 0.0000, 0.0000, 0.0000, 0.0000
3, 5.8200, 582, -0.1724, -0.9197, -0.0440, -2.4253, -12.0260, -18.8204, 0.0000, 0.0000, 0.0000, 0.0000, 0.0000, 0.0000, 0.6321, -0.6564, -0.2324, -0.3400, 0.0188, -0.0680, 0.0138, 0.0000, 0.0000, 0.0000, 0.0000
1, 5.8200, 582, 0.3449, -0.6020, -0.7145, 0.6032, 0.4266, -0.7956, 0.0000, 0.0000, 0.0000, 0.0000, 0.0000, 0.0000, -0.1848, 0.2248, -0.3046, -0.9069, -0.0498, -0.0336, 0.0011, 0.0000, 0.0000, 0.0000, 0.0000
2, 5.8000, 580, -0.0630, -0.2981, -0.3708, 53.9297, 8.0039, -11.6284, 0.0000, 0.0000, 0.0000, 0.0000, 0.0000, 0.0000, -0.7840, 0.4609, 0.0814, 0.4079, -0.1860, -0.4888, -0.1937, 0.0000, 0.0000, 0.0000, 0.0000
3, 5.8300, 583, -0.1507, -0.9085, -0.0297, -1.9255, -11.9432, -17.0525, 0.0000, 0.0000, 0.0000, 0.0000, 0.0000, 0.0000, 0.6329, -0.6563, -0.2327, -0.3384, 0.0000, -0.0796, -0.0006, 0.0000, 0.0000, 0.0000, 0.0000
2, 5.8100, 581, -0.0310, -0.2050, -0.3513, 54.0082, 9.3164, -3.5120, 0.0000, 0.0000, 0.0000, 0.0000, 0.0000, 0.0000, -0.7818, 0.4642, 0.0841, 0.4076, -0.2163, -0.5875, -0.2061, 0.0000, 0.0000, 0.0000, 0.0000
1, 5.8300, 583, 0.3432, -0.6113, -0.7087, 0.4058, 0.6614, -0.6564, 0.0000, 0.0000, 0.0000, 0.0000, 0.0000, 0.0000, -0.1847, 0.2249, -0.3046, -0.9069, -0.0480, -0.0242, -0.0046, 0.0000, 0.0000, 0.0000, 0.0000
3, 5.8400, 584, -0.1176, -0.9169, -0.0161, 2.9124, -11.8213, -15.3865, 0.0000, 0.0000, 0.0000, 0.0000, 0.0000, 0.0000, 0.6335, -0.6565, -0.2330, -0.3368, -0.0304, -0.0716, -0.0138, 0.0000, 0.0000, 0.0000, 0.0000
1, 5.8400, 584, 0.3339, -0.6108, -0.7098, -0.2085, 0.5012, -0.6534, 0.0000, 0.0000, 0.0000, 0.0000, 0.0000, 0.0000, -0.1840, 0.2258, -0.3039, -0.9071, -0.0379, -0.0244, -0.0035, 0.0000, 0.0000, 0.0000, 0.0000
2, 5.8200, 582, -0.0064, -0.1229, -0.3231, 51.3226, 10.5066, 1.4012, 0.0000, 0.0000, 0.0000, 0.0000, 0.0000, 0.0000, -0.7796, 0.4674, 0.0866, 0.4077, -0.2400, -0.6747, -0.2275, 0.0000, 0.0000, 0.0000, 0.0000
2, 5.8300, 583, 0.0079, -0.0678, -0.3126, 46.3630, 12.3762, 3.2170, 0.0000, 0.0000, 0.0000, 0.0000, 0.0000, 0.0000, -0.7775, 0.4701, 0.0890, 0.4081, -0.2535, -0.7343, -0.2317, 0.0000, 0.0000, 0.0000, 0.0000
3, 5.8500, 585, -0.0781, -0.9367, -0.0121, 6.4405, -11.8288, -13.4343, 0.0000, 0.0000, 0.0000, 0.0000, 0.0000, 0.0000, 0.6337, -0.6569, -0.2333, -0.3353, -0.0676, -0.0523, -0.0166, 0.0000, 0.0000, 0.0000, 0.0000
1, 5.8500, 585, 0.3233, -0.6133, -0.7143, -0.8915, 0.7754, -1.0541, 0.0000, 0.0000, 0.0000, 0.0000, 0.0000, 0.0000, -0.1839, 0.2259, -0.3038, -0.9071, -0.0254, -0.0210, 0.0009, 0.0000, 0.0000, 0.0000, 0.0000
3, 5.8600, 586, -0.0483, -0.9554, -0.0062, 7.1104, -11.5819, -11.2468, 0.0000, 0.0000, 0.0000, 0.0000, 0.0000, 0.0000, 0.6339, -0.6574, -0.2335, -0.3339, -0.0953, -0.0339, -0.0209, 0.0000, 0.0000, 0.0000, 0.0000
1, 5.8600, 586, 0.3312, -0.6150, -0.7175, -1.1684, 0.9521, -1.5081, 0.0000, 0.0000, 0.0000, 0.0000, 0.0000, 0.0000, -0.1839, 0.2260, -0.3036, -0.9072, -0.0330, -0.0191, 0.0040, 0.0000, 0.0000, 0.0000, 0.0000
2, 5.8400, 584, 0.0194, -0.0403, -0.3023, 38.7881, 12.6930, 3.4903, 0.0000, 0.0000, 0.0000, 0.0000, 0.0000, 0.0000, -0.7758, 0.4722, 0.0911, 0.4086, -0.2642, -0.7656, -0.2367, 0.0000, 0.0000, 0.0000, 0.0000
3, 5.8700, 587, -0.0332, -0.9718, -0.0057, 5.1264, -11.7484, -8.5733, 0.0000, 0.0000, 0.0000, 0.0000, 0.0000, 0.0000, 0.6342, -0.6578, -0.2337, -0.3322, -0.1086, -0.0177, -0.0200, 0.0000, 0.0000, 0.0000, 0.0000
2, 5.8500, 585, 0.0463, -0.0190, -0.2972, 29.6256, 10.6927, 4.8908, 0.0000, 0.0000, 0.0000, 0.0000, 0.0000, 0.0000, -0.7743, 0.4738, 0.0927, 0.4091, -0.2906, -0.7897, -0.2379, 0.0000, 0.0000, 0.0000, 0.0000
1, 5.8700, 587, 0.3369, -0.6076, -0.7186, -1.5178, 1.0212, -1.7342, 0.0000, 0.0000, 0.0000, 0.0000, 0.0000, 0.0000, -0.1838, 0.2261, -0.3035, -0.9072, -0.0384, -0.0262, 0.0051, 0.0000, 0.0000, 0.0000, 0.0000
3, 5.8800, 588, -0.0300, -0.9895, -0.0087, 0.9461, -10.8784, -6.0309, 0.0000, 0.0000, 0.0000, 0.0000, 0.0000, 0.0000, 0.6346, -0.6581, -0.2335, -0.3313, -0.1100, -0.0004, -0.0162, 0.0000, 0.0000, 0.0000, 0.0000
1, 5.8800, 588, 0.3504, -0.6034, -0.7233, -1.2396, 0.8810, -1.4027, 0.0000, 0.0000, 0.0000, 0.0000, 0.0000, 0.0000, -0.1837, 0.2261, -0.3033, -0.9072, -0.0516, -0.0301, 0.0096, 0.0000, 0.0000, 0.0000, 0.0000
2, 5.8600, 586, 0.0528, -0.0016, -0.2884, 19.7222, 7.0893, 7.7634, 0.0000, 0.0000, 0.0000, 0.0000, 0.0000, 0.0000, -0.7731, 0.4750, 0.0935, 0.4098, -0.2972, -0.8090, -0.2437, 0.0000, 0.0000, 0.0000, 0.0000
2, 5.8700, 587, 0.0518, 0.0349, -0.2703, 10.7961, 3.4589, 11.4381, 0.0000, 0.0000, 0.0000, 0.0000, 0.0000, 0.0000, -0.7722, 0.4757, 0.0937, 0.4106, -0.2972, -0.8464, -0.2600, 0.0000, 0.0000, 0.0000, 0.0000
3, 5.8900, 589, -0.0389, -0.9981, -0.0078, -2.0078, -9.6305, -3.9869, 0.0000, 0.0000, 0.0000, 0.0000, 0.0000, 0.0000, 0.6350, -0.6582, -0.2331, -0.3305, -0.1004, 0.0081, -0.0170, 0.0000, 0.0000, 0.0000, 0.0000
1, 5.8900, 589, 0.3512, -0.6065, -0.7225, -0.8800, 0.9400, -0.7057, 0.0000, 0.0000, 0.0000, 0.0000, 0.0000, 0.0000, -0.1825, 0.2269, -0.3023, -0.9076, -0.0516, -0.0265, 0.0087, 0.0000, 0.0000, 0.0000, 0.0000
2, 5.8800, 588, 0.0495, 0.0605, -0.2508, 3.4234, 0.8751, 16.0761, 0.0000, 0.0000, 0.0000, 0.0000, 0.0000, 0.0000, -0.7715, 0.4760, 0.0932, 0.4117, -0.2968, -0.8720, -0.2787, 0.0000, 0.0000, 0.0000, 0.0000
3, 5.9000, 590, -0.0508, -1.0097, -0.0003, -4.3284, -8.4776, -1.9018, 0.0000, 0.0000, 0.0000, 0.0000, 0.0000, 0.0000, 0.6355, -0.6581, -0.2326, -0.3300, -0.0880, 0.0197, -0.0249, 0.0000, 0.0000, 0.0000, 0.0000
1, 5.9000, 590, 0.3449, -0.6027, -0.7203, -0.3894, 0.5442, -0.3037, 0.0000, 0.0000, 0.0000, 0.0000, 0.0000, 0.0000, -0.1825, 0.2270, -0.3023, -0.9076, -0.0432, -0.0289, 0.0061, 0.0000, 0.0000, 0.0000, 0.0000
2, 5.8900, 589, 0.0461, 0.0735, -0.2381, -2.8444, -1.7259, 21.0847, 0.0000, 0.0000, 0.0000, 0.0000, 0.0000, 0.0000, -0.7710, 0.4759, 0.0921, 0.4131, -0.2961, -0.8840, -0.2916, 0.0000, 0.0000, 0.0000, 0.0000
3, 5.9100, 591, -0.0722, -1.0037, 0.0055, -6.2907, -6.6304, 0.0420, 0.0000, 0.0000, 0.0000, 0.0000, 0.0000, 0.0000, 0.6360, -0.6580, -0.2321, -0.3298, -0.0665, 0.0137, -0.0315, 0.0000, 0.0000, 0.0000, 0.0000
1, 5.9100, 591, 0.3609, -0.6028, -0.7161, -0.5329, 0.2790, 0.0823, 0.0000, 0.0000, 0.0000, 0.0000, 0.0000, 0.0000, -0.1825, 0.2270, -0.3022, -0.9076, -0.0592, -0.0288, 0.0019, 0.0000, 0.0000, 0.0000, 0.0000
3, 5.9200, 592, -0.0966, -0.9810, -0.0051, -8.1606, -5.2639, 1.5882, 0.0000, 0.0000, 0.0000, 0.0000, 0.0000, 0.0000, 0.6365, -0.6578, -0.2316, -0.3295, -0.0422, -0.0089, -0.0220, 0.0000, 0.0000, 0.0000, 0.0000
2, 5.9000, 590, 0.0386, 0.0429, -0.2371, -9.9588, -5.9614, 27.4045, 0.0000, 0.0000, 0.0000, 0.0000, 0.0000, 0.0000, -0.7704, 0.4757, 0.0902, 0.4148, -0.2924, -0.8515, -0.2936, 0.0000, 0.0000, 0.0000, 0.0000
1, 5.9200, 592, 0.3526, -0.6077, -0.7078, -0.8855, -0.2281, 0.4877, 0.0000, 0.0000, 0.0000, 0.0000, 0.0000, 0.0000, -0.1826, 0.2270, -0.3022, -0.9077, -0.0509, -0.0238, -0.0065, 0.0000, 0.0000, 0.0000, 0.0000
2, 5.9100, 591, 0.0079, -0.0158, -0.2316, -18.5596, -10.1279, 37.2655, 0.0000, 0.0000, 0.0000, 0.0000, 0.0000, 0.0000, -0.7699, 0.4751, 0.0873, 0.4170, -0.2673, -0.7900, -0.3009, 0.0000, 0.0000, 0.0000, 0.0000
3, 5.9300, 593, -0.1151, -0.9486, -0.0199, -9.1860, -3.8914, 3.2291, 0.0000, 0.0000, 0.0000, 0.0000, 0.0000, 0.0000, 0.6370, -0.6574, -0.2309, -0.3297, -0.0239, -0.0413, -0.0085, 0.0000, 0.0000, 0.0000, 0.0000
1, 5.9300, 593, 0.3462, -0.6083, -0.7090, -1.1459, -0.9879, 0.7370, 0.0000, 0.0000, 0.0000, 0.0000, 0.0000, 0.0000, -0.1826, 0.2268, -0.3021, -0.9077, -0.0447, -0.0231, -0.0055, 0.0000, 0.0000, 0.0000, 0.0000
3, 5.9400, 594, -0.1230, -0.9170, -0.0299, -9.9566, -2.5820, 4.3661, 0.0000, 0.0000, 0.0000, 0.0000, 0.0000, 0.0000, 0.6375, -0.6570, -0.2302, -0.3300, -0.0167, -0.0727, -0.0000, 0.0000, 0.0000, 0.0000, 0.0000
1, 5.9400, 594, 0.3390, -0.6064, -0.7149, -1.7547, -1.5039, 0.5671, 0.0000, 0.0000, 0.0000, 0.0000, 0.0000, 0.0000, -0.1823, 0.2270, -0.3017, -0.9079, -0.0375, -0.0247, 0.0001, 0.0000, 0.0000, 0.0000, 0.0000
2, 5.9200, 592, -0.0475, -0.0439, -0.2169, -27.4115, -10.5758, 49.2332, 0.0000, 0.0000, 0.0000, 0.0000, 0.0000, 0.0000, -0.7693, 0.4740, 0.0835, 0.4201, -0.2191, -0.7575, -0.3185, 0.0000, 0.0000, 0.0000, 0.0000
3, 5.9500, 595, -0.1218, -0.9069, -0.0435, -8.1671, -2.0435, 6.0898, 0.0000, 0.0000, 0.0000, 0.0000, 0.0000, 0.0000, 0.6378, -0.6568, -0.2295, -0.3304, -0.0189, -0.0826, 0.0120, 0.0000, 0.0000, 0.0000, 0.0000
2, 5.9300, 593, -0.0655, -0.0392, -0.2129, -33.8156, -8.3103, 61.7619, 0.0000, 0.0000, 0.0000, 0.0000, 0.0000, 0.0000, -0.7685, 0.4725, 0.0792, 0.4241, -0.2100, -0.7565, -0.3265, 0.0000, 0.0000, 0.0000, 0.0000
1, 5.9500, 595, 0.3243, -0.6111, -0.7223, -2.4057, -1.6148, 0.6572, 0.0000, 0.0000, 0.0000, 0.0000, 0.0000, 0.0000, -0.1823, 0.2268, -0.3015, -0.9080, -0.0222, -0.0193, 0.0072, 0.0000, 0.0000, 0.0000, 0.0000
3, 5.9600, 596, -0.1172, -0.9074, -0.0520, -6.8652, -1.9451, 8.3887, 0.0000, 0.0000, 0.0000, 0.0000, 0.0000, 0.0000, 0.6380, -0.6566, -0.2288, -0.3309, -0.0248, -0.0819, 0.0193, 0.0000, 0.0000, 0.0000, 0.0000
3, 5.9700, 597, -0.1178, -0.9258, -0.0433, -4.4835, -0.6947, 10.7415, 0.0000, 0.0000, 0.0000, 0.0000, 0.0000, 0.0000, 0.6380, -0.6566, -0.2280, -0.3314, -0.0259, -0.0632, 0.0097, 0.0000, 0.0000, 0.0000, 0.0000
1, 5.9600, 596, 0.3085, -0.6057, -0.7353, -2.0689, -1.4345, 0.3408, 0.0000, 0.0000, 0.0000, 0.0000, 0.0000, 0.0000, -0.1824, 0.2267, -0.3014, -0.9080, -0.0067, -0.0244, 0.0198, 0.0000, 0.0000, 0.0000, 0.0000
2, 5.9400, 594, -0.0764, -0.0320, -0.2101, -35.3442, -6.4716, 71.8807, 0.0000, 0.0000, 0.0000, 0.0000, 0.0000, 0.0000, -0.7674, 0.4707, 0.0744, 0.4290, -0.2092, -0.7570, -0.3338, 0.0000, 0.0000, 0.0000, 0.0000
2, 5.9500, 595, -0.1251, -0.1080, -0.2186, -33.3416, -5.0250, 77.4834, 0.0000, 0.0000, 0.0000, 0.0000, 0.0000, 0.0000, -0.7658, 0.4692, 0.0697, 0.4342, -0.1714, -0.6738, -0.3298, 0.0000, 0.0000, 0.0000, 0.0000
1, 5.9700, 597, 0.3228, -0.6097, -0.7286, -1.7468, -0.8692, -0.4490, 0.0000, 0.0000, 0.0000, 0.0000, 0.0000, 0.0000, -0.1823, 0.2266, -0.3013, -0.9081, -0.0211, -0.0202, 0.0129, 0.0000, 0.0000, 0.0000, 0.0000
3, 5.9800, 598, -0.1246, -0.9542, -0.0228, -2.9936, 1.1448, 12.8379, 0.0000, 0.0000, 0.0000, 0.0000, 0.0000, 0.0000, 0.6378, -0.6566, -0.2273, -0.3323, -0.0210, -0.0346, -0.0115, 0.0000, 0.0000, 0.0000, 0.0000
1, 5.9800, 598, 0.3337, -0.6139, -0.7233, -1.8308, -0.7086, -0.8512, 0.0000, 0.0000, 0.0000, 0.0000, 0.0000, 0.0000, -0.1823, 0.2265, -0.3011, -0.9082, -0.0321, -0.0158, 0.0074, 0.0000, 0.0000, 0.0000, 0.0000
2, 5.9600, 596, -0.1474, -0.2212, -0.2356, -30.3445, -3.6151, 81.0976, 0.0000, 0.0000, 0.0000, 0.0000, 0.0000, 0.0000, -0.7640, 0.4678, 0.0649, 0.4396, -0.1604, -0.5534, -0.3169, 0.0000, 0.0000, 0.0000, 0.0000
3, 5.9900, 599, -0.1340, -0.9738, -0.0047, -3.5895, 3.0906, 14.2516, 0.0000, 0.0000, 0.0000, 0.0000, 0.0000, 0.0000, 0.6375, -0.6566, -0.2265, -0.3333, -0.0139, -0.0146, -0.0302, 0.0000, 0.0000, 0.0000, 0.0000
2, 5.9700, 597, -0.1730, -0.3208, -0.2667, -25.0423, -1.6781, 86.3291, 0.0000, 0.0000, 0.0000, 0.0000, 0.0000, 0.0000, -0.7617, 0.4666, 0.0603, 0.4454, -0.1464, -0.4465, -0.2894, 0.0000, 0.0000, 0.0000, 0.0000
1, 5.9900, 599, 0.3490, -0.6042, -0.7230, -1.8085, -0.9268, -1.0597, 0.0000, 0.0000, 0.0000, 0.0000, 0.0000, 0.0000, -0.1818, 0.2270, -0.3005, -0.9084, -0.0470, -0.0249, 0.0068, 0.0000, 0.0000, 0.0000, 0.0000
3, 6.0000, 600, -0.1479, -0.9884, 0.0051, -4.4542, 5.4176, 14.9791, 0.0000, 0.0000, 0.0000, 0.0000, 0.0000, 0.0000, 0.6373, -0.6565, -0.2258, -0.3346, -0.0026, 0.0004, -0.0408, 0.0000, 0.0000, 0.0000, 0.0000
1, 6.0000, 600, 0.3558, -0.6086, -0.7176, -1.8630, -1.2414, -0.7262, 0.0000, 0.0000, 0.0000, 0.0000, 0.0000, 0.0000, -0.1817, 0.2269, -0.3004, -0.9084, -0.0527, -0.0198, 0.0011, 0.0000, 0.0000, 0.0000, 0.0000
2, 5.9800, 598, -0.2081, -0.4049, -0.3160, -18.2783, 0.0492, 92.2924, 0.0000, 0.0000, 0.0000, 0.0000, 0.0000, 0.0000, -0.7588, 0.4659, 0.0559, 0.4516, -0.1233, -0.3553, -0.2428, 0.0000, 0.0000, 0.0000, 0.0000
3, 6.0100, 601, -0.1657, -1.0045, -0.0010, -5.4592, 7.3317, 15.5510, 0.0000, 0.0000, 0.0000, 0.0000, 0.0000, 0.0000, 0.6370, -0.6563, -0.2252, -0.3359, 0.0126, 0.0169, -0.0357, 0.0000, 0.0000, 0.0000, 0.0000
2, 5.9900, 599, -0.2594, -0.5171, -0.3661, -13.9384, -0.6434, 99.1439, 0.0000, 0.0000, 0.0000, 0.0000, 0.0000, 0.0000, -0.7555, 0.4655, 0.0513, 0.4582, -0.0848, -0.2360, -0.1946, 0.0000, 0.0000, 0.0000, 0.0000
1, 6.0100, 601, 0.3570, -0.6000, -0.7151, -1.7077, -1.8157, -0.1126, 0.0000, 0.0000, 0.0000, 0.0000, 0.0000, 0.0000, -0.1817, 0.2267, -0.3003, -0.9085, -0.0540, -0.0281, -0.0017, 0.0000, 0.0000, 0.0000, 0.0000
3, 6.0200, 602, -0.1853, -0.9984, -0.0250, -7.9009, 9.9468, 15.7911, 0.0000, 0.0000, 0.0000, 0.0000, 0.0000, 0.0000, 0.6367, -0.6559, -0.2246, -0.3376, 0.0296, 0.0113, -0.0132, 0.0000, 0.0000, 0.0000, 0.0000
2, 6.0000, 600, -0.3402, -0.6588, -0.4285, -15.4669, -2.8650, 107.9316, 0.0000, 0.0000, 0.0000, 0.0000, 0.0000, 0.0000, -0.7518, 0.4650, 0.0461, 0.4653, -0.0178, -0.0865, -0.1340, 0.0000, 0.0000, 0.0000, 0.0000
2, 6.0100, 601, -0.4553, -0.8124, -0.4799, -25.9071, -5.4806, 117.9563, 0.0000, 0.0000, 0.0000, 0.0000, 0.0000, 0.0000, -0.7480, 0.4640, 0.0399, 0.4729, 0.0821, 0.0765, -0.0851, 0.0000, 0.0000, 0.0000, 0.0000
3, 6.0300, 603, -0.1837, -0.9887, -0.0572, -8.3155, 13.5594, 16.3217, 0.0000, 0.0000, 0.0000, 0.0000, 0.0000, 0.0000, 0.6365, -0.6553, -0.2241, -0.3394, 0.0251, 0.0021, 0.0173, 0.0000, 0.0000, 0.0000, 0.0000
1, 6.0200, 602, 0.3310, -0.6025, -0.7113, -2.3581, -2.2373, 0.1363, 0.0000, 0.0000, 0.0000, 0.0000, 0.0000, 0.0000, -0.1817, 0.2265, -0.3001, -0.9086, -0.0284, -0.0253, -0.0058, 0.0000, 0.0000, 0.0000, 0.0000
3, 6.0400, 604, -0.1694, -0.9781, -0.0647, -8.7552, 17.7720, 16.4113, 0.0000, 0.0000, 0.0000, 0.0000, 0.0000, 0.0000, 0.6361, -0.6546, -0.2239, -0.3415, 0.0081, -0.0079, 0.0229, 0.0000, 0.0000, 0.0000, 0.0000
2, 6.0200, 602, -0.5472, -0.9012, -0.4941, -38.4610, -3.2073, 128.9069, 0.0000, 0.0000, 0.0000, 0.0000, 0.0000, 0.0000, -0.7442, 0.4621, 0.0328, 0.4813, 0.1576, 0.1770, -0.0749, 0.0000, 0.0000, 0.0000, 0.0000
1, 6.0300, 603, 0.3207, -0.6007, -0.7246, -3.1455, -2.1011, -0.2633, 0.0000, 0.0000, 0.0000, 0.0000, 0.0000, 0.0000, -0.1817, 0.2263, -0.2999, -0.9088, -0.0183, -0.0268, 0.0071, 0.0000, 0.0000, 0.0000, 0.0000
3, 6.0500, 605, -0.1768, -0.9704, -0.0437, -9.2423, 22.8218, 16.4074, 0.0000, 0.0000, 0.0000, 0.0000, 0.0000, 0.0000, 0.6357, -0.6538, -0.2240, -0.3439, 0.0129, -0.0151, -0.0003, 0.0000, 0.0000, 0.0000, 0.0000
2, 6.0300, 603, -0.5792, -0.9062, -0.4940, -47.1654, 0.2387, 138.8088, 0.0000, 0.0000, 0.0000, 0.0000, 0.0000, 0.0000, -0.7402, 0.4593, 0.0253, 0.4904, 0.1727, 0.1958, -0.0805, 0.0000, 0.0000, 0.0000, 0.0000
1, 6.0400, 604, 0.3366, -0.6014, -0.7363, -3.2166, -1.7219, -0.4571, 0.0000, 0.0000, 0.0000, 0.0000, 0.0000, 0.0000, -0.1811, 0.2263, -0.2993, -0.9091, -0.0341, -0.0254, 0.0183, 0.0000, 0.0000, 0.0000, 0.0000
3, 6.0600, 606, -0.1770, -0.9821, -0.0276, -9.9317, 27.9681, 16.9425, 0.0000, 0.0000, 0.0000, 0.0000, 0.0000, 0.0000, 0.6352, -0.6527, -0.2243, -0.3467, 0.0104, -0.0028, -0.0188, 0.0000, 0.0000, 0.0000, 0.0000
2, 6.0400, 604, -0.5907, -0.8681, -0.4826, -49.5700, 2.8107, 147.7810, 0.0000, 0.0000, 0.0000, 0.0000, 0.0000, 0.0000, -0.7358, 0.4564, 0.0174, 0.5001, 0.1665, 0.1731, -0.0980, 0.0000, 0.0000, 0.0000, 0.0000
1, 6.0500, 605, 0.3412, -0.6020, -0.7344, -2.6091, -1.3463, -0.0944, 0.0000, 0.0000, 0.0000, 0.0000, 0.0000, 0.0000, -0.1811, 0.2261, -0.2992, -0.9092, -0.0384, -0.0239, 0.0157, 0.0000, 0.0000, 0.0000, 0.0000
2, 6.0500, 605, -0.6165, -0.8480, -0.4976, -43.9332, 3.9543, 155.2214, 0.0000, 0.0000, 0.0000, 0.0000, 0.0000, 0.0000, -0.7307, 0.4536, 0.0096, 0.5102, 0.1744, 0.1693, -0.0888, 0.0000, 0.0000, 0.0000, 0.0000
3, 6.0700, 607, -0.1651, -0.9996, -0.0273, -9.7540, 31.0644, 17.7438, 0.0000, 0.0000, 0.0000, 0.0000, 0.0000, 0.0000, 0.6346, -0.6516, -0.2247, -0.3496, -0.0043, 0.0153, -0.0217, 0.0000, 0.0000, 0.0000, 0.0000
1, 6.0600, 606, 0.3483, -0.6009, -0.7312, -2.3145, -1.3495, 0.2364, 0.0000, 0.0000, 0.0000, 0.0000, 0.0000, 0.0000, -0.1812, 0.2260, -0.2990, -0.9092, -0.0456, -0.0248, 0.0123, 0.0000, 0.0000, 0.0000, 0.0000
2, 6.0600, 606, -0.6794, -0.8399, -0.5152, -33.4779, 8.0989, 163.2896, 0.0000, 0.0000, 0.0000, 0.0000, 0.0000, 0.0000, -0.7246, 0.4511, 0.0021, 0.5209, 0.2192, 0.1777, -0.0761, 0.0000, 0.0000, 0.0000, 0.0000
3, 6.0800, 608, -0.1642, -1.0047, -0.0283, -11.4441, 30.8587, 18.6211, 0.0000, 0.0000, 0.0000, 0.0000, 0.0000, 0.0000, 0.6341, -0.6504, -0.2250, -0.3526, -0.0080, 0.0210, -0.0234, 0.0000, 0.0000, 0.0000, 0.0000
1, 6.0700, 607, 0.3554, -0.6053, -0.7263, -1.9537, -1.6177, 1.0573, 0.0000, 0.0000, 0.0000, 0.0000, 0.0000, 0.0000, -0.1813, 0.2258, -0.2989, -0.9093, -0.0530, -0.0202, 0.0071, 0.0000, 0.0000, 0.0000, 0.0000
3, 6.0900, 609, -0.1557, -1.0109, -0.0324, -12.9706, 30.8121, 19.2543, 0.0000, 0.0000, 0.0000, 0.0000, 0.0000, 0.0000, 0.6336, -0.6491, -0.2252, -0.3557, -0.0195, 0.0279, -0.0224, 0.0000, 0.0000, 0.0000, 0.0000
2, 6.0700, 607, -0.7787, -0.8433, -0.5606, -20.3382, 18.5683, 170.3617, 0.0000, 0.0000, 0.0000, 0.0000, 0.0000, 0.0000, -0.7176, 0.4490, -0.0043, 0.5324, 0.3008, 0.1974, -0.0348, 0.0000, 0.0000, 0.0000, 0.0000
1, 6.0800, 608, 0.3400, -0.5993, -0.7294, -1.7614, -2.0676, 1.4431, 0.0000, 0.0000, 0.0000, 0.0000, 0.0000, 0.0000, -0.1814, 0.2256, -0.2988, -0.9094, -0.0380, -0.0260, 0.0098, 0.0000, 0.0000, 0.0000, 0.0000
1, 6.0900, 609, 0.3385, -0.6040, -0.7284, -1.4811, -2.1703, 1.5998, 0.0000, 0.0000, 0.0000, 0.0000, 0.0000, 0.0000, -0.1811, 0.2255, -0.2985, -0.9095, -0.0368, -0.0211, 0.0086, 0.0000, 0.0000, 0.0000, 0.0000
2, 6.0800, 608, -0.8285, -0.8987, -0.6354, -6.8452, 30.9398, 174.5703, 0.0000, 0.0000, 0.0000, 0.0000, 0.0000, 0.0000, -0.7097, 0.4470, -0.0096, 0.5445, 0.3340, 0.2687, 0.0364, 0.0000, 0.0000, 0.0000, 0.0000
1, 6.1000, 610, 0.3326, -0.6054, -0.7326, -1.4486, -2.1390, 1.7742, 0.0000, 0.0000, 0.0000, 0.0000, 0.0000, 0.0000, -0.1812, 0.2252, -0.2985, -0.9096, -0.0309, -0.0192, 0.0123, 0.0000, 0.0000, 0.0000, 0.0000
3, 6.1000, 610, -0.1498, -1.0073, -0.0460, -15.1126, 31.3107, 19.9482, 0.0000, 0.0000, 0.0000, 0.0000, 0.0000, 0.0000, 0.6333, -0.6477, -0.2253, -0.3588, -0.0284, 0.0250, -0.0122, 0.0000, 0.0000, 0.0000, 0.0000
2, 6.0900, 609, -0.8585, -1.0111, -0.6719, 2.6742, 43.0978, 177.9054, 0.0000, 0.0000, 0.0000, 0.0000, 0.0000, 0.0000, -0.7011, 0.4449, -0.0137, 0.5571, 0.3489, 0.3967, 0.0695, 0.0000, 0.0000, 0.0000, 0.0000
2, 6.1000, 610, -0.9176, -1.0652, -0.6694, 9.8099, 58.3336, 174.1996, 0.0000, 0.0000, 0.0000, 0.0000, 0.0000, 0.0000, -0.6922, 0.4424, -0.0164, 0.5699, 0.3948, 0.4660, 0.0631, 0.0000, 0.0000, 0.0000, 0.0000
2, 6.1100, 611, -0.9076, -1.1363, -0.6712, 15.8604, 70.4566, 160.9789, 0.0000, 0.0000, 0.0000, 0.0000, 0.0000, 0.0000, -0.6836, 0.4396, -0.0176, 0.5823, 0.3747, 0.5509, 0.0602, 0.0000, 0.0000, 0.0000, 0.0000
1, 6.1100, 611, 0.3504, -0.6043, -0.7246, -1.3021, -2.6835, 1.7066, 0.0000, 0.0000, 0.0000, 0.0000, 0.0000, 0.0000, -0.1813, 0.2250, -0.2984, -0.9096, -0.0492, -0.0202, 0.0041, 0.0000, 0.0000, 0.0000, 0.0000
1, 6.1200, 612, 0.3550, -0.6095, -0.7264, -1.3315, -3.9224, 2.0972, 0.0000, 0.0000, 0.0000, 0.0000, 0.0000, 0.0000, -0.1814, 0.2246, -0.2984, -0.9097, -0.0544, -0.0149, 0.0056, 0.0000, 0.0000, 0.0000, 0.0000
3, 6.1100, 611, -0.1476, -1.0089, -0.0645, -14.6535, 32.7423, 20.3092, 0.0000, 0.0000, 0.0000, 0.0000, 0.0000, 0.0000, 0.6328, -0.6462, -0.2255, -0.3621, -0.0338, 0.0274, 0.0027, 0.0000, 0.0000, 0.0000, 0.0000
2, 6.1200, 612, -1.5521, -1.9713, -0.6029, 21.4057, 76.6218, 144.9589, 0.0000, 0.0000, 0.0000, 0.0000, 0.0000, 0.0000, -0.6755, 0.4367, -0.0175, 0.5939, 1.0119, 1.3980, -0.0132, 0.0000, 0.0000, 0.0000, 0.0000
1, 6.1300, 613, 0.3604, -0.6091, -0.7314, -1.1698, -5.0761, 2.6089, 0.0000, 0.0000, 0.0000, 0.0000, 0.0000, 0.0000, -0.1815, 0.2241, -0.2985, -0.9098, -0.0607, -0.0154, 0.0101, 0.0000, 0.0000, 0.0000, 0.0000
3, 6.1200, 612, -0.1379, -1.0225, -0.0679, -14.7771, 34.2165, 19.6867, 0.0000, 0.0000, 0.0000, 0.0000, 0.0000, 0.0000, 0.6324, -0.6447, -0.2259, -0.3653, -0.0465, 0.0419, 0.0025, 0.0000, 0.0000, 0.0000, 0.0000
2, 6.1300, 613, -1.8795, -2.4510, -0.4892, -10.4763, 207.5404, 35.3852, 0.0000, 0.0000, 0.0000, 0.0000, 0.0000, 0.0000, -0.6742, 0.4252, -0.0072, 0.6038, 1.3466, 1.8849, -0.1396, 0.0000, 0.0000, 0.0000, 0.0000
2, 6.1400, 614, 0.8783, -1.7775, -1.6583, -73.9819, 198.3437, 67.2678, 0.0000, 0.0000, 0.0000, 0.0000, 0.0000, 0.0000, -0.6735, 0.4102, -0.0018, 0.6150, -1.3875, 1.2208, 1.0020, 0.0000, 0.0000, 0.0000, 0.0000
1, 6.1400, 614, 0.3576, -0.6039, -0.7354, -0.5885, -6.1597, 3.2585, 0.0000, 0.0000, 0.0000, 0.0000, 0.0000, 0.0000, -0.1814, 0.2236, -0.2984, -0.9100, -0.0588, -0.0205, 0.0137, 0.0000, 0.0000, 0.0000, 0.0000
1, 6.1500, 615, 0.3208, -0.6051, -0.7648, 0.2559, -5.5178, 4.1430, 0.0000, 0.0000, 0.0000, 0.0000, 0.0000, 0.0000, -0.1815, 0.2231, -0.2986, -0.9100, -0.0228, -0.0193, 0.0427, 0.0000, 0.0000, 0.0000, 0.0000
3, 6.1300, 613, -0.1189, -1.0149, -0.0350, -15.9681, 36.8016, 18.9075, 0.0000, 0.0000, 0.0000, 0.0000, 0.0000, 0.0000, 0.6319, -0.6430, -0.2263, -0.3688, -0.0683, 0.0350, -0.0341, 0.0000, 0.0000, 0.0000, 0.0000
3, 6.1400, 614, -0.1415, -1.0156, 0.0118, -13.9589, 39.8431, 18.7297, 0.0000, 0.0000, 0.0000, 0.0000, 0.0000, 0.0000, 0.6313, -0.6413, -0.2270, -0.3723, -0.0483, 0.0365, -0.0848, 0.0000, 0.0000, 0.0000, 0.0000
3, 6.1500, 615, -0.1823, -1.0183, 0.0322, -12.2062, 43.4302, 19.2969, 0.0000, 0.0000, 0.0000, 0.0000, 0.0000, 0.0000, 0.6305, -0.6396, -0.2280, -0.3760, -0.0103, 0.0400, -0.1087, 0.0000, 0.0000, 0.0000, 0.0000
3, 6.1600, 616, -0.1691, -0.9987, 0.0222, -17.1144, 46.1736, 21.6279, 0.0000, 0.0000, 0.0000, 0.0000, 0.0000, 0.0000, 0.6298, -0.6376, -0.2287, -0.3801, -0.0264, 0.0213, -0.1028, 0.0000, 0.0000, 0.0000, 0.0000
2, 6.1500, 615, -0.8537, -0.3966, -1.7277, -67.7387, 94.5200, 22.2615, 0.0000, 0.0000, 0.0000, 0.0000, 0.0000, 0.0000, -0.6747, 0.4011, -0.0007, 0.6196, 0.3521, -0.1481, 1.0557, 0.0000, 0.0000, 0.0000, 0.0000
1, 6.1600, 616, 0.3210, -0.6106, -0.7994, 3.4816, -3.2736, 4.7665, 0.0000, 0.0000, 0.0000, 0.0000, 0.0000, 0.0000, -0.1818, 0.2227, -0.2990, -0.9099, -0.0240, -0.0142, 0.0774, 0.0000, 0.0000, 0.0000, 0.0000
3, 6.1700, 617, -0.1044, -0.9807, 0.1321, -24.7618, 47.9911, 23.0679, 0.0000, 0.0000, 0.0000, 0.0000, 0.0000, 0.0000, 0.6294, -0.6353, -0.2293, -0.3844, -0.0942, 0.0044, -0.2178, 0.0000, 0.0000, 0.0000, 0.0000
2, 6.1600, 616, -1.2764, 0.1215, -1.2877, -43.6895, 48.3585, 1.7007, 0.0000, 0.0000, 0.0000, 0.0000, 0.0000, 0.0000, -0.6761, 0.3959, -0.0003, 0.6214, 0.7824, -0.6577, 0.6033, 0.0000, 0.0000, 0.0000, 0.0000
1, 6.1700, 617, 0.3786, -0.6333, -0.8298, 9.2821, -1.1739, 6.2900, 0.0000, 0.0000, 0.0000, 0.0000, 0.0000, 0.0000, -0.1820, 0.2226, -0.2999, -0.9096, -0.0825, 0.0073, 0.1084, 0.0000, 0.0000, 0.0000, 0.0000
2, 6.1700, 617, -0.7841, -0.3640, -1.0040, 2.1185, 11.3574, -5.8153, 0.0000, 0.0000, 0.0000, 0.0000, 0.0000, 0.0000, -0.6763, 0.3954, 0.0007, 0.6215, 0.2930, -0.1711, 0.3166, 0.0000, 0.0000, 0.0000, 0.0000
1, 6.1800, 618, 0.4466, -0.6472, -0.8520, 21.3961, 1.4243, 10.1816, 0.0000, 0.0000, 0.0000, 0.0000, 0.0000, 0.0000, -0.1825, 0.2228, -0.3018, -0.9088, -0.1514, 0.0187, 0.1324, 0.0000, 0.0000, 0.0000, 0.0000
2, 6.1800, 618, 0.3019, -0.6195, -1.3068, 15.6732, -18.1635, -7.7983, 0.0000, 0.0000, 0.0000, 0.0000, 0.0000, 0.0000, -0.6762, 0.3973, 0.0007, 0.6204, -0.7931, 0.0823, 0.6212, 0.0000, 0.0000, 0.0000, 0.0000
3, 6.1800, 618, -0.1664, -0.9802, 0.3600, -34.9481, 50.4795, 23.6776, 0.0000, 0.0000, 0.0000, 0.0000, 0.0000, 0.0000, 0.6295, -0.6321, -0.2296, -0.3892, -0.0353, 0.0051, -0.4524, 0.0000, 0.0000, 0.0000, 0.0000
1, 6.1900, 619, 0.3672, -0.6403, -0.8723, 35.1197, 3.2304, 15.2416, 0.0000, 0.0000, 0.0000, 0.0000, 0.0000, 0.0000, -0.1830, 0.2232, -0.3048, -0.9077, -0.0731, 0.0074, 0.1562, 0.0000, 0.0000, 0.0000, 0.0000
2, 6.1900, 619, -0.3376, -0.6702, -0.6298, 23.1131, -29.2744, 4.6448, 0.0000, 0.0000, 0.0000, 0.0000, 0.0000, 0.0000, -0.6752, 0.4004, 0.0002, 0.6195, -0.1567, 0.1303, -0.0515, 0.0000, 0.0000, 0.0000, 0.0000
3, 6.1900, 619, -0.3573, -1.0113, 0.4303, -34.3832, 45.6152, 21.1658, 0.0000, 0.0000, 0.0000, 0.0000, 0.0000, 0.0000, 0.6297, -0.6291, -0.2298, -0.3935, 0.1526, 0.0376, -0.5305, 0.0000, 0.0000, 0.0000, 0.0000
3, 6.2000, 620, -0.5750, -1.0711, 0.2186, -11.2344, 34.4926, 10.2144, 0.0000, 0.0000, 0.0000, 0.0000, 0.0000, 0.0000, 0.6293, -0.6275, -0.2307, -0.3962, 0.3684, 0.0983, -0.3239, 0.0000, 0.0000, 0.0000, 0.0000
2, 6.2000, 620, -0.5052, -0.5102, -0.4737, 15.0325, -29.9520, 16.4475, 0.0000, 0.0000, 0.0000, 0.0000, 0.0000, 0.0000, -0.6737, 0.4029, -0.0014, 0.6194, 0.0060, -0.0311, -0.2029, 0.0000, 0.0000, 0.0000, 0.0000
1, 6.2000, 620, 0.3896, -0.6328, -0.9154, 48.7549, 3.5437, 18.6854, 0.0000, 0.0000, 0.0000, 0.0000, 0.0000, 0.0000, -0.1836, 0.2238, -0.3089, -0.9060, -0.0970, -0.0064, 0.2041, 0.0000, 0.0000, 0.0000, 0.0000
1, 6.2100, 621, 0.4089, -0.5987, -0.8733, 59.0980, -2.6093, 21.3700, 0.0000, 0.0000, 0.0000, 0.0000, 0.0000, 0.0000, -0.1840, 0.2239, -0.3141, -0.9041, -0.1185, -0.0484, 0.1683, 0.0000, 0.0000, 0.0000, 0.0000
2, 6.2100, 621, -0.7342, -0.5309, -0.3484, 0.4257, -16.4220, 15.4597, 0.0000, 0.0000, 0.0000, 0.0000, 0.0000, 0.0000, -0.6729, 0.4039, -0.0029, 0.6198, 0.2308, -0.0096, -0.3258, 0.0000, 0.0000, 0.0000, 0.0000
3, 6.2100, 621, -0.6258, -1.0503, 0.0473, 13.7823, 35.5726, -8.8910, 0.0000, 0.0000, 0.0000, 0.0000, 0.0000, 0.0000, 0.6281, -0.6268, -0.2337, -0.3974, 0.4201, 0.0774, -0.1529, 0.0000, 0.0000, 0.0000, 0.0000
2, 6.2200, 622, -0.7162, -0.6833, -0.4051, -10.9398, -3.7798, 11.5675, 0.0000, 0.0000, 0.0000, 0.0000, 0.0000, 0.0000, -0.6727, 0.4034, -0.0041, 0.6203, 0.2107, 0.1447, -0.2690, 0.0000, 0.0000, 0.0000, 0.0000
1, 6.2200, 622, 0.4036, -0.6002, -0.8728, 62.7613, -3.3941, 24.1729, 0.0000, 0.0000, 0.0000, 0.0000, 0.0000, 0.0000, -0.1846, 0.2240, -0.3195, -0.9020, -0.1163, -0.0557, 0.1747, 0.0000, 0.0000, 0.0000, 0.0000
3, 6.2200, 622, -0.5456, -0.8832, 0.0514, 19.9479, 51.3708, -22.2018, 0.0000, 0.0000, 0.0000, 0.0000, 0.0000, 0.0000, 0.6266, -0.6259, -0.2382, -0.3987, 0.3436, -0.0906, -0.1553, 0.0000, 0.0000, 0.0000, 0.0000
1, 6.2300, 623, 0.3972, -0.6360, -0.8331, 60.1592, -3.3231, 25.3691, 0.0000, 0.0000, 0.0000, 0.0000, 0.0000, 0.0000, -0.1854, 0.2240, -0.3248, -0.9000, -0.1133, -0.0285, 0.1419, 0.0000, 0.0000, 0.0000, 0.0000
2, 6.2300, 623, -0.4843, -0.6253, -0.6224, -14.5977, 4.7936, 10.1057, 0.0000, 0.0000, 0.0000, 0.0000, 0.0000, 0.0000, -0.6726, 0.4023, -0.0049, 0.6211, -0.0219, 0.0893, -0.0532, 0.0000, 0.0000, 0.0000, 0.0000
3, 6.2300, 623, -0.3756, -0.7726, 0.0267, 21.8161, 67.5427, -24.9858, 0.0000, 0.0000, 0.0000, 0.0000, 0.0000, 0.0000, 0.6248, -0.6242, -0.2440, -0.4006, 0.1785, -0.2025, -0.1289, 0.0000, 0.0000, 0.0000, 0.0000
2, 6.2400, 624, -0.5898, -0.5648, -0.6208, -12.6415, 6.9667, 10.2823, 0.0000, 0.0000, 0.0000, 0.0000, 0.0000, 0.0000, -0.6725, 0.4013, -0.0056, 0.6219, 0.0833, 0.0313, -0.0566, 0.0000, 0.0000, 0.0000, 0.0000
1, 6.2400, 624, 0.3419, -0.6615, -0.8134, 55.7565, 14.4732, 32.4715, 0.0000, 0.0000, 0.0000, 0.0000, 0.0000, 0.0000, -0.1870, 0.2250, -0.3295, -0.8977, -0.0606, -0.0113, 0.1291, 0.0000, 0.0000, 0.0000, 0.0000
3, 6.2400, 624, -0.2028, -0.7052, 0.0065, 22.4573, 77.8142, -20.3172, 0.0000, 0.0000, 0.0000, 0.0000, 0.0000, 0.0000, 0.6226, -0.6222, -0.2502, -0.4032, 0.0108, -0.2710, -0.1075, 0.0000, 0.0000, 0.0000, 0.0000
3, 6.2500, 625, -0.1232, -0.6702, -0.0178, 26.4083, 83.0259, -9.4193, 0.0000, 0.0000, 0.0000, 0.0000, 0.0000, 0.0000, 0.6197, -0.6205, -0.2561, -0.4066, -0.0650, -0.3069, -0.0817, 0.0000, 0.0000, 0.0000, 0.0000
3, 6.2600, 626, -0.2169, -0.7417, -0.1124, 34.3254, 80.8594, 5.7208, 0.0000, 0.0000, 0.0000, 0.0000, 0.0000, 0.0000, 0.6158, -0.6196, -0.2614, -0.4105, 0.0302, -0.2360, 0.0155, 0.0000, 0.0000, 0.0000, 0.0000
1, 6.2500, 625, 0.2965, -0.2918, -1.2972, 53.8458, 47.1217, 45.9864, 0.0000, 0.0000, 0.0000, 0.0000, 0.0000, 0.0000, -0.1909, 0.2283, -0.3339, -0.8944, -0.0154, -0.3894, 0.6211, 0.0000, 0.0000, 0.0000, 0.0000
1, 6.2600, 626, 0.4687, -1.3557, -1.3454, 34.9290, 74.8747, 56.0050, 0.0000, 0.0000, 0.0000, 0.0000, 0.0000, 0.0000, -0.1968, 0.2331, -0.3364, -0.8909, -0.1868, 0.6669, 0.6776, 0.0000, 0.0000, 0.0000, 0.0000
2, 6.2500, 625, -0.5692, -0.5597, -0.6934, -10.3901, 6.1321, 8.5815, 0.0000, 0.0000, 0.0000, 0.0000, 0.0000, 0.0000, -0.6724, 0.4003, -0.0061, 0.6226, 0.0625, 0.0283, 0.0146, 0.0000, 0.0000, 0.0000, 0.0000
3, 6.2700, 627, -0.3246, -0.9071, -0.1682, 40.5361, 73.4518, 21.2835, 0.0000, 0.0000, 0.0000, 0.0000, 0.0000, 0.0000, 0.6111, -0.6196, -0.2656, -0.4148, 0.1365, -0.0706, 0.0754, 0.0000, 0.0000, 0.0000, 0.0000
1, 6.2700, 627, 0.9426, -2.1556, -1.3633, -7.9856, 95.0423, 90.1398, 0.0000, 0.0000, 0.0000, 0.0000, 0.0000, 0.0000, -0.2067, 0.2376, -0.3360, -0.8876, -0.6593, 1.4618, 0.7013, 0.0000, 0.0000, 0.0000, 0.0000
3, 6.2800, 628, -0.3811, -1.0980, -0.1594, 41.5312, 66.9068, 34.8558, 0.0000, 0.0000, 0.0000, 0.0000, 0.0000, 0.0000, 0.6061, -0.6202, -0.2687, -0.4193, 0.1888, 0.1206, 0.0713, 0.0000, 0.0000, 0.0000, 0.0000
1, 6.2800, 628, 0.6209, -1.6331, -1.2266, -71.3455, 90.7804, 129.2019, 0.0000, 0.0000, 0.0000, 0.0000, 0.0000, 0.0000, -0.2209, 0.2396, -0.3315, -0.8854, -0.3409, 0.9392, 0.5632, 0.0000, 0.0000, 0.0000, 0.0000
3, 6.2900, 629, -0.3822, -1.2908, -0.1132, 39.1920, 59.9593, 43.1792, 0.0000, 0.0000, 0.0000, 0.0000, 0.0000, 0.0000, 0.6009, -0.6211, -0.2710, -0.4239, 0.1839, 0.3142, 0.0298, 0.0000, 0.0000, 0.0000, 0.0000
2, 6.2600, 626, -0.5272, -0.5698, -0.7318, -4.9884, 2.9151, 6.9890, 0.0000, 0.0000, 0.0000, 0.0000, 0.0000, 0.0000, -0.6722, 0.3999, -0.0065, 0.6231, 0.0203, 0.0398, 0.0520, 0.0000, 0.0000, 0.0000, 0.0000
1, 6.2900, 629, 0.3295, -0.9760, -1.0272, -111.0912, 104.1524, 166.3115, 0.0000, 0.0000, 0.0000, 0.0000, 0.0000, 0.0000, -0.2390, 0.2406, -0.3243, -0.8831, -0.0566, 0.2862, 0.3566, 0.0000, 0.0000, 0.0000, 0.0000
3, 6.3000, 630, -0.3541, -1.4419, -0.0823, 30.7046, 57.7944, 44.1675, 0.0000, 0.0000, 0.0000, 0.0000, 0.0000, 0.0000, 0.5963, -0.6216, -0.2728, -0.4286, 0.1490, 0.4664, 0.0028, 0.0000, 0.0000, 0.0000, 0.0000
2, 6.2700, 627, -0.4973, -0.5735, -0.7504, 0.5522, -2.4481, 7.0735, 0.0000, 0.0000, 0.0000, 0.0000, 0.0000, 0.0000, -0.6718, 0.4001, -0.0068, 0.6234, -0.0103, 0.0444, 0.0704, 0.0000, 0.0000, 0.0000, 0.0000
1, 6.3000, 630, 0.2578, -0.8468, -0.7594, -117.7285, 129.9228, 201.2527, 0.0000, 0.0000, 0.0000, 0.0000, 0.0000, 0.0000, -0.2606, 0.2424, -0.3167, -0.8792, 0.0068, 0.1621, 0.0803, 0.0000, 0.0000, 0.0000, 0.0000
2, 6.2800, 628, -0.5442, -0.5557, -0.7243, 5.9606, -7.4481, 7.6596, 0.0000, 0.0000, 0.0000, 0.0000, 0.0000, 0.0000, -0.6711, 0.4008, -0.0072, 0.6236, 0.0353, 0.0267, 0.0452, 0.0000, 0.0000, 0.0000, 0.0000
3, 6.3100, 631, -0.2967, -1.4798, -0.1108, 14.8043, 58.9956, 37.1556, 0.0000, 0.0000, 0.0000, 0.0000, 0.0000, 0.0000, 0.5927, -0.6210, -0.2744, -0.4334, 0.0855, 0.5055, 0.0329, 0.0000, 0.0000, 0.0000, 0.0000
1, 6.3100, 631, 0.5347, -0.9591, -0.6347, -111.5429, 138.5541, 225.0248, 0.0000, 0.0000, 0.0000, 0.0000, 0.0000, 0.0000, -0.2839, 0.2442, -0.3096, -0.8740, -0.2797, 0.2780, -0.0517, 0.0000, 0.0000, 0.0000, 0.0000
3, 6.3200, 632, -0.2505, -1.3309, -0.1441, -4.9473, 62.8880, 27.1920, 0.0000, 0.0000, 0.0000, 0.0000, 0.0000, 0.0000, 0.5904, -0.6190, -0.2760, -0.4383, 0.0349, 0.3577, 0.0642, 0.0000, 0.0000, 0.0000, 0.0000
2, 6.2900, 629, -0.5413, -0.5695, -0.6904, 9.9227, -12.7679, 5.9612, 0.0000, 0.0000, 0.0000, 0.0000, 0.0000, 0.0000, -0.6704, 0.4022, -0.0076, 0.6235, 0.0305, 0.0401, 0.0130, 0.0000, 0.0000, 0.0000, 0.0000
1, 6.3200, 632, 0.6668, -0.9182, -0.6282, -99.9456, 123.1937, 224.1719, 0.0000, 0.0000, 0.0000, 0.0000, 0.0000, 0.0000, -0.3064, 0.2450, -0.3036, -0.8683, -0.4230, 0.2399, -0.0650, 0.0000, 0.0000, 0.0000, 0.0000
2, 6.3000, 630, -0.5523, -0.5585, -0.6213, 12.2585, -14.9020, 4.5234, 0.0000, 0.0000, 0.0000, 0.0000, 0.0000, 0.0000, -0.6698, 0.4037, -0.0080, 0.6232, 0.0393, 0.0281, -0.0536, 0.0000, 0.0000, 0.0000, 0.0000
1, 6.3300, 633, 0.6286, -0.7405, -0.6013, -76.6532, 101.2369, 197.3614, 0.0000, 0.0000, 0.0000, 0.0000, 0.0000, 0.0000, -0.3256, 0.2453, -0.2993, -0.8627, -0.3963, 0.0640, -0.0976, 0.0000, 0.0000, 0.0000, 0.0000
3, 6.3300, 633, -0.2846, -1.1527, -0.1579, -13.8614, 69.7133, 19.2947, 0.0000, 0.0000, 0.0000, 0.0000, 0.0000, 0.0000, 0.5887, -0.6161, -0.2780, -0.4434, 0.0663, 0.1805, 0.0734, 0.0000, 0.0000, 0.0000, 0.0000
2, 6.3100, 631, -0.5635, -0.5474, -0.6060, 11.0511, -13.0373, 2.9305, 0.0000, 0.0000, 0.0000, 0.0000, 0.0000, 0.0000, -0.6692, 0.4050, -0.0082, 0.6229, 0.0485, 0.0159, -0.0665, 0.0000, 0.0000, 0.0000, 0.0000
3, 6.3400, 634, -0.3117, -1.0531, -0.1608, -17.9324, 75.6354, 16.7033, 0.0000, 0.0000, 0.0000, 0.0000, 0.0000, 0.0000, 0.5872, -0.6126, -0.2803, -0.4488, 0.0916, 0.0818, 0.0708, 0.0000, 0.0000, 0.0000, 0.0000
1, 6.3400, 634, 0.5185, -0.6034, -0.5744, -42.2952, 83.4666, 155.6650, 0.0000, 0.0000, 0.0000, 0.0000, 0.0000, 0.0000, -0.3404, 0.2464, -0.2970, -0.8575, -0.2955, -0.0731, -0.1275, 0.0000, 0.0000, 0.0000, 0.0000
2, 6.3200, 632, -0.5186, -0.5621, -0.6283, 9.5434, -10.3592, 2.2525, 0.0000, 0.0000, 0.0000, 0.0000, 0.0000, 0.0000, -0.6687, 0.4062, -0.0084, 0.6227, 0.0021, 0.0297, -0.0423, 0.0000, 0.0000, 0.0000, 0.0000
2, 6.3300, 633, -0.5388, -0.5423, -0.6277, 9.0388, -8.4060, 2.3593, 0.0000, 0.0000, 0.0000, 0.0000, 0.0000, 0.0000, -0.6683, 0.4071, -0.0085, 0.6226, 0.0210, 0.0091, -0.0412, 0.0000, 0.0000, 0.0000, 0.0000
1, 6.3500, 635, 0.4654, -0.5633, -0.5892, -5.3621, 69.2599, 115.0244, 0.0000, 0.0000, 0.0000, 0.0000, 0.0000, 0.0000, -0.3509, 0.2484, -0.2970, -0.8526, -0.2484, -0.1159, -0.1120, 0.0000, 0.0000, 0.0000, 0.0000
2, 6.3400, 634, -0.5464, -0.5390, -0.6228, 7.8128, -7.1465, 2.0035, 0.0000, 0.0000, 0.0000, 0.0000, 0.0000, 0.0000, -0.6678, 0.4082, -0.0086, 0.6224, 0.0275, 0.0049, -0.0445, 0.0000, 0.0000, 0.0000, 0.0000
1, 6.3600, 636, 0.3596, -0.5883, -0.6439, 21.6329, 55.6852, 84.5961, 0.0000, 0.0000, 0.0000, 0.0000, 0.0000, 0.0000, -0.3581, 0.2510, -0.2987, -0.8482, -0.1465, -0.0960, -0.0535, 0.0000, 0.0000, 0.0000, 0.0000
3, 6.3500, 635, -0.2885, -0.9758, -0.1782, -21.7405, 73.1421, 20.2849, 0.0000, 0.0000, 0.0000, 0.0000, 0.0000, 0.0000, 0.5858, -0.6091, -0.2821, -0.4542, 0.0665, 0.0056, 0.0818, 0.0000, 0.0000, 0.0000, 0.0000
2, 6.3500, 635, -0.5391, -0.5455, -0.6141, 6.3124, -5.0801, 1.2553, 0.0000, 0.0000, 0.0000, 0.0000, 0.0000, 0.0000, -0.6675, 0.4088, -0.0086, 0.6223, 0.0191, 0.0106, -0.0518, 0.0000, 0.0000, 0.0000, 0.0000
1, 6.3700, 637, 0.2011, -0.5818, -0.6769, 35.1170, 43.1622, 65.6128, 0.0000, 0.0000, 0.0000, 0.0000, 0.0000, 0.0000, -0.3633, 0.2536, -0.3014, -0.8443, 0.0091, -0.1088, -0.0151, 0.0000, 0.0000, 0.0000, 0.0000
3, 6.3600, 636, -0.2487, -0.9366, -0.2085, -20.5635, 68.0202, 26.4959, 0.0000, 0.0000, 0.0000, 0.0000, 0.0000, 0.0000, 0.5841, -0.6060, -0.2833, -0.4597, 0.0238, -0.0324, 0.1058, 0.0000, 0.0000, 0.0000, 0.0000
1, 6.3800, 638, 0.0830, -0.5291, -0.6782, 38.5550, 36.1269, 57.7606, 0.0000, 0.0000, 0.0000, 0.0000, 0.0000, 0.0000, -0.3677, 0.2560, -0.3043, -0.8406, 0.1246, -0.1683, -0.0078, 0.0000, 0.0000, 0.0000, 0.0000
3, 6.3700, 637, -0.2158, -0.9007, -0.2178, -20.7895, 61.0020, 31.7293, 0.0000, 0.0000, 0.0000, 0.0000, 0.0000, 0.0000, 0.5825, -0.6032, -0.2839, -0.4651, -0.0130, -0.0667, 0.1090, 0.0000, 0.0000, 0.0000, 0.0000
2, 6.3600, 636, -0.5413, -0.5417, -0.6049, 4.1467, -2.5572, 0.4492, 0.0000, 0.0000, 0.0000, 0.0000, 0.0000, 0.0000, -0.6673, 0.4092, -0.0085, 0.6222, 0.0208, 0.0063, -0.0602, 0.0000, 0.0000, 0.0000, 0.0000
1, 6.3900, 639, -0.0417, -0.4715, -0.6455, 36.7952, 33.9678, 57.9523, 0.0000, 0.0000, 0.0000, 0.0000, 0.0000, 0.0000, -0.3719, 0.2579, -0.3073, -0.8371, 0.2464, -0.2324, -0.0347, 0.0000, 0.0000, 0.0000, 0.0000
2, 6.3700, 637, -0.5404, -0.5379, -0.6092, 1.6546, 0.4596, -0.4550, 0.0000, 0.0000, 0.0000, 0.0000, 0.0000, 0.0000, -0.6673, 0.4093, -0.0084, 0.6222, 0.0198, 0.0022, -0.0556, 0.0000, 0.0000, 0.0000, 0.0000
3, 6.3800, 638, -0.1905, -0.8842, -0.2070, -16.5105, 53.3756, 35.1027, 0.0000, 0.0000, 0.0000, 0.0000, 0.0000, 0.0000, 0.5806, -0.6010, -0.2841, -0.4701, -0.0428, -0.0814, 0.0926, 0.0000, 0.0000, 0.0000, 0.0000
3, 6.3900, 639, -0.1562, -0.8643, -0.1888, -14.7638, 44.2994, 36.6473, 0.0000, 0.0000, 0.0000, 0.0000, 0.0000, 0.0000, 0.5787, -0.5994, -0.2838, -0.4746, -0.0823, -0.0996, 0.0700, 0.0000, 0.0000, 0.0000, 0.0000
3, 6.4000, 640, -0.1529, -0.8404, -0.1842, -13.5353, 37.5445, 37.1584, 0.0000, 0.0000, 0.0000, 0.0000, 0.0000, 0.0000, 0.5770, -0.5981, -0.2832, -0.4788, -0.0910, -0.1216, 0.0613, 0.0000, 0.0000, 0.0000, 0.0000
2, 6.3800, 638, -0.5264, -0.5516, -0.6189, -0.9805, 3.3152, -1.0330, 0.0000, 0.0000, 0.0000, 0.0000, 0.0000, 0.0000, -0.6674, 0.4090, -0.0082, 0.6223, 0.0062, 0.0158, -0.0462, 0.0000, 0.0000, 0.0000, 0.0000
2, 6.3900, 639, -0.5122, -0.5441, -0.6242, -2.9631, 4.9345, -0.9266, 0.0000, 0.0000, 0.0000, 0.0000, 0.0000, 0.0000, -0.6675, 0.4088, -0.0080, 0.6223, -0.0075, 0.0084, -0.0414, 0.0000, 0.0000, 0.0000, 0.0000
3, 6.4100, 641, -0.1837, -0.8575, -0.1793, -9.0162, 33.3631, 36.6154, 0.0000, 0.0000, 0.0000, 0.0000, 0.0000, 0.0000, 0.5751, -0.5971, -0.2826, -0.4826, -0.0657, -0.1027, 0.0531, 0.0000, 0.0000, 0.0000, 0.0000
3, 6.4200, 642, -0.2105, -0.8915, -0.1893, -4.9064, 32.1999, 33.9871, 0.0000, 0.0000, 0.0000, 0.0000, 0.0000, 0.0000, 0.5732, -0.5963, -0.2822, -0.4861, -0.0440, -0.0669, 0.0606, 0.0000, 0.0000, 0.0000, 0.0000
3, 6.4300, 643, -0.2333, -0.8947, -0.1991, -2.0189, 33.7330, 29.3036, 0.0000, 0.0000, 0.0000, 0.0000, 0.0000, 0.0000, 0.5712, -0.5954, -0.2823, -0.4894, -0.0256, -0.0623, 0.0682, 0.0000, 0.0000, 0.0000, 0.0000
2, 6.4000, 640, -0.5302, -0.5495, -0.6270, -3.7649, 6.3945, -0.9531, 0.0000, 0.0000, 0.0000, 0.0000, 0.0000, 0.0000, -0.6677, 0.4082, -0.0078, 0.6224, 0.0113, 0.0139, -0.0393, 0.0000, 0.0000, 0.0000, 0.0000
3, 6.4400, 644, -0.2493, -0.8678, -0.2026, -1.0825, 35.2771, 24.3059, 0.0000, 0.0000, 0.0000, 0.0000, 0.0000, 0.0000, 0.5693, -0.5945, -0.2827, -0.4925, -0.0132, -0.0879, 0.0700, 0.0000, 0.0000, 0.0000, 0.0000
2, 6.4100, 641, -0.5068, -0.5688, -0.6277, -4.3145, 7.2796, -0.2911, 0.0000, 0.0000, 0.0000, 0.0000, 0.0000, 0.0000, -0.6679, 0.4076, -0.0076, 0.6227, -0.0113, 0.0337, -0.0395, 0.0000, 0.0000, 0.0000, 0.0000
1, 6.4000, 640, -0.0757, -0.4367, -0.6084, 32.7240, 32.3578, 62.2880, 0.0000, 0.0000, 0.0000, 0.0000, 0.0000, 0.0000, -0.3766, 0.2597, -0.3100, -0.8334, 0.2766, -0.2734, -0.0665, 0.0000, 0.0000, 0.0000, 0.0000
3, 6.4500, 645, -0.2621, -0.8365, -0.1893, -2.9470, 35.2091, 19.8012, 0.0000, 0.0000, 0.0000, 0.0000, 0.0000, 0.0000, 0.5678, -0.5933, -0.2833, -0.4954, -0.0031, -0.1183, 0.0547, 0.0000, 0.0000, 0.0000, 0.0000
2, 6.4200, 642, -0.5293, -0.5580, -0.6311, -4.2934, 8.0957, 0.6004, 0.0000, 0.0000, 0.0000, 0.0000, 0.0000, 0.0000, -0.6680, 0.4069, -0.0074, 0.6230, 0.0121, 0.0234, -0.0372, 0.0000, 0.0000, 0.0000, 0.0000
3, 6.4600, 646, -0.2668, -0.8152, -0.1826, -6.8290, 32.8342, 16.1854, 0.0000, 0.0000, 0.0000, 0.0000, 0.0000, 0.0000, 0.5666, -0.5919, -0.2838, -0.4980, -0.0005, -0.1386, 0.0455, 0.0000, 0.0000, 0.0000, 0.0000
2, 6.4300, 643, -0.5408, -0.5490, -0.6204, -4.3331, 8.5594, 0.4077, 0.0000, 0.0000, 0.0000, 0.0000, 0.0000, 0.0000, -0.6682, 0.4062, -0.0071, 0.6233, 0.0245, 0.0149, -0.0491, 0.0000, 0.0000, 0.0000, 0.0000
3, 6.4700, 647, -0.2614, -0.8100, -0.1975, -11.1307, 29.3063, 13.0977, 0.0000, 0.0000, 0.0000, 0.0000, 0.0000, 0.0000, 0.5659, -0.5903, -0.2840, -0.5006, -0.0075, -0.1429, 0.0573, 0.0000, 0.0000, 0.0000, 0.0000
2, 6.4400, 644, -0.5195, -0.5512, -0.6292, -4.2791, 8.7918, -0.0960, 0.0000, 0.0000, 0.0000, 0.0000, 0.0000, 0.0000, -0.6683, 0.4056, -0.0069, 0.6235, 0.0042, 0.0176, -0.0414, 0.0000, 0.0000, 0.0000, 0.0000
1, 6.4100, 641, -0.0826, -0.4136, -0.5468, 27.2336, 29.2938, 65.8676, 0.0000, 0.0000, 0.0000, 0.0000, 0.0000, 0.0000, -0.3816, 0.2609, -0.3125, -0.8299, 0.2790, -0.3021, -0.1233, 0.0000, 0.0000, 0.0000, 0.0000
3, 6.4800, 648, -0.2732, -0.8263, -0.2170, -15.1788, 25.4518, 10.5735, 0.0000, 0.0000, 0.0000, 0.0000, 0.0000, 0.0000, 0.5656, -0.5887, -0.2841, -0.5028, 0.0029, -0.1257, 0.0731, 0.0000, 0.0000, 0.0000, 0.0000
2, 6.4500, 645, -0.5322, -0.5455, -0.6359, -3.7268, 8.9510, -0.1984, 0.0000, 0.0000, 0.0000, 0.0000, 0.0000, 0.0000, -0.6685, 0.4049, -0.0065, 0.6238, 0.0178, 0.0121, -0.0356, 0.0000, 0.0000, 0.0000, 0.0000
3, 6.4900, 649, -0.2800, -0.8448, -0.2332, -18.3126, 22.8993, 8.5548, 0.0000, 0.0000, 0.0000, 0.0000, 0.0000, 0.0000, 0.5656, -0.5870, -0.2840, -0.5048, 0.0088, -0.1063, 0.0853, 0.0000, 0.0000, 0.0000, 0.0000
2, 6.4600, 646, -0.5113, -0.5466, -0.6485, -3.7110, 7.6254, -0.3391, 0.0000, 0.0000, 0.0000, 0.0000, 0.0000, 0.0000, -0.6686, 0.4043, -0.0063, 0.6241, -0.0020, 0.0136, -0.0241, 0.0000, 0.0000, 0.0000, 0.0000
3, 6.5000, 650, -0.2809, -0.8572, -0.2368, -16.3668, 22.0396, 6.8312, 0.0000, 0.0000, 0.0000, 0.0000, 0.0000, 0.0000, 0.5656, -0.5854, -0.2840, -0.5067, 0.0091, -0.0931, 0.0849, 0.0000, 0.0000, 0.0000, 0.0000
2, 6.4700, 647, -0.5372, -0.5442, -0.6438, -2.8819, 6.9688, -0.4327, 0.0000, 0.0000, 0.0000, 0.0000, 0.0000, 0.0000, -0.6687, 0.4038, -0.0060, 0.6243, 0.0247, 0.0116, -0.0297, 0.0000, 0.0000, 0.0000, 0.0000
3, 6.5100, 651, -0.2842, -0.8650, -0.2425, -9.3489, 22.4840, 5.7370, 0.0000, 0.0000, 0.0000, 0.0000, 0.0000, 0.0000, 0.5652, -0.5841, -0.2844, -0.5084, 0.0119, -0.0846, 0.0875, 0.0000, 0.0000, 0.0000, 0.0000
2, 6.4800, 648, -0.5313, -0.5507, -0.6436, -2.9194, 5.9097, -1.1157, 0.0000, 0.0000, 0.0000, 0.0000, 0.0000, 0.0000, -0.6689, 0.4033, -0.0058, 0.6244, 0.0196, 0.0184, -0.0308, 0.0000, 0.0000, 0.0000, 0.0000
3, 6.5200, 652, -0.2948, -0.8686, -0.2488, -1.0031, 21.8619, 5.0460, 0.0000, 0.0000, 0.0000, 0.0000, 0.0000, 0.0000, 0.5646, -0.5830, -0.2850, -0.5100, 0.0222, -0.0807, 0.0920, 0.0000, 0.0000, 0.0000, 0.0000
2, 6.4900, 649, -0.5423, -0.5381, -0.6357, -2.1853, 6.1173, -1.8396, 0.0000, 0.0000, 0.0000, 0.0000, 0.0000, 0.0000, -0.6689, 0.4031, -0.0056, 0.6246, 0.0313, 0.0059, -0.0394, 0.0000, 0.0000, 0.0000, 0.0000
1, 6.4200, 642, -0.0791, -0.3686, -0.4702, 22.2953, 24.1386, 66.3474, 0.0000, 0.0000, 0.0000, 0.0000, 0.0000, 0.0000, -0.3865, 0.2616, -0.3148, -0.8265, 0.2703, -0.3522, -0.1961, 0.0000, 0.0000, 0.0000, 0.0000
2, 6.5000, 650, -0.5435, -0.5434, -0.6388, -1.6587, 6.1349, -3.3213, 0.0000, 0.0000, 0.0000, 0.0000, 0.0000, 0.0000, -0.6691, 0.4027, -0.0052, 0.6246, 0.0331, 0.0111, -0.0367, 0.0000, 0.0000, 0.0000, 0.0000
3, 6.5300, 653, -0.3013, -0.8606, -0.2495, 3.1565, 20.5018, 3.6071, 0.0000, 0.0000, 0.0000, 0.0000, 0.0000, 0.0000, 0.5637, -0.5823, -0.2859, -0.5112, 0.0283, -0.0883, 0.0914, 0.0000, 0.0000, 0.0000, 0.0000
1, 6.4300, 643, -0.0839, -0.3204, -0.3879, 20.8259, 18.9957, 62.5541, 0.0000, 0.0000, 0.0000, 0.0000, 0.0000, 0.0000, -0.3911, 0.2620, -0.3171, -0.8233, 0.2694, -0.4050, -0.2749, 0.0000, 0.0000, 0.0000, 0.0000
2, 6.5100, 651, -0.5197, -0.5511, -0.6445, -1.5842, 6.2526, -4.0337, 0.0000, 0.0000, 0.0000, 0.0000, 0.0000, 0.0000, -0.6694, 0.4022, -0.0048, 0.6246, 0.0104, 0.0187, -0.0316, 0.0000, 0.0000, 0.0000, 0.0000
3, 6.5400, 654, -0.2948, -0.8465, -0.2374, 4.6948, 18.8339, 0.7152, 0.0000, 0.0000, 0.0000, 0.0000, 0.0000, 0.0000, 0.5630, -0.5817, -0.2870, -0.5121, 0.0220, -0.1024, 0.0791, 0.0000, 0.0000, 0.0000, 0.0000
1, 6.4400, 644, -0.0775, -0.2979, -0.3152, 22.8326, 14.9068, 54.5697, 0.0000, 0.0000, 0.0000, 0.0000, 0.0000, 0.0000, -0.3949, 0.2622, -0.3195, -0.8205, 0.2575, -0.4318, -0.3444, 0.0000, 0.0000, 0.0000, 0.0000
2, 6.5200, 652, -0.5225, -0.5546, -0.6411, -1.3177, 6.4449, -4.1811, 0.0000, 0.0000, 0.0000, 0.0000, 0.0000, 0.0000, -0.6697, 0.4018, -0.0044, 0.6245, 0.0143, 0.0220, -0.0357, 0.0000, 0.0000, 0.0000, 0.0000
1, 6.4500, 645, -0.0646, -0.2831, -0.2622, 27.1655, 9.9461, 44.1717, 0.0000, 0.0000, 0.0000, 0.0000, 0.0000, 0.0000, -0.3977, 0.2626, -0.3221, -0.8180, 0.2397, -0.4510, -0.3938, 0.0000, 0.0000, 0.0000, 0.0000
2, 6.5300, 653, -0.4973, -0.5604, -0.6540, -1.3847, 5.9994, -4.0793, 0.0000, 0.0000, 0.0000, 0.0000, 0.0000, 0.0000, -0.6700, 0.4014, -0.0040, 0.6245, -0.0098, 0.0275, -0.0235, 0.0000, 0.0000, 0.0000, 0.0000
3, 6.5500, 655, -0.2918, -0.8447, -0.2238, 6.2408, 17.9703, -2.4092, 0.0000, 0.0000, 0.0000, 0.0000, 0.0000, 0.0000, 0.5623, -0.5812, -0.2883, -0.5127, 0.0197, -0.1045, 0.0656, 0.0000, 0.0000, 0.0000, 0.0000
1, 6.4600, 646, -0.0494, -0.2867, -0.2293, 32.1269, 4.7425, 34.2967, 0.0000, 0.0000, 0.0000, 0.0000, 0.0000, 0.0000, -0.3996, 0.2631, -0.3250, -0.8158, 0.2204, -0.4520, -0.4226, 0.0000, 0.0000, 0.0000, 0.0000
3, 6.5600, 656, -0.2860, -0.8598, -0.2218, 7.8952, 18.3714, -5.3317, 0.0000, 0.0000, 0.0000, 0.0000, 0.0000, 0.0000, 0.5617, -0.5806, -0.2899, -0.5132, 0.0152, -0.0898, 0.0639, 0.0000, 0.0000, 0.0000, 0.0000
2, 6.5400, 654, -0.4908, -0.5668, -0.6608, -1.2901, 4.9916, -3.1003, 0.0000, 0.0000, 0.0000, 0.0000, 0.0000, 0.0000, -0.6703, 0.4012, -0.0035, 0.6243, -0.0152, 0.0337, -0.0173, 0.0000, 0.0000, 0.0000, 0.0000
1, 6.4700, 647, -0.0522, -0.3122, -0.2129, 35.1087, 0.8038, 24.2999, 0.0000, 0.0000, 0.0000, 0.0000, 0.0000, 0.0000, -0.4005, 0.2637, -0.3280, -0.8139, 0.2198, -0.4313, -0.4345, 0.0000, 0.0000, 0.0000, 0.0000
1, 6.4800, 648, -0.0374, -0.3134, -0.1993, 35.6683, -1.8099, 14.3746, 0.0000, 0.0000, 0.0000, 0.0000, 0.0000, 0.0000, -0.4006, 0.2644, -0.3310, -0.8124, 0.2025, -0.4347, -0.4435, 0.0000, 0.0000, 0.0000, 0.0000
1, 6.4900, 649, -0.0320, -0.3152, -0.2098, 34.3128, -2.6375, 5.7566, 0.0000, 0.0000, 0.0000, 0.0000, 0.0000, 0.0000, -0.4003, 0.2653, -0.3337, -0.8112, 0.1956, -0.4370, -0.4285, 0.0000, 0.0000, 0.0000, 0.0000
1, 6.5000, 650, -0.0536, -0.3424, -0.2144, 30.3790, -0.5432, -1.3828, 0.0000, 0.0000, 0.0000, 0.0000, 0.0000, 0.0000, -0.3994, 0.2663, -0.3358, -0.8104, 0.2168, -0.4134, -0.4197, 0.0000, 0.0000, 0.0000, 0.0000
1, 6.5100, 651, -0.0527, -0.3572, -0.2158, 22.4077, 3.6968, -6.5633, 0.0000, 0.0000, 0.0000, 0.0000, 0.0000, 0.0000, -0.3986, 0.2676, -0.3371, -0.8099, 0.2168, -0.4013, -0.4148, 0.0000, 0.0000, 0.0000, 0.0000
3, 6.5700, 657, -0.2547, -0.8736, -0.2323, 9.7760, 18.0576, -8.2998, 0.0000, 0.0000, 0.0000, 0.0000, 0.0000, 0.0000, 0.5612, -0.5799, -0.2916, -0.5136, -0.0144, -0.0765, 0.0749, 0.0000, 0.0000, 0.0000, 0.0000
2, 6.5500, 655, -0.5037, -0.5557, -0.6573, -0.9263, 3.9909, -2.3735, 0.0000, 0.0000, 0.0000, 0.0000, 0.0000, 0.0000, -0.6704, 0.4010, -0.0032, 0.6243, -0.0014, 0.0221, -0.0210, 0.0000, 0.0000, 0.0000, 0.0000
1, 6.5200, 652, -0.0460, -0.3594, -0.2170, 13.1436, 8.1476, -7.2523, 0.0000, 0.0000, 0.0000, 0.0000, 0.0000, 0.0000, -0.3980, 0.2688, -0.3376, -0.8096, 0.2118, -0.4007, -0.4112, 0.0000, 0.0000, 0.0000, 0.0000
3, 6.5800, 658, -0.2134, -0.8804, -0.2529, 10.3393, 15.9274, -10.9875, 0.0000, 0.0000, 0.0000, 0.0000, 0.0000, 0.0000, 0.5608, -0.5794, -0.2934, -0.5136, -0.0536, -0.0705, 0.0961, 0.0000, 0.0000, 0.0000, 0.0000
2, 6.5600, 656, -0.5089, -0.5472, -0.6444, -1.0438, 3.2903, -2.3088, 0.0000, 0.0000, 0.0000, 0.0000, 0.0000, 0.0000, -0.6706, 0.4007, -0.0030, 0.6243, 0.0044, 0.0136, -0.0343, 0.0000, 0.0000, 0.0000, 0.0000
3, 6.5900, 659, -0.1815, -0.8861, -0.2458, 9.8065, 12.6989, -13.7996, 0.0000, 0.0000, 0.0000, 0.0000, 0.0000, 0.0000, 0.5606, -0.5790, -0.2951, -0.5133, -0.0830, -0.0656, 0.0900, 0.0000, 0.0000, 0.0000, 0.0000
1, 6.5300, 653, -0.0543, -0.3769, -0.2095, 4.3541, 11.5312, -4.5671, 0.0000, 0.0000, 0.0000, 0.0000, 0.0000, 0.0000, -0.3979, 0.2699, -0.3374, -0.8093, 0.2220, -0.3839, -0.4174, 0.0000, 0.0000, 0.0000, 0.0000
1, 6.5400, 654, -0.0287, -0.3875, -0.1976, -3.7107, 14.7291, -0.6959, 0.0000, 0.0000, 0.0000, 0.0000, 0.0000, 0.0000, -0.3985, 0.2709, -0.3366, -0.8090, 0.1981, -0.3732, -0.4290, 0.0000, 0.0000, 0.0000, 0.0000
1, 6.5500, 655, -0.0092, -0.3762, -0.2029, -9.0863, 17.9598, 1.9607, 0.0000, 0.0000, 0.0000, 0.0000, 0.0000, 0.0000, -0.3994, 0.2718, -0.3354, -0.8088, 0.1802, -0.3838, -0.4242, 0.0000, 0.0000, 0.0000, 0.0000
1, 6.5600, 656, 0.0175, -0.3748, -0.2142, -10.8806, 21.1119, 2.5272, 0.0000, 0.0000, 0.0000, 0.0000, 0.0000, 0.0000, -0.4004, 0.2728, -0.3340, -0.8085, 0.1553, -0.3842, -0.4136, 0.0000, 0.0000, 0.0000, 0.0000
2, 6.5700, 657, -0.5206, -0.5539, -0.6358, -0.9908, 3.4658, -2.5335, 0.0000, 0.0000, 0.0000, 0.0000, 0.0000, 0.0000, -0.6708, 0.4005, -0.0027, 0.6242, 0.0167, 0.0201, -0.0433, 0.0000, 0.0000, 0.0000, 0.0000
1, 6.5700, 657, 0.0738, -0.3994, -0.2373, -12.9284, 26.1634, 1.0593, 0.0000, 0.0000, 0.0000, 0.0000, 0.0000, 0.0000, -0.4016, 0.2741, -0.3322, -0.8082, 0.1014, -0.3583, -0.3914, 0.0000, 0.0000, 0.0000, 0.0000
1, 6.5800, 658, 0.1125, -0.4645, -0.2613, -16.8108, 33.6725, -2.9644, 0.0000, 0.0000, 0.0000, 0.0000, 0.0000, 0.0000, -0.4028, 0.2760, -0.3297, -0.8080, 0.0663, -0.2914, -0.3685, 0.0000, 0.0000, 0.0000, 0.0000
3, 6.6000, 660, -0.1726, -0.8866, -0.2205, 10.2044, 9.9575, -16.2576, 0.0000, 0.0000, 0.0000, 0.0000, 0.0000, 0.0000, 0.5606, -0.5786, -0.2969, -0.5127, -0.0890, -0.0661, 0.0658, 0.0000, 0.0000, 0.0000, 0.0000
2, 6.5800, 658, -0.5218, -0.5500, -0.6386, -0.9967, 4.2066, -2.9340, 0.0000, 0.0000, 0.0000, 0.0000, 0.0000, 0.0000, -0.6710, 0.4002, -0.0025, 0.6242, 0.0186, 0.0161, -0.0409, 0.0000, 0.0000, 0.0000, 0.0000
1, 6.5900, 659, 0.1548, -0.5056, -0.2774, -21.7789, 40.5172, -9.5481, 0.0000, 0.0000, 0.0000, 0.0000, 0.0000, 0.0000, -0.4038, 0.2785, -0.3265, -0.8079, 0.0291, -0.2479, -0.3538, 0.0000, 0.0000, 0.0000, 0.0000
3, 6.6100, 661, -0.1975, -0.8905, -0.1915, 12.4300, 7.6389, -18.2657, 0.0000, 0.0000, 0.0000, 0.0000, 0.0000, 0.0000, 0.5605, -0.5784, -0.2987, -0.5119, -0.0610, -0.0633, 0.0384, 0.0000, 0.0000, 0.0000, 0.0000
1, 6.6000, 660, 0.1800, -0.5212, -0.3259, -24.6927, 45.4366, -17.2293, 0.0000, 0.0000, 0.0000, 0.0000, 0.0000, 0.0000, -0.4045, 0.2813, -0.3228, -0.8081, 0.0107, -0.2293, -0.3068, 0.0000, 0.0000, 0.0000, 0.0000
3, 6.6200, 662, -0.2355, -0.8899, -0.1748, 14.9827, 5.6883, -19.6971, 0.0000, 0.0000, 0.0000, 0.0000, 0.0000, 0.0000, 0.5605, -0.5783, -0.3006, -0.5109, -0.0196, -0.0651, 0.0236, 0.0000, 0.0000, 0.0000, 0.0000
2, 6.5900, 659, -0.5270, -0.5470, -0.6259, -1.3589, 4.8767, -3.3297, 0.0000, 0.0000, 0.0000, 0.0000, 0.0000, 0.0000, -0.6711, 0.4002, -0.0022, 0.6241, 0.0246, 0.0128, -0.0539, 0.0000, 0.0000, 0.0000, 0.0000
2, 6.6000, 660, -0.5240, -0.5440, -0.6297, -2.0462, 5.8673, -3.6842, 0.0000, 0.0000, 0.0000, 0.0000, 0.0000, 0.0000, -0.6714, 0.3998, -0.0018, 0.6241, 0.0222, 0.0094, -0.0503, 0.0000, 0.0000, 0.0000, 0.0000
3, 6.6300, 663, -0.2925, -0.8906, -0.1598, 17.4363, 2.9828, -20.6875, 0.0000, 0.0000, 0.0000, 0.0000, 0.0000, 0.0000, 0.5605, -0.5785, -0.3026, -0.5096, 0.0409, -0.0657, 0.0112, 0.0000, 0.0000, 0.0000, 0.0000
1, 6.6100, 661, 0.2030, -0.5662, -0.3871, -26.1124, 47.8824, -27.1734, 0.0000, 0.0000, 0.0000, 0.0000, 0.0000, 0.0000, -0.4046, 0.2845, -0.3186, -0.8086, -0.0040, -0.1807, -0.2474, 0.0000, 0.0000, 0.0000, 0.0000
1, 6.6200, 662, 0.2238, -0.5864, -0.4887, -26.6417, 48.3787, -36.6392, 0.0000, 0.0000, 0.0000, 0.0000, 0.0000, 0.0000, -0.4040, 0.2880, -0.3141, -0.8095, -0.0152, -0.1563, -0.1475, 0.0000, 0.0000, 0.0000, 0.0000
3, 6.6400, 664, -0.3599, -0.9040, -0.1678, 15.8210, 1.7973, -21.4097, 0.0000, 0.0000, 0.0000, 0.0000, 0.0000, 0.0000, 0.5606, -0.5786, -0.3045, -0.5082, 0.1118, -0.0537, 0.0219, 0.0000, 0.0000, 0.0000, 0.0000
2, 6.6100, 661, -0.5158, -0.5542, -0.6323, -2.8208, 6.6875, -4.0595, 0.0000, 0.0000, 0.0000, 0.0000, 0.0000, 0.0000, -0.6717, 0.3993, -0.0014, 0.6240, 0.0151, 0.0197, -0.0485, 0.0000, 0.0000, 0.0000, 0.0000
2, 6.6200, 662, -0.5047, -0.5457, -0.6569, -4.0749, 6.9993, -3.9115, 0.0000, 0.0000, 0.0000, 0.0000, 0.0000, 0.0000, -0.6720, 0.3986, -0.0011, 0.6241, 0.0052, 0.0113, -0.0249, 0.0000, 0.0000, 0.0000, 0.0000
1, 6.6300, 663, 0.2588, -0.6505, -0.6214, -24.2152, 45.2279, -42.4294, 0.0000, 0.0000, 0.0000, 0.0000, 0.0000, 0.0000, -0.4028, 0.2915, -0.3097, -0.8105, -0.0397, -0.0879, -0.0164, 0.0000, 0.0000, 0.0000, 0.0000
3, 6.6500, 665, -0.4208, -0.9333, -0.2152, 10.7072, 1.6111, -21.3311, 0.0000, 0.0000, 0.0000, 0.0000, 0.0000, 0.0000, 0.5610, -0.5785, -0.3061, -0.5069, 0.1764, -0.0256, 0.0713, 0.0000, 0.0000, 0.0000, 0.0000
3, 6.6600, 666, -0.4895, -0.9498, -0.2443, 5.9587, 3.2120, -19.3926, 0.0000, 0.0000, 0.0000, 0.0000, 0.0000, 0.0000, 0.5614, -0.5781, -0.3075, -0.5060, 0.2485, -0.0101, 0.1016, 0.0000, 0.0000, 0.0000, 0.0000
2, 6.6300, 663, -0.5004, -0.5658, -0.6472, -4.3033, 6.6565, -3.8851, 0.0000, 0.0000, 0.0000, 0.0000, 0.0000, 0.0000, -0.6724, 0.3980, -0.0008, 0.6241, 0.0021, 0.0315, -0.0355, 0.0000, 0.0000, 0.0000, 0.0000
3, 6.6700, 667, -0.5278, -0.9397, -0.2420, 6.2982, 5.9738, -15.6882, 0.0000, 0.0000, 0.0000, 0.0000, 0.0000, 0.0000, 0.5614, -0.5778, -0.3084, -0.5059, 0.2895, -0.0210, 0.1000, 0.0000, 0.0000, 0.0000, 0.0000
1, 6.6400, 664, 0.3069, -0.8163, -0.7593, -22.9711, 40.4065, -45.4828, 0.0000, 0.0000, 0.0000, 0.0000, 0.0000, 0.0000, -0.4013, 0.2948, -0.3055, -0.8117, -0.0774, 0.0822, 0.1202, 0.0000, 0.0000, 0.0000, 0.0000
2, 6.6400, 664, -0.5140, -0.5624, -0.6535, -4.9693, 7.0754, -3.7686, 0.0000, 0.0000, 0.0000, 0.0000, 0.0000, 0.0000, -0.6728, 0.3976, -0.0005, 0.6239, 0.0168, 0.0283, -0.0302, 0.0000, 0.0000, 0.0000, 0.0000
3, 6.6800, 668, -0.5315, -0.9069, -0.2090, 10.6188, 10.7832, -12.3122, 0.0000, 0.0000, 0.0000, 0.0000, 0.0000, 0.0000, 0.5611, -0.5775, -0.3100, -0.5055, 0.2946, -0.0543, 0.0677, 0.0000, 0.0000, 0.0000, 0.0000
2, 6.6500, 665, -0.5133, -0.5701, -0.6474, -5.0142, 8.0700, -4.1004, 0.0000, 0.0000, 0.0000, 0.0000, 0.0000, 0.0000, -0.6732, 0.3969, -0.0001, 0.6240, 0.0173, 0.0359, -0.0372, 0.0000, 0.0000, 0.0000, 0.0000
1, 6.6500, 665, 0.3690, -0.9954, -0.8379, -25.2955, 33.9043, -50.2093, 0.0000, 0.0000, 0.0000, 0.0000, 0.0000, 0.0000, -0.3993, 0.2976, -0.3012, -0.8132, -0.1292, 0.2660, 0.1973, 0.0000, 0.0000, 0.0000, 0.0000
2, 6.6600, 666, -0.5243, -0.5601, -0.6568, -5.1302, 9.2244, -4.7659, 0.0000, 0.0000, 0.0000, 0.0000, 0.0000, 0.0000, -0.6736, 0.3961, 0.0003, 0.6240, 0.0298, 0.0261, -0.0290, 0.0000, 0.0000, 0.0000, 0.0000
3, 6.6900, 669, -0.4936, -0.8799, -0.1445, 19.2724, 14.5387, -10.1136, 0.0000, 0.0000, 0.0000, 0.0000, 0.0000, 0.0000, 0.5602, -0.5776, -0.3120, -0.5052, 0.2588, -0.0821, 0.0053, 0.0000, 0.0000, 0.0000, 0.0000
3, 6.7000, 670, -0.4017, -0.8823, -0.1432, 25.6307, 14.2877, -9.8989, 0.0000, 0.0000, 0.0000, 0.0000, 0.0000, 0.0000, 0.5589, -0.5779, -0.3144, -0.5048, 0.1689, -0.0807, 0.0074, 0.0000, 0.0000, 0.0000, 0.0000
2, 6.6700, 667, -0.5157, -0.5563, -0.6635, -5.0724, 9.4525, -5.8801, 0.0000, 0.0000, 0.0000, 0.0000, 0.0000, 0.0000, -0.6741, 0.3952, 0.0008, 0.6240, 0.0228, 0.0224, -0.0235, 0.0000, 0.0000, 0.0000, 0.0000
1, 6.6600, 666, 0.4622, -1.0981, -0.8542, -28.3388, 22.3626, -58.3654, 0.0000, 0.0000, 0.0000, 0.0000, 0.0000, 0.0000, -0.3964, 0.2998, -0.2969, -0.8154, -0.2125, 0.3741, 0.2112, 0.0000, 0.0000, 0.0000, 0.0000
2, 6.6800, 668, -0.5107, -0.5491, -0.6725, -4.8292, 10.4576, -6.6203, 0.0000, 0.0000, 0.0000, 0.0000, 0.0000, 0.0000, -0.6746, 0.3944, 0.0013, 0.6240, 0.0197, 0.0153, -0.0159, 0.0000, 0.0000, 0.0000, 0.0000
3, 6.7100, 671, -0.2798, -0.8896, -0.1550, 21.4362, 10.2757, -13.2094, 0.0000, 0.0000, 0.0000, 0.0000, 0.0000, 0.0000, 0.5581, -0.5781, -0.3165, -0.5041, 0.0492, -0.0744, 0.0227, 0.0000, 0.0000, 0.0000, 0.0000
1, 6.6700, 667, 0.5709, -1.1312, -0.7991, -29.1821, 7.0398, -70.7361, 0.0000, 0.0000, 0.0000, 0.0000, 0.0000, 0.0000, -0.3923, 0.3011, -0.2927, -0.8184, -0.3114, 0.4134, 0.1530, 0.0000, 0.0000, 0.0000, 0.0000
3, 6.7200, 672, -0.1594, -0.9135, -0.1557, 13.2105, 6.7705, -18.8118, 0.0000, 0.0000, 0.0000, 0.0000, 0.0000, 0.0000, 0.5583, -0.5778, -0.3185, -0.5030, -0.0681, -0.0516, 0.0258, 0.0000, 0.0000, 0.0000, 0.0000
1, 6.6800, 668, 0.6938, -1.1336, -0.6988, -24.7484, -11.5722, -83.5974, 0.0000, 0.0000, 0.0000, 0.0000, 0.0000, 0.0000, -0.3867, 0.3015, -0.2891, -0.8222, -0.4250, 0.4224, 0.0491, 0.0000, 0.0000, 0.0000, 0.0000
1, 6.6900, 669, 0.7006, -1.0877, -0.6308, -15.2973, -23.6361, -94.5534, 0.0000, 0.0000, 0.0000, 0.0000, 0.0000, 0.0000, -0.3797, 0.3018, -0.2863, -0.8263, -0.4229, 0.3831, -0.0221, 0.0000, 0.0000, 0.0000, 0.0000
1, 6.7000, 670, 0.6632, -1.0482, -0.5626, -4.2454, -24.4813, -103.7382, 0.0000, 0.0000, 0.0000, 0.0000, 0.0000, 0.0000, -0.3718, 0.3024, -0.2841, -0.8304, -0.3759, 0.3495, -0.0925, 0.0000, 0.0000, 0.0000, 0.0000
3, 6.7300, 673, -0.0745, -0.9307, -0.1176, 10.3422, 3.9321, -25.2276, 0.0000, 0.0000, 0.0000, 0.0000, 0.0000, 0.0000, 0.5587, -0.5774, -0.3204, -0.5017, -0.1486, -0.0356, -0.0108, 0.0000, 0.0000, 0.0000, 0.0000
3, 6.7400, 674, -0.0513, -0.9243, -0.0492, 10.4081, 2.2805, -31.8005, 0.0000, 0.0000, 0.0000, 0.0000, 0.0000, 0.0000, 0.5595, -0.5770, -0.3226, -0.5000, -0.1668, -0.0433, -0.0776, 0.0000, 0.0000, 0.0000, 0.0000
1, 6.7100, 671, 0.6362, -0.8869, -0.5139, 6.2479, -17.9763, -107.5447, 0.0000, 0.0000, 0.0000, 0.0000, 0.0000, 0.0000, -0.3633, 0.3040, -0.2823, -0.8342, -0.3383, 0.1934, -0.1421, 0.0000, 0.0000, 0.0000, 0.0000
1, 6.7200, 672, 2.4210, -2.8131, -1.2277, 5.0489, -35.7252, -71.6857, 0.0000, 0.0000, 0.0000, 0.0000, 0.0000, 0.0000, -0.3571, 0.3033, -0.2818, -0.8373, -2.1139, 2.1234, 0.5720, 0.0000, 0.0000, 0.0000, 0.0000
1, 6.7300, 673, -0.0184, -0.2397, -1.3703, -89.0366, -252.0091, -5.4044, 0.0000, 0.0000, 0.0000, 0.0000, 0.0000, 0.0000, -0.3527, 0.2822, -0.2830, -0.8461, 0.3076, -0.4432, 0.6996, 0.0000, 0.0000, 0.0000, 0.0000
3, 6.7500, 675, -0.1700, -0.9290, 0.0558, 12.5225, 1.7293, -36.1621, 0.0000, 0.0000, 0.0000, 0.0000, 0.0000, 0.0000, 0.5604, -0.5765, -0.3250, -0.4980, -0.0421, -0.0402, -0.1807, 0.0000, 0.0000, 0.0000, 0.0000
2, 6.6900, 669, -0.5145, -0.5513, -0.6674, -4.2847, 10.1212, -7.4563, 0.0000, 0.0000, 0.0000, 0.0000, 0.0000, 0.0000, -0.6751, 0.3937, 0.0019, 0.6238, 0.0253, 0.0174, -0.0223, 0.0000, 0.0000, 0.0000, 0.0000
3, 6.7600, 676, -0.3204, -0.9544, 0.1035, 16.9668, 2.3830, -32.9313, 0.0000, 0.0000, 0.0000, 0.0000, 0.0000, 0.0000, 0.5609, -0.5763, -0.3275, -0.4960, 0.1142, -0.0164, -0.2260, 0.0000, 0.0000, 0.0000, 0.0000
1, 6.7400, 674, -1.1111, 0.0348, -1.8268, -90.7434, -62.1553, -65.5441, 0.0000, 0.0000, 0.0000, 0.0000, 0.0000, 0.0000, -0.3485, 0.2764, -0.2765, -0.8519, 1.3883, -0.7037, 1.1371, 0.0000, 0.0000, 0.0000, 0.0000
1, 6.7500, 675, 0.4882, -0.1472, -1.7100, -112.2888, -25.8594, -11.6570, 0.0000, 0.0000, 0.0000, 0.0000, 0.0000, 0.0000, -0.3497, 0.2713, -0.2687, -0.8555, -0.2117, -0.5077, 1.0066, 0.0000, 0.0000, 0.0000, 0.0000
1, 6.7600, 676, 1.6595, -0.6196, -0.7381, -55.6020, -16.6775, -13.7686, 0.0000, 0.0000, 0.0000, 0.0000, 0.0000, 0.0000, -0.3496, 0.2687, -0.2647, -0.8576, -1.3837, -0.0247, 0.0247, 0.0000, 0.0000, 0.0000, 0.0000
1, 6.7700, 677, 0.0108, -0.6989, -1.1339, -19.7816, 1.3970, 1.1911, 0.0000, 0.0000, 0.0000, 0.0000, 0.0000, 0.0000, -0.3502, 0.2682, -0.2632, -0.8580, 0.2652, 0.0587, 0.4170, 0.0000, 0.0000, 0.0000, 0.0000
3, 6.7700, 677, -0.4284, -1.1432, 0.0372, 28.5192, -2.3263, -19.8378, 0.0000, 0.0000, 0.0000, 0.0000, 0.0000, 0.0000, 0.5603, -0.5773, -0.3296, -0.4941, 0.2265, 0.1710, -0.1555, 0.0000, 0.0000, 0.0000, 0.0000
3, 6.7800, 678, -0.5005, -1.4324, 0.0729, 33.6759, -9.3447, -1.1955, 0.0000, 0.0000, 0.0000, 0.0000, 0.0000, 0.0000, 0.5589, -0.5793, -0.3306, -0.4926, 0.2996, 0.4592, -0.1852, 0.0000, 0.0000, 0.0000, 0.0000
3, 6.7900, 679, -0.4486, -1.4910, 0.1507, 27.7904, -8.8586, 12.6525, 0.0000, 0.0000, 0.0000, 0.0000, 0.0000, 0.0000, 0.5573, -0.5814, -0.3308, -0.4919, 0.2461, 0.5176, -0.2576, 0.0000, 0.0000, 0.0000, 0.0000
1, 6.7800, 678, 0.0476, -0.5568, -0.9785, -0.0095, 1.5423, -0.4324, 0.0000, 0.0000, 0.0000, 0.0000, 0.0000, 0.0000, -0.3502, 0.2683, -0.2631, -0.8580, 0.2283, -0.0825, 0.2608, 0.0000, 0.0000, 0.0000, 0.0000
2, 6.7000, 670, -0.5182, -0.5549, -0.6649, -3.9833, 10.8067, -8.3694, 0.0000, 0.0000, 0.0000, 0.0000, 0.0000, 0.0000, -0.6757, 0.3929, 0.0026, 0.6237, 0.0309, 0.0207, -0.0259, 0.0000, 0.0000, 0.0000, 0.0000
1, 6.7900, 679, 0.3283, -0.5914, -0.7313, 6.6612, 16.4713, -4.1112, 0.0000, 0.0000, 0.0000, 0.0000, 0.0000, 0.0000, -0.3497, 0.2694, -0.2630, -0.8579, -0.0508, -0.0484, 0.0145, 0.0000, 0.0000, 0.0000, 0.0000
3, 6.8000, 680, -0.3099, -1.2500, 0.0640, 10.3294, -14.8922, 15.8242, 0.0000, 0.0000, 0.0000, 0.0000, 0.0000, 0.0000, 0.5565, -0.5830, -0.3297, -0.4917, 0.1046, 0.2768, -0.1674, 0.0000, 0.0000, 0.0000, 0.0000
3, 6.8100, 681, -0.1650, -0.9746, -0.0206, -8.2110, -22.6948, 9.1825, 0.0000, 0.0000, 0.0000, 0.0000, 0.0000, 0.0000, 0.5572, -0.5839, -0.3278, -0.4912, -0.0427, 0.0018, -0.0824, 0.0000, 0.0000, 0.0000, 0.0000
1, 6.8000, 680, 0.1660, -0.5803, -0.7315, 4.4506, 20.3527, -7.1094, 0.0000, 0.0000, 0.0000, 0.0000, 0.0000, 0.0000, -0.3495, 0.2712, -0.2625, -0.8575, 0.1144, -0.0595, 0.0160, 0.0000, 0.0000, 0.0000, 0.0000
1, 6.8100, 681, 0.3490, -0.6588, -0.6098, -0.6321, 20.1509, -10.9676, 0.0000, 0.0000, 0.0000, 0.0000, 0.0000, 0.0000, -0.3492, 0.2730, -0.2616, -0.8574, -0.0650, 0.0193, -0.1046, 0.0000, 0.0000, 0.0000, 0.0000
3, 6.8200, 682, -0.0624, -0.8189, -0.0607, -16.2569, -26.0301, 5.5367, 0.0000, 0.0000, 0.0000, 0.0000, 0.0000, 0.0000, 0.5586, -0.5843, -0.3256, -0.4905, -0.1467, -0.1534, -0.0437, 0.0000, 0.0000, 0.0000, 0.0000
3, 6.8300, 683, -0.0664, -0.7129, -0.0750, -17.9976, -27.0434, 4.9869, 0.0000, 0.0000, 0.0000, 0.0000, 0.0000, 0.0000, 0.5600, -0.5847, -0.3233, -0.4898, -0.1438, -0.2589, -0.0313, 0.0000, 0.0000, 0.0000, 0.0000
1, 6.8200, 682, 0.4294, -0.6683, -0.6141, -6.6474, 14.6747, -11.2857, 0.0000, 0.0000, 0.0000, 0.0000, 0.0000, 0.0000, -0.3488, 0.2741, -0.2604, -0.8575, -0.1421, 0.0299, -0.1000, 0.0000, 0.0000, 0.0000, 0.0000
1, 6.8300, 683, 0.4766, -0.6766, -0.6138, -11.4515, 5.4500, -8.9346, 0.0000, 0.0000, 0.0000, 0.0000, 0.0000, 0.0000, -0.3485, 0.2744, -0.2592, -0.8579, -0.1870, 0.0399, -0.1008, 0.0000, 0.0000, 0.0000, 0.0000
3, 6.8400, 684, -0.1012, -0.6352, -0.0857, -15.2896, -27.4745, 3.1273, 0.0000, 0.0000, 0.0000, 0.0000, 0.0000, 0.0000, 0.5615, -0.5852, -0.3211, -0.4890, -0.1102, -0.3361, -0.0226, 0.0000, 0.0000, 0.0000, 0.0000
2, 6.7100, 671, -0.5026, -0.5609, -0.6625, -3.9449, 11.1177, -9.3794, 0.0000, 0.0000, 0.0000, 0.0000, 0.0000, 0.0000, -0.6764, 0.3921, 0.0034, 0.6236, 0.0175, 0.0264, -0.0295, 0.0000, 0.0000, 0.0000, 0.0000
1, 6.8400, 684, 0.3847, -0.6486, -0.6953, -15.1275, -1.2990, -5.7617, 0.0000, 0.0000, 0.0000, 0.0000, 0.0000, 0.0000, -0.3484, 0.2741, -0.2579, -0.8585, -0.0941, 0.0139, -0.0208, 0.0000, 0.0000, 0.0000, 0.0000
3, 6.8500, 685, -0.1185, -0.6759, -0.0859, -1.3240, -28.5891, -0.7073, 0.0000, 0.0000, 0.0000, 0.0000, 0.0000, 0.0000, 0.5624, -0.5864, -0.3197, -0.4876, -0.0936, -0.2953, -0.0226, 0.0000, 0.0000, 0.0000, 0.0000
2, 6.7200, 672, -0.5085, -0.5510, -0.6671, -4.2772, 12.6176, -10.3487, 0.0000, 0.0000, 0.0000, 0.0000, 0.0000, 0.0000, -0.6771, 0.3911, 0.0043, 0.6234, 0.0257, 0.0162, -0.0263, 0.0000, 0.0000, 0.0000, 0.0000
1, 6.8500, 685, 0.3239, -0.6258, -0.7529, -14.1592, -3.5909, -4.3040, 0.0000, 0.0000, 0.0000, 0.0000, 0.0000, 0.0000, -0.3483, 0.2735, -0.2568, -0.8590, -0.0329, -0.0067, 0.0351, 0.0000, 0.0000, 0.0000, 0.0000
2, 6.7300, 673, -0.4952, -0.5635, -0.6971, -4.0956, 13.0020, -11.5630, 0.0000, 0.0000, 0.0000, 0.0000, 0.0000, 0.0000, -0.6778, 0.3902, 0.0052, 0.6231, 0.0150, 0.0283, 0.0021, 0.0000, 0.0000, 0.0000, 0.0000
1, 6.8600, 686, 0.2850, -0.6087, -0.7882, -10.6220, -1.4988, -4.5189, 0.0000, 0.0000, 0.0000, 0.0000, 0.0000, 0.0000, -0.3482, 0.2732, -0.2560, -0.8594, 0.0062, -0.0221, 0.0689, 0.0000, 0.0000, 0.0000, 0.0000
2, 6.7400, 674, -0.5434, -0.5836, -0.6835, -2.3335, 14.1293, -12.7553, 0.0000, 0.0000, 0.0000, 0.0000, 0.0000, 0.0000, -0.6785, 0.3894, 0.0063, 0.6229, 0.0659, 0.0477, -0.0129, 0.0000, 0.0000, 0.0000, 0.0000
2, 6.7500, 675, -0.6134, -0.5435, -0.6940, -0.0224, 16.7857, -16.0196, 0.0000, 0.0000, 0.0000, 0.0000, 0.0000, 0.0000, -0.6794, 0.3884, 0.0078, 0.6225, 0.1390, 0.0065, -0.0036, 0.0000, 0.0000, 0.0000, 0.0000
3, 6.8600, 686, -0.1533, -0.8623, -0.0651, 13.4467, -33.3351, -5.2436, 0.0000, 0.0000, 0.0000, 0.0000, 0.0000, 0.0000, 0.5628, -0.5883, -0.3189, -0.4852, -0.0588, -0.1092, -0.0407, 0.0000, 0.0000, 0.0000, 0.0000
1, 6.8700, 687, 0.2971, -0.5946, -0.7924, -6.5586, 2.1377, -5.6517, 0.0000, 0.0000, 0.0000, 0.0000, 0.0000, 0.0000, -0.3480, 0.2733, -0.2553, -0.8597, -0.0053, -0.0349, 0.0723, 0.0000, 0.0000, 0.0000, 0.0000
3, 6.8700, 687, -0.1886, -1.0785, -0.0558, 15.9678, -41.2619, -10.7389, 0.0000, 0.0000, 0.0000, 0.0000, 0.0000, 0.0000, 0.5636, -0.5906, -0.3181, -0.4821, -0.0227, 0.1064, -0.0459, 0.0000, 0.0000, 0.0000, 0.0000
1, 6.8800, 688, 0.3180, -0.5957, -0.7779, -2.3758, 5.4239, -6.2766, 0.0000, 0.0000, 0.0000, 0.0000, 0.0000, 0.0000, -0.3477, 0.2738, -0.2548, -0.8598, -0.0249, -0.0330, 0.0575, 0.0000, 0.0000, 0.0000, 0.0000
2, 6.7600, 676, -0.6080, -0.5408, -0.7462, 4.1072, 18.0328, -22.1522, 0.0000, 0.0000, 0.0000, 0.0000, 0.0000, 0.0000, -0.6804, 0.3877, 0.0099, 0.6218, 0.1377, 0.0018, 0.0474, 0.0000, 0.0000, 0.0000, 0.0000
2, 6.7700, 677, -0.5920, -0.5461, -0.7819, 10.0535, 16.3573, -28.0324, 0.0000, 0.0000, 0.0000, 0.0000, 0.0000, 0.0000, -0.6816, 0.3874, 0.0124, 0.6207, 0.1262, 0.0041, 0.0824, 0.0000, 0.0000, 0.0000, 0.0000
2, 6.7800, 678, -0.6009, -0.4858, -0.8523, 20.0219, 11.7457, -32.2912, 0.0000, 0.0000, 0.0000, 0.0000, 0.0000, 0.0000, -0.6827, 0.3879, 0.0152, 0.6191, 0.1397, -0.0606, 0.1531, 0.0000, 0.0000, 0.0000, 0.0000
2, 6.7900, 679, -0.3355, -0.6948, -0.8226, 34.8522, 21.3109, -34.3540, 0.0000, 0.0000, 0.0000, 0.0000, 0.0000, 0.0000, -0.6833, 0.3887, 0.0196, 0.6177, -0.1204, 0.1421, 0.1249, 0.0000, 0.0000, 0.0000, 0.0000
2, 6.8000, 680, -0.4864, -0.5722, -1.0055, 46.7961, 19.2852, -39.4294, 0.0000, 0.0000, 0.0000, 0.0000, 0.0000, 0.0000, -0.6838, 0.3904, 0.0246, 0.6159, 0.0368, 0.0116, 0.3101, 0.0000, 0.0000, 0.0000, 0.0000
2, 6.8100, 681, -0.6942, -0.5296, -0.9976, 61.0496, 9.9855, -52.6664, 0.0000, 0.0000, 0.0000, 0.0000, 0.0000, 0.0000, -0.6846, 0.3934, 0.0303, 0.6130, 0.2508, -0.0415, 0.3068, 0.0000, 0.0000, 0.0000, 0.0000
1, 6.8900, 689, 0.3441, -0.6032, -0.7469, 0.6707, 7.3057, -6.4888, 0.0000, 0.0000, 0.0000, 0.0000, 0.0000, 0.0000, -0.3471, 0.2746, -0.2543, -0.8599, -0.0494, -0.0250, 0.0269, 0.0000, 0.0000, 0.0000, 0.0000
3, 6.8800, 688, -0.2154, -1.1574, -0.0238, 13.6788, -45.0289, -16.2176, 0.0000, 0.0000, 0.0000, 0.0000, 0.0000, 0.0000, 0.5648, -0.5927, -0.3173, -0.4786, 0.0058, 0.1844, -0.0737, 0.0000, 0.0000, 0.0000, 0.0000
3, 6.8900, 689, -0.1845, -1.1821, -0.0112, 22.0428, -45.6802, -19.0740, 0.0000, 0.0000, 0.0000, 0.0000, 0.0000, 0.0000, 0.5657, -0.5951, -0.3170, -0.4746, -0.0228, 0.2082, -0.0817, 0.0000, 0.0000, 0.0000, 0.0000
2, 6.8200, 682, -0.7188, -0.5731, -1.0127, 75.5484, 11.4924, -64.5377, 0.0000, 0.0000, 0.0000, 0.0000, 0.0000, 0.0000, -0.6854, 0.3971, 0.0372, 0.6093, 0.2829, -0.0111, 0.3282, 0.0000, 0.0000, 0.0000, 0.0000
1, 6.9000, 690, 0.3887, -0.6034, -0.7154, 1.9659, 6.6172, -5.5468, 0.0000, 0.0000, 0.0000, 0.0000, 0.0000, 0.0000, -0.3467, 0.2753, -0.2541, -0.8599, -0.0921, -0.0245, -0.0041, 0.0000, 0.0000, 0.0000, 0.0000
2, 6.8300, 683, -0.7992, -0.5577, -0.9762, 90.5999, 14.5952, -79.2310, 0.0000, 0.0000, 0.0000, 0.0000, 0.0000, 0.0000, -0.6863, 0.4015, 0.0456, 0.6047, 0.3724, -0.0421, 0.2994, 0.0000, 0.0000, 0.0000, 0.0000
3, 6.9000, 690, -0.1711, -1.2188, -0.0198, 29.3176, -41.3002, -19.6515, 0.0000, 0.0000, 0.0000, 0.0000, 0.0000, 0.0000, 0.5662, -0.5977, -0.3172, -0.4707, -0.0335, 0.2438, -0.0668, 0.0000, 0.0000, 0.0000, 0.0000
1, 6.9100, 691, 0.4018, -0.6084, -0.7067, 2.2500, 4.9539, -3.3215, 0.0000, 0.0000, 0.0000, 0.0000, 0.0000, 0.0000, -0.3465, 0.2758, -0.2540, -0.8598, -0.1040, -0.0196, -0.0123, 0.0000, 0.0000, 0.0000, 0.0000
2, 6.8400, 684, -0.7542, -0.5494, -1.0597, 106.0774, 9.7476, -96.4314, 0.0000, 0.0000, 0.0000, 0.0000, 0.0000, 0.0000, -0.6876, 0.4068, 0.0552, 0.5989, 0.3385, -0.0686, 0.3925, 0.0000, 0.0000, 0.0000, 0.0000
2, 6.8500, 685, -0.7933, -0.5208, -0.9931, 139.2242, -16.6849, -119.8729, 0.0000, 0.0000, 0.0000, 0.0000, 0.0000, 0.0000, -0.6889, 0.4154, 0.0657, 0.5903, 0.3890, -0.1196, 0.3401, 0.0000, 0.0000, 0.0000, 0.0000
2, 6.8600, 686, -0.8009, -0.7506, -0.8493, 154.9571, -49.9180, -132.5820, 0.0000, 0.0000, 0.0000, 0.0000, 0.0000, 0.0000, -0.6903, 0.4265, 0.0755, 0.5796, 0.4071, 0.0841, 0.2164, 0.0000, 0.0000, 0.0000, 0.0000
2, 6.8700, 687, -0.9904, -1.2961, -0.6870, 134.9355, -57.0793, -135.5843, 0.0000, 0.0000, 0.0000, 0.0000, 0.0000, 0.0000, -0.6924, 0.4365, 0.0839, 0.5683, 0.6063, 0.6048, 0.0750, 0.0000, 0.0000, 0.0000, 0.0000
2, 6.8800, 688, -0.9731, -1.4766, -0.6316, 103.3046, -27.8824, -125.7103, 0.0000, 0.0000, 0.0000, 0.0000, 0.0000, 0.0000, -0.6948, 0.4432, 0.0921, 0.5588, 0.6009, 0.7644, 0.0365, 0.0000, 0.0000, 0.0000, 0.0000
3, 6.9100, 691, -0.1327, -1.1703, -0.0594, 21.7312, -38.5893, -19.5095, 0.0000, 0.0000, 0.0000, 0.0000, 0.0000, 0.0000, 0.5669, -0.5999, -0.3172, -0.4671, -0.0691, 0.1943, -0.0215, 0.0000, 0.0000, 0.0000, 0.0000
3, 6.9200, 692, -0.1008, -1.0855, -0.0742, 12.5275, -38.1240, -19.2092, 0.0000, 0.0000, 0.0000, 0.0000, 0.0000, 0.0000, 0.5681, -0.6015, -0.3169, -0.4637, -0.0982, 0.1085, -0.0026, 0.0000, 0.0000, 0.0000, 0.0000
1, 6.9200, 692, 0.3964, -0.6074, -0.7146, 1.8631, 2.8990, -0.6378, 0.0000, 0.0000, 0.0000, 0.0000, 0.0000, 0.0000, -0.3465, 0.2761, -0.2541, -0.8597, -0.0980, -0.0207, -0.0040, 0.0000, 0.0000, 0.0000, 0.0000
1, 6.9300, 693, 0.3698, -0.6038, -0.7290, 1.8316, 1.4242, 1.3955, 0.0000, 0.0000, 0.0000, 0.0000, 0.0000, 0.0000, -0.3466, 0.2762, -0.2542, -0.8596, -0.0711, -0.0246, 0.0107, 0.0000, 0.0000, 0.0000, 0.0000
3, 6.9300, 693, -0.0865, -0.9804, -0.0635, 9.8431, -34.9973, -20.1275, 0.0000, 0.0000, 0.0000, 0.0000, 0.0000, 0.0000, 0.5694, -0.6028, -0.3166, -0.4606, -0.1094, 0.0025, -0.0104, 0.0000, 0.0000, 0.0000, 0.0000
2, 6.8900, 689, -0.8378, -1.3833, -0.5496, 66.8234, 4.3869, -113.6663, 0.0000, 0.0000, 0.0000, 0.0000, 0.0000, 0.0000, -0.6977, 0.4462, 0.1000, 0.5515, 0.4794, 0.6554, -0.0350, 0.0000, 0.0000, 0.0000, 0.0000
2, 6.9000, 690, -0.2565, -1.6523, -0.5240, 48.3985, 28.0851, -119.1200, 0.0000, 0.0000, 0.0000, 0.0000, 0.0000, 0.0000, -0.7012, 0.4467, 0.1087, 0.5449, -0.0848, 0.9117, -0.0548, 0.0000, 0.0000, 0.0000, 0.0000
1, 6.9400, 694, 0.3606, -0.6049, -0.7316, 2.4923, 0.9525, 2.2862, 0.0000, 0.0000, 0.0000, 0.0000, 0.0000, 0.0000, -0.3461, 0.2765, -0.2541, -0.8598, -0.0618, -0.0237, 0.0136, 0.0000, 0.0000, 0.0000, 0.0000
3, 6.9400, 694, -0.0679, -0.9479, -0.0240, 19.4128, -30.4494, -20.8606, 0.0000, 0.0000, 0.0000, 0.0000, 0.0000, 0.0000, 0.5701, -0.6044, -0.3170, -0.4574, -0.1249, -0.0308, -0.0462, 0.0000, 0.0000, 0.0000, 0.0000
2, 6.9100, 691, -0.3161, -2.1522, -0.8336, 18.5212, 11.7391, -78.8352, 0.0000, 0.0000, 0.0000, 0.0000, 0.0000, 0.0000, -0.7041, 0.4465, 0.1133, 0.5404, -0.0103, 1.4028, 0.2576, 0.0000, 0.0000, 0.0000, 0.0000
3, 6.9500, 695, -0.0858, -0.9922, -0.0025, 26.8487, -28.7180, -21.2788, 0.0000, 0.0000, 0.0000, 0.0000, 0.0000, 0.0000, 0.5703, -0.6063, -0.3177, -0.4541, -0.1038, 0.0125, -0.0625, 0.0000, 0.0000, 0.0000, 0.0000
3, 6.9600, 696, -0.1382, -1.0107, 0.0159, 28.2828, -28.2083, -21.5142, 0.0000, 0.0000, 0.0000, 0.0000, 0.0000, 0.0000, 0.5704, -0.6082, -0.3186, -0.4508, -0.0480, 0.0300, -0.0752, 0.0000, 0.0000, 0.0000, 0.0000
1, 6.9500, 695, 0.3729, -0.6031, -0.7201, 3.2274, 0.3836, 2.9327, 0.0000, 0.0000, 0.0000, 0.0000, 0.0000, 0.0000, -0.3462, 0.2766, -0.2544, -0.8596, -0.0733, -0.0255, 0.0024, 0.0000, 0.0000, 0.0000, 0.0000
2, 6.9200, 692, -0.4861, -1.2987, -0.5899, -7.7145, -8.0061, -55.6091, 0.0000, 0.0000, 0.0000, 0.0000, 0.0000, 0.0000, -0.7071, 0.4458, 0.1147, 0.5367, 0.1672, 0.5459, 0.0140, 0.0000, 0.0000, 0.0000, 0.0000
1, 6.9600, 696, 0.3603, -0.6076, -0.7194, 3.2006, 0.0585, 3.8425, 0.0000, 0.0000, 0.0000, 0.0000, 0.0000, 0.0000, -0.3464, 0.2766, -0.2547, -0.8594, -0.0611, -0.0216, 0.0020, 0.0000, 0.0000, 0.0000, 0.0000
3, 6.9700, 697, -0.1761, -1.0321, 0.0193, 29.3721, -28.8994, -21.4999, 0.0000, 0.0000, 0.0000, 0.0000, 0.0000, 0.0000, 0.5705, -0.6103, -0.3195, -0.4473, -0.0066, 0.0504, -0.0727, 0.0000, 0.0000, 0.0000, 0.0000
2, 6.9300, 693, -0.2583, -1.1092, -0.5008, 1.3378, 4.8060, -76.3464, 0.0000, 0.0000, 0.0000, 0.0000, 0.0000, 0.0000, -0.7106, 0.4449, 0.1180, 0.5322, -0.0520, 0.3532, -0.0756, 0.0000, 0.0000, 0.0000, 0.0000
1, 6.9700, 697, 0.3495, -0.6079, -0.7148, 3.0260, -0.3744, 4.0374, 0.0000, 0.0000, 0.0000, 0.0000, 0.0000, 0.0000, -0.3466, 0.2766, -0.2550, -0.8592, -0.0508, -0.0219, -0.0022, 0.0000, 0.0000, 0.0000, 0.0000
3, 6.9800, 698, -0.1889, -1.0472, -0.0129, 22.5980, -29.3621, -22.3596, 0.0000, 0.0000, 0.0000, 0.0000, 0.0000, 0.0000, 0.5710, -0.6119, -0.3201, -0.4440, 0.0096, 0.0646, -0.0350, 0.0000, 0.0000, 0.0000, 0.0000
2, 6.9400, 694, -0.0990, -1.3645, -0.5612, 13.8222, 4.0701, -87.5242, 0.0000, 0.0000, 0.0000, 0.0000, 0.0000, 0.0000, -0.7141, 0.4447, 0.1223, 0.5267, -0.1992, 0.6029, -0.0141, 0.0000, 0.0000, 0.0000, 0.0000
1, 6.9800, 698, 0.3592, -0.6064, -0.7143, 2.7313, -1.0293, 4.1466, 0.0000, 0.0000, 0.0000, 0.0000, 0.0000, 0.0000, -0.3469, 0.2765, -0.2554, -0.8591, -0.0610, -0.0239, -0.0024, 0.0000, 0.0000, 0.0000, 0.0000
2, 6.9500, 695, -0.2383, -1.3843, -0.5573, 14.8450, -2.7172, -72.9824, 0.0000, 0.0000, 0.0000, 0.0000, 0.0000, 0.0000, -0.7169, 0.4450, 0.1257, 0.5218, -0.0493, 0.6170, -0.0159, 0.0000, 0.0000, 0.0000, 0.0000
3, 6.9900, 699, -0.1756, -1.0268, -0.0464, 12.0675, -27.9650, -23.6319, 0.0000, 0.0000, 0.0000, 0.0000, 0.0000, 0.0000, 0.5720, -0.6129, -0.3204, -0.4410, 0.0001, 0.0433, 0.0021, 0.0000, 0.0000, 0.0000, 0.0000
1, 6.9900, 699, 0.3391, -0.6135, -0.7253, 2.6621, -1.3747, 4.2883, 0.0000, 0.0000, 0.0000, 0.0000, 0.0000, 0.0000, -0.3467, 0.2764, -0.2555, -0.8591, -0.0414, -0.0174, 0.0087, 0.0000, 0.0000, 0.0000, 0.0000
3, 7.0000, 700, -0.1624, -1.0177, -0.0537, 6.5467, -24.7698, -24.6104, 0.0000, 0.0000, 0.0000, 0.0000, 0.0000, 0.0000, 0.5733, -0.6135, -0.3207, -0.4382, -0.0091, 0.0334, 0.0116, 0.0000, 0.0000, 0.0000, 0.0000
2, 6.9600, 696, -0.3398, -1.1623, -0.4814, 17.0174, 6.5627, -59.8973, 0.0000, 0.0000, 0.0000, 0.0000, 0.0000, 0.0000, -0.7188, 0.4451, 0.1292, 0.5181, 0.0610, 0.3903, -0.0897, 0.0000, 0.0000, 0.0000, 0.0000
2, 6.9700, 697, -0.2339, -0.9765, -0.4576, 27.4735, 25.2236, -55.2473, 0.0000, 0.0000, 0.0000, 0.0000, 0.0000, 0.0000, -0.7200, 0.4450, 0.1341, 0.5153, -0.0355, 0.1994, -0.1113, 0.0000, 0.0000, 0.0000, 0.0000
2, 6.9800, 698, -0.0960, -0.8659, -0.4735, 38.8325, 32.6350, -49.1492, 0.0000, 0.0000, 0.0000, 0.0000, 0.0000, 0.0000, -0.7203, 0.4454, 0.1398, 0.5131, -0.1632, 0.0830, -0.0921, 0.0000, 0.0000, 0.0000, 0.0000
1, 7.0000, 700, 0.3405, -0.6089, -0.7174, 3.5311, -1.7366, 3.9902, 0.0000, 0.0000, 0.0000, 0.0000, 0.0000, 0.0000, -0.3469, 0.2763, -0.2559, -0.8590, -0.0431, -0.0223, 0.0010, 0.0000, 0.0000, 0.0000, 0.0000
1, 7.0100, 701, 0.3430, -0.6112, -0.7184, 3.4279, -1.9248, 3.9391, 0.0000, 0.0000, 0.0000, 0.0000, 0.0000, 0.0000, -0.3470, 0.2762, -0.2564, -0.8588, -0.0462, -0.0206, 0.0024, 0.0000, 0.0000, 0.0000, 0.0000
2, 6.9900, 699, -0.0780, -0.7711, -0.4653, 45.2289, 28.7734, -39.9612, 0.0000, 0.0000, 0.0000, 0.0000, 0.0000, 0.0000, -0.7200, 0.4465, 0.1453, 0.5110, -0.1722, -0.0180, -0.0957, 0.0000, 0.0000, 0.0000, 0.0000
2, 7.0000, 700, -0.1160, -0.6521, -0.4270, 46.8056, 26.8352, -31.4820, 0.0000, 0.0000, 0.0000, 0.0000, 0.0000, 0.0000, -0.7192, 0.4478, 0.1503, 0.5095, -0.1267, -0.1431, -0.1287, 0.0000, 0.0000, 0.0000, 0.0000
3, 7.0100, 701, -0.1750, -1.0294, -0.0586, 3.9562, -20.0980, -25.4336, 0.0000, 0.0000, 0.0000, 0.0000, 0.0000, 0.0000, 0.5746, -0.6138, -0.3213, -0.4358, 0.0077, 0.0443, 0.0180, 0.0000, 0.0000, 0.0000, 0.0000
2, 7.0100, 701, -0.1124, -0.5184, -0.3911, 46.5389, 31.5323, -25.6763, 0.0000, 0.0000, 0.0000, 0.0000, 0.0000, 0.0000, -0.7181, 0.4490, 0.1553, 0.5085, -0.1236, -0.2824, -0.1594, 0.0000, 0.0000, 0.0000, 0.0000
1, 7.0200, 702, 0.3344, -0.6163, -0.7181, 3.4165, -1.9680, 3.5028, 0.0000, 0.0000, 0.0000, 0.0000, 0.0000, 0.0000, -0.3472, 0.2761, -0.2568, -0.8587, -0.0383, -0.0161, 0.0023, 0.0000, 0.0000, 0.0000, 0.0000
3, 7.0200, 702, -0.1781, -1.0156, -0.0624, 0.1261, -16.9064, -26.3274, 0.0000, 0.0000, 0.0000, 0.0000, 0.0000, 0.0000, 0.5761, -0.6137, -0.3218, -0.4336, 0.0151, 0.0298, 0.0226, 0.0000, 0.0000, 0.0000, 0.0000
2, 7.0200, 702, -0.0712, -0.3936, -0.3554, 45.2184, 38.0170, -20.1673, 0.0000, 0.0000, 0.0000, 0.0000, 0.0000, 0.0000, -0.7167, 0.4499, 0.1605, 0.5081, -0.1583, -0.4125, -0.1900, 0.0000, 0.0000, 0.0000, 0.0000
1, 7.0300, 703, 0.3389, -0.6094, -0.7169, 3.0854, -1.9497, 3.2594, 0.0000, 0.0000, 0.0000, 0.0000, 0.0000, 0.0000, -0.3473, 0.2760, -0.2571, -0.8586, -0.0434, -0.0236, 0.0014, 0.0000, 0.0000, 0.0000, 0.0000
3, 7.0300, 703, -0.1795, -0.9795, -0.0478, -3.0702, -15.1933, -27.6073, 0.0000, 0.0000, 0.0000, 0.0000, 0.0000, 0.0000, 0.5777, -0.6133, -0.3224, -0.4315, 0.0210, -0.0071, 0.0080, 0.0000, 0.0000, 0.0000, 0.0000
1, 7.0400, 704, 0.3380, -0.6114, -0.7153, 2.6102, -1.8859, 3.2432, 0.0000, 0.0000, 0.0000, 0.0000, 0.0000, 0.0000, -0.3471, 0.2759, -0.2573, -0.8586, -0.0430, -0.0220, -0.0001, 0.0000, 0.0000, 0.0000, 0.0000
2, 7.0300, 703, -0.0458, -0.2759, -0.3119, 43.6559, 43.1819, -13.5345, 0.0000, 0.0000, 0.0000, 0.0000, 0.0000, 0.0000, -0.7150, 0.4505, 0.1657, 0.5083, -0.1775, -0.5350, -0.2290, 0.0000, 0.0000, 0.0000, 0.0000
3, 7.0400, 704, -0.1652, -0.9240, -0.0330, -3.7036, -12.9160, -28.0826, 0.0000, 0.0000, 0.0000, 0.0000, 0.0000, 0.0000, 0.5793, -0.6128, -0.3231, -0.4295, 0.0114, -0.0633, -0.0071, 0.0000, 0.0000, 0.0000, 0.0000
2, 7.0400, 704, -0.0361, -0.1483, -0.2839, 42.7637, 46.8626, -5.7635, 0.0000, 0.0000, 0.0000, 0.0000, 0.0000, 0.0000, -0.7129, 0.4509, 0.1707, 0.5092, -0.1816, -0.6670, -0.2527, 0.0000, 0.0000, 0.0000, 0.0000
1, 7.0500, 705, 0.3301, -0.6128, -0.7140, 2.2654, -2.1045, 2.8613, 0.0000, 0.0000, 0.0000, 0.0000, 0.0000, 0.0000, -0.3472, 0.2758, -0.2576, -0.8585, -0.0353, -0.0208, -0.0012, 0.0000, 0.0000, 0.0000, 0.0000
3, 7.0500, 705, -0.1533, -0.8992, -0.0109, 0.7221, -10.5774, -27.5008, 0.0000, 0.0000, 0.0000, 0.0000, 0.0000, 0.0000, 0.5806, -0.6125, -0.3241, -0.4275, 0.0042, -0.0888, -0.0290, 0.0000, 0.0000, 0.0000, 0.0000
2, 7.0500, 705, 0.0060, -0.0295, -0.2664, 42.5273, 47.0094, 3.4218, 0.0000, 0.0000, 0.0000, 0.0000, 0.0000, 0.0000, -0.7104, 0.4515, 0.1754, 0.5107, -0.2193, -0.7896, -0.2660, 0.0000, 0.0000, 0.0000, 0.0000
1, 7.0600, 706, 0.3290, -0.6139, -0.7140, 1.6925, -2.2210, 2.3749, 0.0000, 0.0000, 0.0000, 0.0000, 0.0000, 0.0000, -0.3473, 0.2756, -0.2578, -0.8584, -0.0347, -0.0202, -0.0011, 0.0000, 0.0000, 0.0000, 0.0000
3, 7.0600, 706, -0.1318, -0.9067, -0.0012, 5.8483, -8.6697, -25.7048, 0.0000, 0.0000, 0.0000, 0.0000, 0.0000, 0.0000, 0.5815, -0.6124, -0.3252, -0.4256, -0.0128, -0.0821, -0.0378, 0.0000, 0.0000, 0.0000, 0.0000
3, 7.0700, 707, -0.1121, -0.9130, 0.0054, 9.9524, -5.6601, -23.6109, 0.0000, 0.0000, 0.0000, 0.0000, 0.0000, 0.0000, 0.5820, -0.6125, -0.3266, -0.4237, -0.0283, -0.0764, -0.0428, 0.0000, 0.0000, 0.0000, 0.0000
3, 7.0800, 708, -0.1043, -0.9380, 0.0075, 13.8108, -3.1137, -21.7081, 0.0000, 0.0000, 0.0000, 0.0000, 0.0000, 0.0000, 0.5821, -0.6127, -0.3281, -0.4220, -0.0322, -0.0520, -0.0425, 0.0000, 0.0000, 0.0000, 0.0000
1, 7.0700, 707, 0.3269, -0.6150, -0.7195, 1.2233, -2.2350, 1.9575, 0.0000, 0.0000, 0.0000, 0.0000, 0.0000, 0.0000, -0.3474, 0.2754, -0.2580, -0.8584, -0.0332, -0.0193, 0.0044, 0.0000, 0.0000, 0.0000, 0.0000
3, 7.0900, 709, -0.1044, -0.9562, 0.0050, 14.0265, -1.9228, -19.4962, 0.0000, 0.0000, 0.0000, 0.0000, 0.0000, 0.0000, 0.5822, -0.6129, -0.3296, -0.4205, -0.0286, -0.0344, -0.0374, 0.0000, 0.0000, 0.0000, 0.0000
1, 7.0800, 708, 0.3372, -0.6149, -0.7187, 0.9485, -2.1764, 1.4168, 0.0000, 0.0000, 0.0000, 0.0000, 0.0000, 0.0000, -0.3474, 0.2753, -0.2582, -0.8584, -0.0439, -0.0196, 0.0037, 0.0000, 0.0000, 0.0000, 0.0000
2, 7.0600, 706, 0.0546, 0.0730, -0.2523, 42.0449, 41.9024, 12.8709, 0.0000, 0.0000, 0.0000, 0.0000, 0.0000, 0.0000, -0.7075, 0.4524, 0.1793, 0.5124, -0.2651, -0.8957, -0.2757, 0.0000, 0.0000, 0.0000, 0.0000
3, 7.1000, 710, -0.0966, -0.9612, 0.0062, 12.2009, 0.2294, -17.2040, 0.0000, 0.0000, 0.0000, 0.0000, 0.0000, 0.0000, 0.5821, -0.6130, -0.3310, -0.4193, -0.0332, -0.0298, -0.0364, 0.0000, 0.0000, 0.0000, 0.0000
1, 7.0900, 709, 0.3257, -0.6157, -0.7178, 0.2811, -1.8876, 1.1557, 0.0000, 0.0000, 0.0000, 0.0000, 0.0000, 0.0000, -0.3465, 0.2753, -0.2578, -0.8589, -0.0325, -0.0187, 0.0026, 0.0000, 0.0000, 0.0000, 0.0000
2, 7.0700, 707, 0.0781, 0.1325, -0.2395, 39.0464, 34.3938, 20.6754, 0.0000, 0.0000, 0.0000, 0.0000, 0.0000, 0.0000, -0.7045, 0.4536, 0.1824, 0.5145, -0.2878, -0.9583, -0.2840, 0.0000, 0.0000, 0.0000, 0.0000
3, 7.1100, 711, -0.1008, -0.9597, 0.0084, 10.3472, 2.5260, -14.2492, 0.0000, 0.0000, 0.0000, 0.0000, 0.0000, 0.0000, 0.5820, -0.6130, -0.3322, -0.4184, -0.0263, -0.0318, -0.0367, 0.0000, 0.0000, 0.0000, 0.0000
2, 7.0800, 708, 0.0602, 0.1509, -0.2333, 33.3682, 28.1877, 26.3980, 0.0000, 0.0000, 0.0000, 0.0000, 0.0000, 0.0000, -0.7015, 0.4548, 0.1846, 0.5167, -0.2706, -0.9790, -0.2862, 0.0000, 0.0000, 0.0000, 0.0000
1, 7.1000, 710, 0.3245, -0.6115, -0.7207, -0.2784, -1.5770, 0.7020, 0.0000, 0.0000, 0.0000, 0.0000, 0.0000, 0.0000, -0.3465, 0.2752, -0.2579, -0.8589, -0.0304, -0.0222, 0.0052, 0.0000, 0.0000, 0.0000, 0.0000
3, 7.1200, 712, -0.1041, -0.9457, 0.0049, 9.2591, 4.3699, -10.8131, 0.0000, 0.0000, 0.0000, 0.0000, 0.0000, 0.0000, 0.5818, -0.6131, -0.3334, -0.4178, -0.0210, -0.0461, -0.0316, 0.0000, 0.0000, 0.0000, 0.0000
2, 7.0900, 709, 0.0625, 0.1451, -0.2272, 22.6221, 22.4679, 30.8256, 0.0000, 0.0000, 0.0000, 0.0000, 0.0000, 0.0000, -0.6989, 0.4555, 0.1857, 0.5192, -0.2749, -0.9745, -0.2893, 0.0000, 0.0000, 0.0000, 0.0000
1, 7.1100, 711, 0.3407, -0.6059, -0.7169, -0.5234, -1.2486, 0.3869, 0.0000, 0.0000, 0.0000, 0.0000, 0.0000, 0.0000, -0.3465, 0.2751, -0.2579, -0.8589, -0.0468, -0.0278, 0.0013, 0.0000, 0.0000, 0.0000, 0.0000
2, 7.1000, 710, 0.0898, 0.1497, -0.1996, 8.7567, 15.9285, 35.9443, 0.0000, 0.0000, 0.0000, 0.0000, 0.0000, 0.0000, -0.6967, 0.4559, 0.1857, 0.5218, -0.3054, -0.9790, -0.3159, 0.0000, 0.0000, 0.0000, 0.0000
1, 7.1200, 712, 0.3471, -0.6056, -0.7178, -0.8285, -1.1912, 0.8068, 0.0000, 0.0000, 0.0000, 0.0000, 0.0000, 0.0000, -0.3466, 0.2749, -0.2579, -0.8590, -0.0534, -0.0280, 0.0021, 0.0000, 0.0000, 0.0000, 0.0000
3, 7.1300, 713, -0.1115, -0.9401, 0.0035, 8.2115, 6.6692, -7.5719, 0.0000, 0.0000, 0.0000, 0.0000, 0.0000, 0.0000, 0.5814, -0.6130, -0.3345, -0.4175, -0.0120, -0.0519, -0.0286, 0.0000, 0.0000, 0.0000, 0.0000
3, 7.1400, 714, -0.1129, -0.9358, -0.0038, 6.1325, 8.2286, -5.0507, 0.0000, 0.0000, 0.0000, 0.0000, 0.0000, 0.0000, 0.5810, -0.6129, -0.3354, -0.4175, -0.0095, -0.0564, -0.0203, 0.0000, 0.0000, 0.0000, 0.0000
1, 7.1300, 713, 0.3376, -0.6112, -0.7079, -0.7897, -1.3934, 0.6680, 0.0000, 0.0000, 0.0000, 0.0000, 0.0000, 0.0000, -0.3466, 0.2748, -0.2579, -0.8590, -0.0442, -0.0223, -0.0080, 0.0000, 0.0000, 0.0000, 0.0000
2, 7.1100, 711, 0.0878, 0.1807, -0.1456, -3.7466, 9.6126, 39.7857, 0.0000, 0.0000, 0.0000, 0.0000, 0.0000, 0.0000, -0.6949, 0.4559, 0.1845, 0.5247, -0.3079, -1.0086, -0.3703, 0.0000, 0.0000, 0.0000, 0.0000
2, 7.1200, 712, 0.0745, 0.1893, -0.1164, -11.2583, 5.3259, 41.1021, 0.0000, 0.0000, 0.0000, 0.0000, 0.0000, 0.0000, -0.6933, 0.4556, 0.1827, 0.5276, -0.2999, -1.0149, -0.4010, 0.0000, 0.0000, 0.0000, 0.0000
2, 7.1300, 713, 0.0337, 0.1558, -0.1092, -14.9232, 4.0064, 44.3377, 0.0000, 0.0000, 0.0000, 0.0000, 0.0000, 0.0000, -0.6918, 0.4552, 0.1804, 0.5306, -0.2648, -0.9784, -0.4103, 0.0000, 0.0000, 0.0000, 0.0000
3, 7.1500, 715, -0.1184, -0.9341, -0.0152, 4.4493, 9.9310, -2.9812, 0.0000, 0.0000, 0.0000, 0.0000, 0.0000, 0.0000, 0.5806, -0.6127, -0.3362, -0.4177, -0.0033, -0.0582, -0.0082, 0.0000, 0.0000, 0.0000, 0.0000
1, 7.1400, 714, 0.3464, -0.6130, -0.7142, -1.5561, -1.7197, 0.3230, 0.0000, 0.0000, 0.0000, 0.0000, 0.0000, 0.0000, -0.3460, 0.2752, -0.2573, -0.8593, -0.0528, -0.0202, -0.0018, 0.0000, 0.0000, 0.0000, 0.0000
1, 7.1500, 715, 0.3455, -0.6140, -0.7100, -1.9236, -1.8247, 0.2549, 0.0000, 0.0000, 0.0000, 0.0000, 0.0000, 0.0000, -0.3460, 0.2750, -0.2572, -0.8593, -0.0507, -0.0185, -0.0062, 0.0000, 0.0000, 0.0000, 0.0000
1, 7.1600, 716, 0.3315, -0.6146, -0.7158, -2.5699, -2.1020, 0.1014, 0.0000, 0.0000, 0.0000, 0.0000, 0.0000, 0.0000, -0.3460, 0.2748, -0.2571, -0.8594, -0.0369, -0.0176, -0.0008, 0.0000, 0.0000, 0.0000, 0.0000
3, 7.1600, 716, -0.1211, -0.9366, -0.0274, 3.8929, 10.8924, -1.0365, 0.0000, 0.0000, 0.0000, 0.0000, 0.0000, 0.0000, 0.5801, -0.6124, -0.3369, -0.4182, -0.0002, -0.0557, 0.0045, 0.0000, 0.0000, 0.0000, 0.0000
2, 7.1400, 714, -0.0021, 0.0669, -0.1129, -17.0074, 4.3482, 51.7309, 0.0000, 0.0000, 0.0000, 0.0000, 0.0000, 0.0000, -0.6901, 0.4547, 0.1778, 0.5343, -0.2356, -0.8860, -0.4092, 0.0000, 0.0000, 0.0000, 0.0000
2, 7.1500, 715, -0.0340, -0.0126, -0.1192, -19.8326, 5.4292, 65.0650, 0.0000, 0.0000, 0.0000, 0.0000, 0.0000, 0.0000, -0.6877, 0.4542, 0.1746, 0.5387, -0.2118, -0.8022, -0.4059, 0.0000, 0.0000, 0.0000, 0.0000
1, 7.1700, 717, 0.3131, -0.6093, -0.7243, -3.1144, -1.7948, -0.1602, 0.0000, 0.0000, 0.0000, 0.0000, 0.0000, 0.0000, -0.3461, 0.2746, -0.2569, -0.8596, -0.0188, -0.0226, 0.0073, 0.0000, 0.0000, 0.0000, 0.0000
3, 7.1700, 717, -0.1161, -0.9392, -0.0448, 3.4690, 11.2026, 1.2283, 0.0000, 0.0000, 0.0000, 0.0000, 0.0000, 0.0000, 0.5796, -0.6121, -0.3375, -0.4188, -0.0053, -0.0532, 0.0222, 0.0000, 0.0000, 0.0000, 0.0000
3, 7.1800, 718, -0.1130, -0.9435, -0.0460, 4.0935, 11.6116, 4.0779, 0.0000, 0.0000, 0.0000, 0.0000, 0.0000, 0.0000, 0.5789, -0.6120, -0.3381, -0.4195, -0.0088, -0.0488, 0.0236, 0.0000, 0.0000, 0.0000, 0.0000
1, 7.1800, 718, 0.3023, -0.6099, -0.7209, -3.4767, -1.1133, -1.1403, 0.0000, 0.0000, 0.0000, 0.0000, 0.0000, 0.0000, -0.3460, 0.2744, -0.2567, -0.8597, -0.0081, -0.0215, 0.0034, 0.0000, 0.0000, 0.0000, 0.0000
2, 7.1600, 716, -0.0805, -0.0519, -0.1408, -22.0079, 7.9190, 80.4824, 0.0000, 0.0000, 0.0000, 0.0000, 0.0000, 0.0000, -0.6847, 0.4538, 0.1709, 0.5442, -0.1752, -0.7576, -0.3877, 0.0000, 0.0000, 0.0000, 0.0000
2, 7.1700, 717, -0.0720, -0.0632, -0.1553, -22.0381, 8.4531, 93.1994, 0.0000, 0.0000, 0.0000, 0.0000, 0.0000, 0.0000, -0.6810, 0.4534, 0.1667, 0.5504, -0.1954, -0.7402, -0.3767, 0.0000, 0.0000, 0.0000, 0.0000
3, 7.1900, 719, -0.1077, -0.9424, -0.0355, 4.4446, 13.2100, 6.7424, 0.0000, 0.0000, 0.0000, 0.0000, 0.0000, 0.0000, 0.5780, -0.6120, -0.3385, -0.4204, -0.0151, -0.0498, 0.0135, 0.0000, 0.0000, 0.0000, 0.0000
1, 7.1900, 719, 0.3251, -0.6062, -0.7202, -3.9216, -0.6500, -2.3810, 0.0000, 0.0000, 0.0000, 0.0000, 0.0000, 0.0000, -0.3455, 0.2744, -0.2561, -0.8601, -0.0306, -0.0245, 0.0023, 0.0000, 0.0000, 0.0000, 0.0000
1, 7.2000, 720, 0.3433, -0.6044, -0.7251, -4.0447, -0.2355, -2.6621, 0.0000, 0.0000, 0.0000, 0.0000, 0.0000, 0.0000, -0.3454, 0.2743, -0.2558, -0.8603, -0.0480, -0.0254, 0.0067, 0.0000, 0.0000, 0.0000, 0.0000
3, 7.2000, 720, -0.1093, -0.9522, -0.0235, 5.1572, 15.1428, 8.9711, 0.0000, 0.0000, 0.0000, 0.0000, 0.0000, 0.0000, 0.5770, -0.6119, -0.3390, -0.4215, -0.0149, -0.0398, 0.0021, 0.0000, 0.0000, 0.0000, 0.0000
3, 7.2100, 721, -0.1119, -0.9638, -0.0033, 4.7856, 16.8037, 10.5983, 0.0000, 0.0000, 0.0000, 0.0000, 0.0000, 0.0000, 0.5758, -0.6119, -0.3394, -0.4228, -0.0139, -0.0280, -0.0176, 0.0000, 0.0000, 0.0000, 0.0000
2, 7.1800, 718, -0.0869, -0.1372, -0.1721, -20.5090, 3.5879, 103.1560, 0.0000, 0.0000, 0.0000, 0.0000, 0.0000, 0.0000, -0.6767, 0.4535, 0.1618, 0.5569, -0.1940, -0.6594, -0.3631, 0.0000, 0.0000, 0.0000, 0.0000
2, 7.1900, 719, -0.1608, -0.2551, -0.1967, -18.7100, -1.9985, 105.3408, 0.0000, 0.0000, 0.0000, 0.0000, 0.0000, 0.0000, -0.6723, 0.4540, 0.1566, 0.5634, -0.1346, -0.5344, -0.3412, 0.0000, 0.0000, 0.0000, 0.0000
2, 7.2000, 720, -0.2243, -0.3995, -0.2360, -16.9630, -3.6747, 102.9931, 0.0000, 0.0000, 0.0000, 0.0000, 0.0000, 0.0000, -0.6680, 0.4546, 0.1514, 0.5695, -0.0858, -0.3829, -0.3041, 0.0000, 0.0000, 0.0000, 0.0000
1, 7.2100, 721, 0.3604, -0.6064, -0.7265, -3.7154, -0.3084, -2.2438, 0.0000, 0.0000, 0.0000, 0.0000, 0.0000, 0.0000, -0.3453, 0.2743, -0.2554, -0.8604, -0.0649, -0.0228, 0.0076, 0.0000, 0.0000, 0.0000, 0.0000
3, 7.2200, 722, -0.1286, -0.9818, 0.0084, 4.0909, 17.6833, 12.3502, 0.0000, 0.0000, 0.0000, 0.0000, 0.0000, 0.0000, 0.5746, -0.6119, -0.3398, -0.4242, 0.0008, -0.0098, -0.0289, 0.0000, 0.0000, 0.0000, 0.0000
3, 7.2300, 723, -0.1413, -0.9919, 0.0036, 3.1967, 18.3686, 14.3812, 0.0000, 0.0000, 0.0000, 0.0000, 0.0000, 0.0000, 0.5733, -0.6118, -0.3401, -0.4258, 0.0112, 0.0006, -0.0238, 0.0000, 0.0000, 0.0000, 0.0000
1, 7.2200, 722, 0.3575, -0.6036, -0.7268, -3.3384, -0.5264, -1.3533, 0.0000, 0.0000, 0.0000, 0.0000, 0.0000, 0.0000, -0.3452, 0.2741, -0.2552, -0.8605, -0.0619, -0.0251, 0.0075, 0.0000, 0.0000, 0.0000, 0.0000
2, 7.2100, 721, -0.2366, -0.5635, -0.3201, -17.4597, -3.3304, 101.8420, 0.0000, 0.0000, 0.0000, 0.0000, 0.0000, 0.0000, -0.6636, 0.4550, 0.1463, 0.5755, -0.0876, -0.2116, -0.2222, 0.0000, 0.0000, 0.0000, 0.0000
2, 7.2200, 722, -0.2479, -0.6421, -0.4002, -19.3895, -5.6783, 103.5153, 0.0000, 0.0000, 0.0000, 0.0000, 0.0000, 0.0000, -0.6592, 0.4555, 0.1409, 0.5815, -0.0905, -0.1254, -0.1443, 0.0000, 0.0000, 0.0000, 0.0000
3, 7.2400, 724, -0.1639, -1.0041, -0.0032, 3.6488, 19.6168, 16.1757, 0.0000, 0.0000, 0.0000, 0.0000, 0.0000, 0.0000, 0.5720, -0.6117, -0.3404, -0.4276, 0.0312, 0.0131, -0.0169, 0.0000, 0.0000, 0.0000, 0.0000
1, 7.2300, 723, 0.3466, -0.6022, -0.7338, -2.9043, -0.7551, -0.7774, 0.0000, 0.0000, 0.0000, 0.0000, 0.0000, 0.0000, -0.3452, 0.2740, -0.2550, -0.8607, -0.0510, -0.0260, 0.0141, 0.0000, 0.0000, 0.0000, 0.0000
1, 7.2400, 724, 0.3408, -0.6034, -0.7265, -2.4189, -0.5524, -0.3785, 0.0000, 0.0000, 0.0000, 0.0000, 0.0000, 0.0000, -0.3441, 0.2739, -0.2543, -0.8613, -0.0448, -0.0242, 0.0063, 0.0000, 0.0000, 0.0000, 0.0000
3, 7.2500, 725, -0.1828, -1.0145, -0.0325, 4.1511, 22.6805, 17.5913, 0.0000, 0.0000, 0.0000, 0.0000, 0.0000, 0.0000, 0.5704, -0.6116, -0.3407, -0.4296, 0.0472, 0.0239, 0.0126, 0.0000, 0.0000, 0.0000, 0.0000
2, 7.2300, 723, -0.3132, -0.7469, -0.4631, -22.9128, -12.4865, 105.3534, 0.0000, 0.0000, 0.0000, 0.0000, 0.0000, 0.0000, -0.6549, 0.4561, 0.1348, 0.5873, -0.0402, -0.0121, -0.0836, 0.0000, 0.0000, 0.0000, 0.0000
2, 7.2400, 724, -0.4031, -0.8965, -0.5149, -29.1171, -18.4568, 106.1557, 0.0000, 0.0000, 0.0000, 0.0000, 0.0000, 0.0000, -0.6508, 0.4566, 0.1281, 0.5929, 0.0343, 0.1466, -0.0342, 0.0000, 0.0000, 0.0000, 0.0000
1, 7.2500, 725, 0.3174, -0.5997, -0.7295, -2.1939, -0.1916, -0.3461, 0.0000, 0.0000, 0.0000, 0.0000, 0.0000, 0.0000, -0.3441, 0.2739, -0.2541, -0.8614, -0.0206, -0.0267, 0.0087, 0.0000, 0.0000, 0.0000, 0.0000
3, 7.2600, 726, -0.1710, -1.0142, -0.0572, 1.2945, 26.4142, 18.7284, 0.0000, 0.0000, 0.0000, 0.0000, 0.0000, 0.0000, 0.5689, -0.6112, -0.3411, -0.4319, 0.0323, 0.0241, 0.0373, 0.0000, 0.0000, 0.0000, 0.0000
3, 7.2700, 727, -0.1831, -1.0119, -0.0499, -2.0144, 30.8864, 19.7167, 0.0000, 0.0000, 0.0000, 0.0000, 0.0000, 0.0000, 0.5673, -0.6105, -0.3414, -0.4346, 0.0411, 0.0222, 0.0290, 0.0000, 0.0000, 0.0000, 0.0000
3, 7.2800, 728, -0.1923, -0.9848, -0.0412, -5.7778, 35.7485, 20.5936, 0.0000, 0.0000, 0.0000, 0.0000, 0.0000, 0.0000, 0.5657, -0.6095, -0.3419, -0.4377, 0.0468, -0.0043, 0.0187, 0.0000, 0.0000, 0.0000, 0.0000
1, 7.2600, 726, 0.3313, -0.6047, -0.7316, -1.9631, 0.1255, -0.7153, 0.0000, 0.0000, 0.0000, 0.0000, 0.0000, 0.0000, -0.3441, 0.2738, -0.2540, -0.8615, -0.0343, -0.0215, 0.0106, 0.0000, 0.0000, 0.0000, 0.0000
2, 7.2500, 725, -0.5192, -1.0570, -0.5413, -36.1792, -17.7924, 109.5179, 0.0000, 0.0000, 0.0000, 0.0000, 0.0000, 0.0000, -0.6468, 0.4567, 0.1208, 0.5988, 0.1345, 0.3174, -0.0109, 0.0000, 0.0000, 0.0000, 0.0000
2, 7.2600, 726, -0.6516, -1.2094, -0.5784, -44.2678, -7.4366, 119.9039, 0.0000, 0.0000, 0.0000, 0.0000, 0.0000, 0.0000, -0.6423, 0.4558, 0.1133, 0.6057, 0.2510, 0.4817, 0.0217, 0.0000, 0.0000, 0.0000, 0.0000
1, 7.2700, 727, 0.3415, -0.6038, -0.7290, -1.5235, 0.3204, -0.8400, 0.0000, 0.0000, 0.0000, 0.0000, 0.0000, 0.0000, -0.3441, 0.2738, -0.2538, -0.8615, -0.0445, -0.0221, 0.0078, 0.0000, 0.0000, 0.0000, 0.0000
2, 7.2700, 727, -0.6679, -1.2335, -0.6046, -51.0175, 6.2070, 138.8546, 0.0000, 0.0000, 0.0000, 0.0000, 0.0000, 0.0000, -0.6369, 0.4540, 0.1054, 0.6142, 0.2509, 0.5200, 0.0417, 0.0000, 0.0000, 0.0000, 0.0000
1, 7.2800, 728, 0.3472, -0.6011, -0.7252, -1.1360, 0.1000, -0.7355, 0.0000, 0.0000, 0.0000, 0.0000, 0.0000, 0.0000, -0.3441, 0.2738, -0.2537, -0.8616, -0.0500, -0.0246, 0.0039, 0.0000, 0.0000, 0.0000, 0.0000
3, 7.2900, 729, -0.1936, -0.9544, -0.0379, -9.0748, 38.6372, 22.5360, 0.0000, 0.0000, 0.0000, 0.0000, 0.0000, 0.0000, 0.5642, -0.6082, -0.3422, -0.4411, 0.0445, -0.0341, 0.0130, 0.0000, 0.0000, 0.0000, 0.0000
2, 7.2800, 728, -0.5911, -1.1154, -0.5588, -51.2771, 16.7949, 161.8862, 0.0000, 0.0000, 0.0000, 0.0000, 0.0000, 0.0000, -0.6300, 0.4517, 0.0972, 0.6242, 0.1565, 0.4184, -0.0115, 0.0000, 0.0000, 0.0000, 0.0000
1, 7.2900, 729, 0.3478, -0.6037, -0.7277, -1.1900, 0.2363, -0.7360, 0.0000, 0.0000, 0.0000, 0.0000, 0.0000, 0.0000, -0.3426, 0.2746, -0.2527, -0.8622, -0.0498, -0.0214, 0.0063, 0.0000, 0.0000, 0.0000, 0.0000
3, 7.3000, 730, -0.1904, -0.9590, -0.0467, -7.0541, 39.9713, 24.3611, 0.0000, 0.0000, 0.0000, 0.0000, 0.0000, 0.0000, 0.5624, -0.6071, -0.3426, -0.4447, 0.0375, -0.0289, 0.0194, 0.0000, 0.0000, 0.0000, 0.0000
1, 7.3000, 730, 0.3397, -0.6036, -0.7288, -1.2102, 0.1976, -0.5087, 0.0000, 0.0000, 0.0000, 0.0000, 0.0000, 0.0000, -0.3426, 0.2746, -0.2526, -0.8622, -0.0393, -0.0202, 0.0072, 0.0000, 0.0000, 0.0000, 0.0000
1, 7.3100, 731, 0.3305, -0.5982, -0.7290, -1.3168, 0.3682, -0.5441, 0.0000, 0.0000, 0.0000, 0.0000, 0.0000, 0.0000, -0.3426, 0.2746, -0.2525, -0.8623, -0.0300, -0.0254, 0.0073, 0.0000, 0.0000, 0.0000, 0.0000
2, 7.2900, 729, -0.5748, -0.9280, -0.5217, -37.7409, 24.0920, 174.1669, 0.0000, 0.0000, 0.0000, 0.0000, 0.0000, 0.0000, -0.6217, 0.4497, 0.0896, 0.6350, 0.1219, 0.2486, -0.0556, 0.0000, 0.0000, 0.0000, 0.0000
3, 7.3100, 731, -0.1801, -0.9485, -0.0405, -8.4282, 40.8131, 26.6837, 0.0000, 0.0000, 0.0000, 0.0000, 0.0000, 0.0000, 0.5606, -0.6059, -0.3429, -0.4484, 0.0230, -0.0387, 0.0108, 0.0000, 0.0000, 0.0000, 0.0000
2, 7.3000, 730, -0.5190, -0.8298, -0.5054, -12.7624, 28.6511, 171.2878, 0.0000, 0.0000, 0.0000, 0.0000, 0.0000, 0.0000, -0.6124, 0.4487, 0.0837, 0.6454, 0.0485, 0.1667, -0.0767, 0.0000, 0.0000, 0.0000, 0.0000
2, 7.3100, 731, -0.5525, -0.9023, -0.5346, 16.2412, 29.8691, 152.7766, 0.0000, 0.0000, 0.0000, 0.0000, 0.0000, 0.0000, -0.6029, 0.4490, 0.0802, 0.6546, 0.0666, 0.2520, -0.0493, 0.0000, 0.0000, 0.0000, 0.0000
3, 7.3200, 732, -0.1706, -0.9461, -0.0280, -7.0136, 42.3886, 28.9909, 0.0000, 0.0000, 0.0000, 0.0000, 0.0000, 0.0000, 0.5586, -0.6047, -0.3432, -0.4523, 0.0088, -0.0402, -0.0042, 0.0000, 0.0000, 0.0000, 0.0000
1, 7.3200, 732, 0.3284, -0.6009, -0.7302, -1.2976, 0.8209, -0.9656, 0.0000, 0.0000, 0.0000, 0.0000, 0.0000, 0.0000, -0.3426, 0.2746, -0.2523, -0.8623, -0.0277, -0.0225, 0.0084, 0.0000, 0.0000, 0.0000, 0.0000
1, 7.3300, 733, 0.3433, -0.6058, -0.7279, -1.4168, 0.9292, -1.3325, 0.0000, 0.0000, 0.0000, 0.0000, 0.0000, 0.0000, -0.3425, 0.2747, -0.2521, -0.8624, -0.0424, -0.0173, 0.0059, 0.0000, 0.0000, 0.0000, 0.0000
2, 7.3200, 732, -0.5820, -1.1467, -0.5463, 37.3426, 32.1529, 131.1960, 0.0000, 0.0000, 0.0000, 0.0000, 0.0000, 0.0000, -0.5937, 0.4500, 0.0789, 0.6624, 0.0836, 0.5052, -0.0369, 0.0000, 0.0000, 0.0000, 0.0000
3, 7.3300, 733, -0.1549, -0.9747, -0.0190, -4.3641, 42.9131, 30.9318, 0.0000, 0.0000, 0.0000, 0.0000, 0.0000, 0.0000, 0.5563, -0.6037, -0.3434, -0.4562, -0.0119, -0.0107, -0.0154, 0.0000, 0.0000, 0.0000, 0.0000
2, 7.3300, 733, -0.6831, -1.2002, -0.4560, 53.4605, 49.5751, 111.4472, 0.0000, 0.0000, 0.0000, 0.0000, 0.0000, 0.0000, -0.5848, 0.4506, 0.0802, 0.6697, 0.1755, 0.5645, -0.1256, 0.0000, 0.0000, 0.0000, 0.0000
3, 7.3400, 734, -0.1266, -1.0086, -0.0061, -2.4129, 42.8848, 31.2461, 0.0000, 0.0000, 0.0000, 0.0000, 0.0000, 0.0000, 0.5539, -0.6029, -0.3438, -0.4600, -0.0453, 0.0242, -0.0300, 0.0000, 0.0000, 0.0000, 0.0000
3, 7.3500, 735, -0.1144, -1.0175, 0.0040, -1.9623, 43.3407, 30.7753, 0.0000, 0.0000, 0.0000, 0.0000, 0.0000, 0.0000, 0.5515, -0.6019, -0.3442, -0.4638, -0.0625, 0.0340, -0.0418, 0.0000, 0.0000, 0.0000, 0.0000
1, 7.3400, 734, 0.3513, -0.6089, -0.7269, -1.3621, 0.5515, -1.2260, 0.0000, 0.0000, 0.0000, 0.0000, 0.0000, 0.0000, -0.3420, 0.2753, -0.2515, -0.8625, -0.0498, -0.0138, 0.0049, 0.0000, 0.0000, 0.0000, 0.0000
1, 7.3500, 735, 0.3627, -0.6080, -0.7230, -1.5010, -0.1573, -0.8901, 0.0000, 0.0000, 0.0000, 0.0000, 0.0000, 0.0000, -0.3420, 0.2753, -0.2514, -0.8626, -0.0597, -0.0141, 0.0010, 0.0000, 0.0000, 0.0000, 0.0000
3, 7.3600, 736, -0.1344, -1.0331, 0.0021, -1.8915, 44.3462, 29.9831, 0.0000, 0.0000, 0.0000, 0.0000, 0.0000, 0.0000, 0.5490, -0.6009, -0.3446, -0.4676, -0.0475, 0.0506, -0.0416, 0.0000, 0.0000, 0.0000, 0.0000
2, 7.3400, 734, -2.1524, -2.7260, -0.3604, 63.4677, 74.9537, 74.9720, 0.0000, 0.0000, 0.0000, 0.0000, 0.0000, 0.0000, -0.5773, 0.4500, 0.0848, 0.6760, 1.6414, 2.0920, -0.2201, 0.0000, 0.0000, 0.0000, 0.0000
1, 7.3600, 736, 0.3683, -0.6047, -0.7290, -1.5730, -1.2167, -0.0637, 0.0000, 0.0000, 0.0000, 0.0000, 0.0000, 0.0000, -0.3420, 0.2751, -0.2513, -0.8627, -0.0654, -0.0171, 0.0068, 0.0000, 0.0000, 0.0000, 0.0000
1, 7.3700, 737, 0.3588, -0.6028, -0.7475, -1.1927, -2.3305, 1.1805, 0.0000, 0.0000, 0.0000, 0.0000, 0.0000, 0.0000, -0.3420, 0.2749, -0.2513, -0.8627, -0.0562, -0.0189, 0.0250, 0.0000, 0.0000, 0.0000, 0.0000
3, 7.3700, 737, -0.1538, -1.0264, -0.0106, -3.7256, 46.1678, 29.5004, 0.0000, 0.0000, 0.0000, 0.0000, 0.0000, 0.0000, 0.5466, -0.5998, -0.3452, -0.4715, -0.0327, 0.0448, -0.0309, 0.0000, 0.0000, 0.0000, 0.0000
3, 7.3800, 738, -0.1377, -0.9989, -0.0189, -8.8000, 47.9061, 29.8806, 0.0000, 0.0000, 0.0000, 0.0000, 0.0000, 0.0000, 0.5444, -0.5983, -0.3455, -0.4757, -0.0535, 0.0183, -0.0252, 0.0000, 0.0000, 0.0000, 0.0000
2, 7.3500, 735, -1.2715, -2.3247, -0.5427, -23.2290, 233.5439, -17.2805, 0.0000, 0.0000, 0.0000, 0.0000, 0.0000, 0.0000, -0.5774, 0.4348, 0.0958, 0.6844, 0.7747, 1.6899, -0.0490, 0.0000, 0.0000, 0.0000, 0.0000
1, 7.3800, 738, 0.3647, -0.6109, -0.7383, 0.8096, -3.4568, 2.1398, 0.0000, 0.0000, 0.0000, 0.0000, 0.0000, 0.0000, -0.3421, 0.2746, -0.2515, -0.8627, -0.0626, -0.0108, 0.0157, 0.0000, 0.0000, 0.0000, 0.0000
3, 7.3900, 739, -0.1457, -1.0021, 0.0853, -14.6606, 49.0681, 31.7949, 0.0000, 0.0000, 0.0000, 0.0000, 0.0000, 0.0000, 0.5423, -0.5965, -0.3456, -0.4802, -0.0504, 0.0227, -0.1332, 0.0000, 0.0000, 0.0000, 0.0000
1, 7.3900, 739, 0.3643, -0.5968, -0.7363, 1.6114, -4.6364, 3.4702, 0.0000, 0.0000, 0.0000, 0.0000, 0.0000, 0.0000, -0.3417, 0.2741, -0.2517, -0.8630, -0.0630, -0.0251, 0.0135, 0.0000, 0.0000, 0.0000, 0.0000
1, 7.4000, 740, 0.3184, -0.5964, -0.7637, 2.7783, -4.2771, 4.0930, 0.0000, 0.0000, 0.0000, 0.0000, 0.0000, 0.0000, -0.3419, 0.2738, -0.2521, -0.8629, -0.0179, -0.0257, 0.0408, 0.0000, 0.0000, 0.0000, 0.0000
1, 7.4100, 741, 0.3684, -0.6212, -0.7884, 6.2140, -3.7042, 4.5846, 0.0000, 0.0000, 0.0000, 0.0000, 0.0000, 0.0000, -0.3420, 0.2736, -0.2528, -0.8627, -0.0688, -0.0017, 0.0657, 0.0000, 0.0000, 0.0000, 0.0000
1, 7.4200, 742, 0.4212, -0.6120, -0.8137, 12.5136, -2.2213, 7.3494, 0.0000, 0.0000, 0.0000, 0.0000, 0.0000, 0.0000, -0.3422, 0.2737, -0.2540, -0.8623, -0.1226, -0.0125, 0.0920, 0.0000, 0.0000, 0.0000, 0.0000
3, 7.4000, 740, -0.1985, -1.0002, 0.2043, -24.7196, 50.3755, 35.0163, 0.0000, 0.0000, 0.0000, 0.0000, 0.0000, 0.0000, 0.5406, -0.5943, -0.3451, -0.4853, -0.0029, 0.0221, -0.2574, 0.0000, 0.0000, 0.0000, 0.0000
3, 7.4100, 741, -0.1817, -1.0173, 0.2664, -32.2423, 42.6728, 35.7715, 0.0000, 0.0000, 0.0000, 0.0000, 0.0000, 0.0000, 0.5395, -0.5920, -0.3439, -0.4901, -0.0254, 0.0408, -0.3262, 0.0000, 0.0000, 0.0000, 0.0000
3, 7.4200, 742, -0.1984, -1.0191, 0.2879, -37.1005, 34.6765, 32.0109, 0.0000, 0.0000, 0.0000, 0.0000, 0.0000, 0.0000, 0.5389, -0.5900, -0.3424, -0.4943, -0.0140, 0.0443, -0.3551, 0.0000, 0.0000, 0.0000, 0.0000
1, 7.4300, 743, 0.4598, -0.6173, -0.8097, 22.0135, -1.3895, 11.9225, 0.0000, 0.0000, 0.0000, 0.0000, 0.0000, 0.0000, -0.3425, 0.2739, -0.2560, -0.8615, -0.1626, -0.0100, 0.0899, 0.0000, 0.0000, 0.0000, 0.0000
3, 7.4300, 743, -0.3613, -1.0028, 0.2320, -25.3676, 28.5498, 23.1956, 0.0000, 0.0000, 0.0000, 0.0000, 0.0000, 0.0000, 0.5383, -0.5882, -0.3414, -0.4977, 0.1445, 0.0293, -0.3051, 0.0000, 0.0000, 0.0000, 0.0000
2, 7.3600, 736, 1.0669, -1.3380, -1.8945, -102.3002, 250.6211, 144.1373, 0.0000, 0.0000, 0.0000, 0.0000, 0.0000, 0.0000, -0.5703, 0.4158, 0.0969, 0.7018, -1.5412, 0.7182, 1.2694, 0.0000, 0.0000, 0.0000, 0.0000
1, 7.4400, 744, 0.4358, -0.6027, -0.8365, 31.3735, -0.3329, 16.2855, 0.0000, 0.0000, 0.0000, 0.0000, 0.0000, 0.0000, -0.3428, 0.2745, -0.2587, -0.8604, -0.1402, -0.0288, 0.1197, 0.0000, 0.0000, 0.0000, 0.0000
3, 7.4400, 744, -0.4684, -1.0287, 0.1408, 0.6208, 25.2342, 6.9409, 0.0000, 0.0000, 0.0000, 0.0000, 0.0000, 0.0000, 0.5372, -0.5874, -0.3423, -0.4993, 0.2498, 0.0558, -0.2166, 0.0000, 0.0000, 0.0000, 0.0000
3, 7.4500, 745, -0.4600, -1.0146, 0.0653, 20.9605, 21.5143, -12.1202, 0.0000, 0.0000, 0.0000, 0.0000, 0.0000, 0.0000, 0.5360, -0.5870, -0.3448, -0.4992, 0.2425, 0.0414, -0.1394, 0.0000, 0.0000, 0.0000, 0.0000
1, 7.4500, 745, 0.4469, -0.5961, -0.9100, 43.0014, 2.1580, 21.0873, 0.0000, 0.0000, 0.0000, 0.0000, 0.0000, 0.0000, -0.3434, 0.2755, -0.2623, -0.8587, -0.1531, -0.0411, 0.1974, 0.0000, 0.0000, 0.0000, 0.0000
3, 7.4600, 746, -0.3888, -0.8932, 0.0410, 26.2609, 29.5799, -24.3727, 0.0000, 0.0000, 0.0000, 0.0000, 0.0000, 0.0000, 0.5349, -0.5862, -0.3486, -0.4987, 0.1751, -0.0811, -0.1119, 0.0000, 0.0000, 0.0000, 0.0000
1, 7.4600, 746, 0.4543, -0.5652, -0.9601, 60.3015, 2.7107, 26.5255, 0.0000, 0.0000, 0.0000, 0.0000, 0.0000, 0.0000, -0.3440, 0.2769, -0.2674, -0.8565, -0.1630, -0.0799, 0.2536, 0.0000, 0.0000, 0.0000, 0.0000
2, 7.3700, 737, -0.8074, -0.3020, -1.0964, -128.5961, 62.3435, 77.8466, 0.0000, 0.0000, 0.0000, 0.0000, 0.0000, 0.0000, -0.5696, 0.4062, 0.0892, 0.7089, 0.3341, -0.2955, 0.4491, 0.0000, 0.0000, 0.0000, 0.0000
3, 7.4700, 747, -0.2874, -0.7730, 0.0061, 32.2610, 42.9397, -26.2803, 0.0000, 0.0000, 0.0000, 0.0000, 0.0000, 0.0000, 0.5330, -0.5851, -0.3533, -0.4987, 0.0786, -0.2027, -0.0733, 0.0000, 0.0000, 0.0000, 0.0000
3, 7.4800, 748, -0.1861, -0.7047, 0.0093, 37.2794, 56.4497, -18.9056, 0.0000, 0.0000, 0.0000, 0.0000, 0.0000, 0.0000, 0.5301, -0.5838, -0.3585, -0.4996, -0.0184, -0.2722, -0.0721, 0.0000, 0.0000, 0.0000, 0.0000
1, 7.4700, 747, 0.5206, -0.6985, -0.8764, 71.6493, 4.8539, 31.4698, 0.0000, 0.0000, 0.0000, 0.0000, 0.0000, 0.0000, -0.3447, 0.2786, -0.2734, -0.8537, -0.2323, 0.0436, 0.1779, 0.0000, 0.0000, 0.0000, 0.0000
2, 7.3800, 738, -1.8687, -0.1092, -0.8773, -117.3632, 102.6672, 67.4965, 0.0000, 0.0000, 0.0000, 0.0000, 0.0000, 0.0000, -0.5687, 0.3945, 0.0847, 0.7168, 1.3978, -0.4679, 0.2101, 0.0000, 0.0000, 0.0000, 0.0000
1, 7.4800, 748, 0.3507, -0.5673, -0.9149, 76.4702, 21.9781, 41.1108, 0.0000, 0.0000, 0.0000, 0.0000, 0.0000, 0.0000, -0.3464, 0.2816, -0.2794, -0.8501, -0.0648, -0.0986, 0.2258, 0.0000, 0.0000, 0.0000, 0.0000
3, 7.4900, 749, -0.1472, -0.7424, 0.0239, 37.6189, 64.6064, -5.1602, 0.0000, 0.0000, 0.0000, 0.0000, 0.0000, 0.0000, 0.5264, -0.5826, -0.3634, -0.5014, -0.0548, -0.2352, -0.0825, 0.0000, 0.0000, 0.0000, 0.0000
2, 7.3900, 739, -1.0158, -0.3131, -1.2486, -92.5024, 64.8703, 24.3837, 0.0000, 0.0000, 0.0000, 0.0000, 0.0000, 0.0000, -0.5699, 0.3860, 0.0813, 0.7209, 0.5499, -0.2488, 0.5651, 0.0000, 0.0000, 0.0000, 0.0000
2, 7.4000, 740, -0.1614, -0.5209, -1.5057, -45.5325, 37.2506, 5.2500, 0.0000, 0.0000, 0.0000, 0.0000, 0.0000, 0.0000, -0.5708, 0.3814, 0.0801, 0.7227, -0.2995, -0.0319, 0.8114, 0.0000, 0.0000, 0.0000, 0.0000
2, 7.4100, 741, -0.3568, -0.4387, -1.1568, 1.8408, -1.4458, 7.6262, 0.0000, 0.0000, 0.0000, 0.0000, 0.0000, 0.0000, -0.5703, 0.3816, 0.0799, 0.7230, -0.1033, -0.1119, 0.4603, 0.0000, 0.0000, 0.0000, 0.0000
2, 7.4200, 742, -0.3086, -0.5151, -0.9293, 17.2482, -28.6401, 4.9615, 0.0000, 0.0000, 0.0000, 0.0000, 0.0000, 0.0000, -0.5696, 0.3843, 0.0794, 0.7222, -0.1545, -0.0366, 0.2357, 0.0000, 0.0000, 0.0000, 0.0000
2, 7.4300, 743, -0.3211, -0.5781, -0.6753, 23.3378, -36.4069, 10.1912, 0.0000, 0.0000, 0.0000, 0.0000, 0.0000, 0.0000, -0.5684, 0.3878, 0.0787, 0.7213, -0.1470, 0.0243, -0.0134, 0.0000, 0.0000, 0.0000, 0.0000
3, 7.5000, 750, -0.2075, -0.8588, -0.0491, 36.7372, 59.9860, 12.6616, 0.0000, 0.0000, 0.0000, 0.0000, 0.0000, 0.0000, 0.5221, -0.5820, -0.3671, -0.5039, 0.0051, -0.1189, -0.0054, 0.0000, 0.0000, 0.0000, 0.0000
1, 7.4900, 749, 0.2067, -0.5926, -1.2494, 76.8410, 57.1480, 57.2942, 0.0000, 0.0000, 0.0000, 0.0000, 0.0000, 0.0000, -0.3501, 0.2867, -0.2848, -0.8451, 0.0784, -0.0849, 0.5714, 0.0000, 0.0000, 0.0000, 0.0000
3, 7.5100, 751, -0.2935, -0.9795, -0.1362, 35.0007, 49.8493, 28.3654, 0.0000, 0.0000, 0.0000, 0.0000, 0.0000, 0.0000, 0.5174, -0.5823, -0.3695, -0.5066, 0.0877, 0.0022, 0.0859, 0.0000, 0.0000, 0.0000, 0.0000
1, 7.5000, 750, 0.3648, -1.2953, -1.1263, 78.9611, 82.7619, 54.0835, 0.0000, 0.0000, 0.0000, 0.0000, 0.0000, 0.0000, -0.3541, 0.2938, -0.2894, -0.8393, -0.0782, 0.6056, 0.4613, 0.0000, 0.0000, 0.0000, 0.0000
2, 7.4400, 744, -0.5854, -0.6130, -0.3907, 14.0290, -29.3170, 15.8895, 0.0000, 0.0000, 0.0000, 0.0000, 0.0000, 0.0000, -0.5669, 0.3911, 0.0775, 0.7208, 0.1118, 0.0582, -0.2933, 0.0000, 0.0000, 0.0000, 0.0000
3, 7.5200, 752, -0.3545, -1.1403, -0.1577, 31.3810, 41.9124, 39.2169, 0.0000, 0.0000, 0.0000, 0.0000, 0.0000, 0.0000, 0.5127, -0.5831, -0.3707, -0.5095, 0.1430, 0.1641, 0.1113, 0.0000, 0.0000, 0.0000, 0.0000
2, 7.4500, 745, -0.6473, -0.6195, -0.3304, -3.4751, -11.7015, 14.0718, 0.0000, 0.0000, 0.0000, 0.0000, 0.0000, 0.0000, -0.5662, 0.3918, 0.0762, 0.7211, 0.1693, 0.0651, -0.3509, 0.0000, 0.0000, 0.0000, 0.0000
2, 7.4600, 746, -0.5624, -0.5939, -0.5036, -15.6355, 3.2650, 10.3636, 0.0000, 0.0000, 0.0000, 0.0000, 0.0000, 0.0000, -0.5661, 0.3909, 0.0750, 0.7219, 0.0830, 0.0420, -0.1787, 0.0000, 0.0000, 0.0000, 0.0000
2, 7.4700, 747, -0.5494, -0.5847, -0.6275, -17.7153, 8.8132, 7.4711, 0.0000, 0.0000, 0.0000, 0.0000, 0.0000, 0.0000, -0.5662, 0.3895, 0.0741, 0.7227, 0.0702, 0.0356, -0.0572, 0.0000, 0.0000, 0.0000, 0.0000
2, 7.4800, 748, -0.5351, -0.5664, -0.7083, -14.4088, 7.8155, 5.7724, 0.0000, 0.0000, 0.0000, 0.0000, 0.0000, 0.0000, -0.5663, 0.3883, 0.0733, 0.7233, 0.0562, 0.0197, 0.0214, 0.0000, 0.0000, 0.0000, 0.0000
1, 7.5100, 751, 0.6434, -1.7538, -1.1364, 59.3618, 115.3384, 40.7840, 0.0000, 0.0000, 0.0000, 0.0000, 0.0000, 0.0000, -0.3585, 0.3031, -0.2912, -0.8336, -0.3502, 1.0541, 0.4849, 0.0000, 0.0000, 0.0000, 0.0000
3, 7.5300, 753, -0.4049, -1.3299, -0.1536, 25.7274, 34.1793, 44.1632, 0.0000, 0.0000, 0.0000, 0.0000, 0.0000, 0.0000, 0.5084, -0.5842, -0.3711, -0.5124, 0.1862, 0.3550, 0.1105, 0.0000, 0.0000, 0.0000, 0.0000
1, 7.5200, 752, 0.9938, -1.9483, -1.0543, 19.3424, 104.4041, 55.1235, 0.0000, 0.0000, 0.0000, 0.0000, 0.0000, 0.0000, -0.3646, 0.3098, -0.2908, -0.8285, -0.6938, 1.2421, 0.4130, 0.0000, 0.0000, 0.0000, 0.0000
3, 7.5400, 754, -0.4153, -1.4371, -0.1089, 13.2752, 35.3804, 39.6791, 0.0000, 0.0000, 0.0000, 0.0000, 0.0000, 0.0000, 0.5048, -0.5845, -0.3713, -0.5155, 0.1897, 0.4637, 0.0676, 0.0000, 0.0000, 0.0000, 0.0000
2, 7.4900, 749, -0.5393, -0.5642, -0.7152, -9.5136, 4.9962, 4.5464, 0.0000, 0.0000, 0.0000, 0.0000, 0.0000, 0.0000, -0.5661, 0.3877, 0.0727, 0.7238, 0.0607, 0.0194, 0.0267, 0.0000, 0.0000, 0.0000, 0.0000
2, 7.5000, 750, -0.5157, -0.5662, -0.7287, -4.6911, 0.9777, 2.8103, 0.0000, 0.0000, 0.0000, 0.0000, 0.0000, 0.0000, -0.5661, 0.3874, 0.0724, 0.7240, 0.0367, 0.0225, 0.0395, 0.0000, 0.0000, 0.0000, 0.0000
2, 7.5100, 751, -0.5036, -0.5747, -0.7154, -0.5925, -3.1337, 2.8279, 0.0000, 0.0000, 0.0000, 0.0000, 0.0000, 0.0000, -0.5660, 0.3876, 0.0721, 0.7241, 0.0242, 0.0316, 0.0261, 0.0000, 0.0000, 0.0000, 0.0000
2, 7.5200, 752, -0.5530, -0.5705, -0.6639, 2.1800, -4.7321, 1.9819, 0.0000, 0.0000, 0.0000, 0.0000, 0.0000, 0.0000, -0.5658, 0.3880, 0.0719, 0.7240, 0.0729, 0.0273, -0.0249, 0.0000, 0.0000, 0.0000, 0.0000
1, 7.5300, 753, 0.7608, -1.3624, -1.0245, -24.3168, 61.8966, 73.1981, 0.0000, 0.0000, 0.0000, 0.0000, 0.0000, 0.0000, -0.3721, 0.3117, -0.2890, -0.8251, -0.4604, 0.6537, 0.3862, 0.0000, 0.0000, 0.0000, 0.0000
3, 7.5500, 755, -0.3989, -1.4161, -0.0859, -3.2561, 45.5670, 29.7182, 0.0000, 0.0000, 0.0000, 0.0000, 0.0000, 0.0000, 0.5021, -0.5832, -0.3716, -0.5193, 0.1680, 0.4441, 0.0435, 0.0000, 0.0000, 0.0000, 0.0000
1, 7.5400, 754, 0.1940, -0.8153, -0.7749, -45.6675, 41.3499, 98.6631, 0.0000, 0.0000, 0.0000, 0.0000, 0.0000, 0.0000, -0.3815, 0.3106, -0.2871, -0.8219, 0.1006, 0.1064, 0.1341, 0.0000, 0.0000, 0.0000, 0.0000
1, 7.5500, 755, 0.0614, -0.7412, -0.6364, -42.9441, 60.7684, 121.6766, 0.0000, 0.0000, 0.0000, 0.0000, 0.0000, 0.0000, -0.3929, 0.3105, -0.2853, -0.8172, 0.2250, 0.0316, -0.0073, 0.0000, 0.0000, 0.0000, 0.0000
2, 7.5300, 753, -0.5213, -0.5821, -0.6610, 3.5005, -5.3698, 0.3356, 0.0000, 0.0000, 0.0000, 0.0000, 0.0000, 0.0000, -0.5657, 0.3885, 0.0719, 0.7238, 0.0404, 0.0387, -0.0271, 0.0000, 0.0000, 0.0000, 0.0000
3, 7.5600, 756, -0.3778, -1.2827, -0.1049, -16.3659, 56.6311, 20.9516, 0.0000, 0.0000, 0.0000, 0.0000, 0.0000, 0.0000, 0.5001, -0.5806, -0.3723, -0.5236, 0.1432, 0.3118, 0.0584, 0.0000, 0.0000, 0.0000, 0.0000
3, 7.5700, 757, -0.3770, -1.1030, -0.1248, -18.1514, 61.9893, 16.4280, 0.0000, 0.0000, 0.0000, 0.0000, 0.0000, 0.0000, 0.4983, -0.5775, -0.3732, -0.5281, 0.1399, 0.1329, 0.0726, 0.0000, 0.0000, 0.0000, 0.0000
2, 7.5400, 754, -0.5168, -0.5774, -0.6532, 6.0437, -5.8191, -0.1508, 0.0000, 0.0000, 0.0000, 0.0000, 0.0000, 0.0000, -0.5654, 0.3896, 0.0719, 0.7234, 0.0351, 0.0334, -0.0338, 0.0000, 0.0000, 0.0000, 0.0000
2, 7.5500, 755, -0.5230, -0.5695, -0.6379, 6.9575, -5.8006, -0.7290, 0.0000, 0.0000, 0.0000, 0.0000, 0.0000, 0.0000, -0.5653, 0.3903, 0.0721, 0.7232, 0.0402, 0.0244, -0.0476, 0.0000, 0.0000, 0.0000, 0.0000
1, 7.5600, 756, 0.2933, -0.8048, -0.6090, -38.5764, 76.5815, 137.1760, 0.0000, 0.0000, 0.0000, 0.0000, 0.0000, 0.0000, -0.4056, 0.3112, -0.2836, -0.8113, -0.0152, 0.0931, -0.0362, 0.0000, 0.0000, 0.0000, 0.0000
3, 7.5800, 758, -0.3548, -0.9983, -0.1477, -14.8583, 64.9610, 16.4016, 0.0000, 0.0000, 0.0000, 0.0000, 0.0000, 0.0000, 0.4961, -0.5744, -0.3745, -0.5326, 0.1154, 0.0290, 0.0901, 0.0000, 0.0000, 0.0000, 0.0000
2, 7.5600, 756, -0.5111, -0.5673, -0.6429, 6.7567, -5.3039, -0.9274, 0.0000, 0.0000, 0.0000, 0.0000, 0.0000, 0.0000, -0.5651, 0.3909, 0.0723, 0.7229, 0.0278, 0.0213, -0.0414, 0.0000, 0.0000, 0.0000, 0.0000
1, 7.5700, 757, 0.4701, -0.8521, -0.6084, -38.8974, 68.5371, 142.8585, 0.0000, 0.0000, 0.0000, 0.0000, 0.0000, 0.0000, -0.4184, 0.3111, -0.2823, -0.8053, -0.2014, 0.1380, -0.0381, 0.0000, 0.0000, 0.0000, 0.0000
3, 7.5900, 759, -0.3260, -0.9411, -0.1831, -15.5304, 66.6392, 19.1439, 0.0000, 0.0000, 0.0000, 0.0000, 0.0000, 0.0000, 0.4938, -0.5712, -0.3757, -0.5373, 0.0843, -0.0272, 0.1201, 0.0000, 0.0000, 0.0000, 0.0000
2, 7.5700, 757, -0.4933, -0.5683, -0.6438, 6.0552, -5.0089, -0.6029, 0.0000, 0.0000, 0.0000, 0.0000, 0.0000, 0.0000, -0.5650, 0.3915, 0.0724, 0.7227, 0.0094, 0.0214, -0.0395, 0.0000, 0.0000, 0.0000, 0.0000
1, 7.5800, 758, 0.4221, -0.7503, -0.5747, -37.6837, 51.5063, 136.9857, 0.0000, 0.0000, 0.0000, 0.0000, 0.0000, 0.0000, -0.4303, 0.3099, -0.2814, -0.7997, -0.1643, 0.0342, -0.0739, 0.0000, 0.0000, 0.0000, 0.0000
3, 7.6000, 760, -0.3239, -0.9173, -0.1932, -18.3364, 65.5872, 22.2354, 0.0000, 0.0000, 0.0000, 0.0000, 0.0000, 0.0000, 0.4915, -0.5681, -0.3766, -0.5421, 0.0793, -0.0499, 0.1246, 0.0000, 0.0000, 0.0000, 0.0000
1, 7.5900, 759, 0.2916, -0.5973, -0.5264, -27.9099, 43.6700, 121.4317, 0.0000, 0.0000, 0.0000, 0.0000, 0.0000, 0.0000, -0.4406, 0.3089, -0.2811, -0.7946, -0.0447, -0.1208, -0.1243, 0.0000, 0.0000, 0.0000, 0.0000
1, 7.6000, 760, 0.2169, -0.5239, -0.4981, -12.1480, 45.8829, 101.2307, 0.0000, 0.0000, 0.0000, 0.0000, 0.0000, 0.0000, -0.4490, 0.3091, -0.2812, -0.7898, 0.0215, -0.1968, -0.1529, 0.0000, 0.0000, 0.0000, 0.0000
2, 7.5800, 758, -0.5022, -0.5672, -0.6336, 4.8668, -4.5043, 0.1233, 0.0000, 0.0000, 0.0000, 0.0000, 0.0000, 0.0000, -0.5648, 0.3921, 0.0725, 0.7225, 0.0178, 0.0197, -0.0488, 0.0000, 0.0000, 0.0000, 0.0000
3, 7.6100, 761, -0.3213, -0.8733, -0.1626, -22.5417, 64.3756, 23.5691, 0.0000, 0.0000, 0.0000, 0.0000, 0.0000, 0.0000, 0.4894, -0.5648, -0.3771, -0.5470, 0.0736, -0.0926, 0.0876, 0.0000, 0.0000, 0.0000, 0.0000
2, 7.5900, 759, -0.5023, -0.5683, -0.6273, 3.1180, -3.1249, 0.3772, 0.0000, 0.0000, 0.0000, 0.0000, 0.0000, 0.0000, -0.5647, 0.3931, 0.0726, 0.7220, 0.0172, 0.0202, -0.0541, 0.0000, 0.0000, 0.0000, 0.0000
2, 7.6000, 760, -0.4953, -0.5663, -0.6231, 2.0679, -1.9800, 0.6730, 0.0000, 0.0000, 0.0000, 0.0000, 0.0000, 0.0000, -0.5646, 0.3934, 0.0726, 0.7219, 0.0094, 0.0174, -0.0570, 0.0000, 0.0000, 0.0000, 0.0000
1, 7.6100, 761, 0.2190, -0.4753, -0.5115, 3.4823, 45.6312, 81.9857, 0.0000, 0.0000, 0.0000, 0.0000, 0.0000, 0.0000, -0.4557, 0.3104, -0.2818, -0.7852, 0.0134, -0.2487, -0.1379, 0.0000, 0.0000, 0.0000, 0.0000
1, 7.6200, 762, 0.1684, -0.4633, -0.5322, 13.6244, 39.3133, 66.8244, 0.0000, 0.0000, 0.0000, 0.0000, 0.0000, 0.0000, -0.4609, 0.3120, -0.2830, -0.7811, 0.0596, -0.2649, -0.1142, 0.0000, 0.0000, 0.0000, 0.0000
3, 7.6200, 762, -0.2966, -0.8470, -0.1391, -22.7189, 61.5740, 22.8182, 0.0000, 0.0000, 0.0000, 0.0000, 0.0000, 0.0000, 0.4874, -0.5617, -0.3775, -0.5518, 0.0459, -0.1176, 0.0575, 0.0000, 0.0000, 0.0000, 0.0000
2, 7.6100, 761, -0.4985, -0.5642, -0.6274, 0.8734, -0.5936, 0.7721, 0.0000, 0.0000, 0.0000, 0.0000, 0.0000, 0.0000, -0.5645, 0.3935, 0.0726, 0.7220, 0.0124, 0.0152, -0.0524, 0.0000, 0.0000, 0.0000, 0.0000
3, 7.6300, 763, -0.2690, -0.8288, -0.1128, -17.7258, 57.1551, 24.4468, 0.0000, 0.0000, 0.0000, 0.0000, 0.0000, 0.0000, 0.4852, -0.5590, -0.3778, -0.5562, 0.0150, -0.1344, 0.0251, 0.0000, 0.0000, 0.0000, 0.0000
2, 7.6200, 762, -0.5056, -0.5615, -0.6199, -0.0523, 0.5503, 1.1595, 0.0000, 0.0000, 0.0000, 0.0000, 0.0000, 0.0000, -0.5645, 0.3934, 0.0726, 0.7220, 0.0194, 0.0125, -0.0600, 0.0000, 0.0000, 0.0000, 0.0000
1, 7.6300, 763, 0.0648, -0.4263, -0.5536, 16.6149, 33.3340, 56.2092, 0.0000, 0.0000, 0.0000, 0.0000, 0.0000, 0.0000, -0.4651, 0.3135, -0.2843, -0.7775, 0.1596, -0.3060, -0.0893, 0.0000, 0.0000, 0.0000, 0.0000
3, 7.6400, 764, -0.2490, -0.8316, -0.0965, -12.6148, 52.5557, 26.3571, 0.0000, 0.0000, 0.0000, 0.0000, 0.0000, 0.0000, 0.4828, -0.5567, -0.3782, -0.5603, -0.0083, -0.1302, 0.0040, 0.0000, 0.0000, 0.0000, 0.0000
1, 7.6400, 764, -0.0167, -0.3527, -0.5545, 15.6245, 30.4185, 50.6217, 0.0000, 0.0000, 0.0000, 0.0000, 0.0000, 0.0000, -0.4687, 0.3148, -0.2856, -0.7744, 0.2378, -0.3834, -0.0852, 0.0000, 0.0000, 0.0000, 0.0000
2, 7.6300, 763, -0.5215, -0.5532, -0.6256, -0.1888, 1.7483, 0.8422, 0.0000, 0.0000, 0.0000, 0.0000, 0.0000, 0.0000, -0.5644, 0.3933, 0.0726, 0.7221, 0.0353, 0.0044, -0.0544, 0.0000, 0.0000, 0.0000, 0.0000
3, 7.6500, 765, -0.2302, -0.8283, -0.1020, -9.4930, 47.1343, 27.8712, 0.0000, 0.0000, 0.0000, 0.0000, 0.0000, 0.0000, 0.4803, -0.5549, -0.3783, -0.5641, -0.0310, -0.1322, 0.0055, 0.0000, 0.0000, 0.0000, 0.0000
3, 7.6600, 766, -0.2205, -0.8265, -0.1029, -6.2830, 42.1296, 28.4402, 0.0000, 0.0000, 0.0000, 0.0000, 0.0000, 0.0000, 0.4778, -0.5535, -0.3784, -0.5675, -0.0447, -0.1325, 0.0031, 0.0000, 0.0000, 0.0000, 0.0000
2, 7.6400, 764, -0.5143, -0.5574, -0.6362, -1.2317, 2.8481, 0.0391, 0.0000, 0.0000, 0.0000, 0.0000, 0.0000, 0.0000, -0.5643, 0.3937, 0.0726, 0.7221, 0.0282, 0.0086, -0.0439, 0.0000, 0.0000, 0.0000, 0.0000
1, 7.6500, 765, -0.0523, -0.3266, -0.5489, 10.5665, 30.2559, 50.1686, 0.0000, 0.0000, 0.0000, 0.0000, 0.0000, 0.0000, -0.4726, 0.3160, -0.2864, -0.7712, 0.2702, -0.4128, -0.0882, 0.0000, 0.0000, 0.0000, 0.0000
1, 7.6600, 766, -0.0333, -0.3203, -0.5190, 2.0911, 26.6645, 51.0719, 0.0000, 0.0000, 0.0000, 0.0000, 0.0000, 0.0000, -0.4766, 0.3166, -0.2869, -0.7683, 0.2478, -0.4215, -0.1163, 0.0000, 0.0000, 0.0000, 0.0000
3, 7.6700, 767, -0.2053, -0.8329, -0.1093, -1.9387, 38.3672, 27.9277, 0.0000, 0.0000, 0.0000, 0.0000, 0.0000, 0.0000, 0.4753, -0.5524, -0.3786, -0.5706, -0.0639, -0.1248, 0.0070, 0.0000, 0.0000, 0.0000, 0.0000
2, 7.6500, 765, -0.5035, -0.5621, -0.6405, -1.7710, 3.5219, -0.5897, 0.0000, 0.0000, 0.0000, 0.0000, 0.0000, 0.0000, -0.5643, 0.3934, 0.0727, 0.7222, 0.0171, 0.0131, -0.0392, 0.0000, 0.0000, 0.0000, 0.0000
3, 7.6800, 768, -0.1915, -0.8301, -0.1168, 1.4294, 35.5994, 25.9850, 0.0000, 0.0000, 0.0000, 0.0000, 0.0000, 0.0000, 0.4728, -0.5516, -0.3789, -0.5733, -0.0814, -0.1263, 0.0128, 0.0000, 0.0000, 0.0000, 0.0000
2, 7.6600, 766, -0.5020, -0.5657, -0.6342, -2.4891, 3.9632, -0.7541, 0.0000, 0.0000, 0.0000, 0.0000, 0.0000, 0.0000, -0.5644, 0.3930, 0.0727, 0.7223, 0.0162, 0.0169, -0.0461, 0.0000, 0.0000, 0.0000, 0.0000
2, 7.6700, 767, -0.4947, -0.5738, -0.6385, -3.2265, 4.2221, -0.3437, 0.0000, 0.0000, 0.0000, 0.0000, 0.0000, 0.0000, -0.5645, 0.3926, 0.0727, 0.7224, 0.0094, 0.0253, -0.0425, 0.0000, 0.0000, 0.0000, 0.0000
3, 7.6900, 769, -0.1905, -0.8287, -0.1342, 6.1810, 32.8083, 23.5132, 0.0000, 0.0000, 0.0000, 0.0000, 0.0000, 0.0000, 0.4702, -0.5509, -0.3794, -0.5757, -0.0859, -0.1266, 0.0292, 0.0000, 0.0000, 0.0000, 0.0000
1, 7.6700, 767, -0.0643, -0.2509, -0.4767, -4.5282, 19.8729, 49.4353, 0.0000, 0.0000, 0.0000, 0.0000, 0.0000, 0.0000, -0.4805, 0.3165, -0.2871, -0.7658, 0.2748, -0.4925, -0.1581, 0.0000, 0.0000, 0.0000, 0.0000
3, 7.7000, 770, -0.2105, -0.8564, -0.1502, 9.7757, 29.3630, 20.4594, 0.0000, 0.0000, 0.0000, 0.0000, 0.0000, 0.0000, 0.4677, -0.5505, -0.3801, -0.5776, -0.0689, -0.0980, 0.0453, 0.0000, 0.0000, 0.0000, 0.0000
2, 7.6800, 768, -0.4875, -0.5712, -0.6487, -3.7463, 4.0514, 0.3181, 0.0000, 0.0000, 0.0000, 0.0000, 0.0000, 0.0000, -0.5646, 0.3921, 0.0727, 0.7226, 0.0028, 0.0232, -0.0329, 0.0000, 0.0000, 0.0000, 0.0000
1, 7.6800, 768, -0.0877, -0.1958, -0.4202, -6.0929, 15.1245, 44.6100, 0.0000, 0.0000, 0.0000, 0.0000, 0.0000, 0.0000, -0.4841, 0.3161, -0.2873, -0.7637, 0.2940, -0.5488, -0.2147, 0.0000, 0.0000, 0.0000, 0.0000
2, 7.6900, 769, -0.4963, -0.5644, -0.6491, -4.1029, 3.8027, 0.6889, 0.0000, 0.0000, 0.0000, 0.0000, 0.0000, 0.0000, -0.5647, 0.3919, 0.0726, 0.7227, 0.0119, 0.0168, -0.0332, 0.0000, 0.0000, 0.0000, 0.0000
3, 7.7100, 771, -0.2320, -0.8906, -0.1621, 8.6183, 25.3396, 16.8264, 0.0000, 0.0000, 0.0000, 0.0000, 0.0000, 0.0000, 0.4656, -0.5502, -0.3808, -0.5792, -0.0499, -0.0631, 0.0574, 0.0000, 0.0000, 0.0000, 0.0000
1, 7.6900, 769, -0.0647, -0.1998, -0.3753, -4.8116, 11.2742, 38.1113, 0.0000, 0.0000, 0.0000, 0.0000, 0.0000, 0.0000, -0.4870, 0.3156, -0.2876, -0.7620, 0.2671, -0.5455, -0.2599, 0.0000, 0.0000, 0.0000, 0.0000
2, 7.7000, 770, -0.4898, -0.5611, -0.6538, -3.5970, 3.3669, 0.5144, 0.0000, 0.0000, 0.0000, 0.0000, 0.0000, 0.0000, -0.5647, 0.3915, 0.0725, 0.7228, 0.0056, 0.0139, -0.0288, 0.0000, 0.0000, 0.0000, 0.0000
3, 7.7200, 772, -0.2519, -0.8957, -0.1706, 3.4954, 22.0195, 13.3633, 0.0000, 0.0000, 0.0000, 0.0000, 0.0000, 0.0000, 0.4641, -0.5495, -0.3811, -0.5809, -0.0320, -0.0573, 0.0655, 0.0000, 0.0000, 0.0000, 0.0000
1, 7.7000, 770, -0.0313, -0.2168, -0.3389, -3.7257, 6.1705, 29.9432, 0.0000, 0.0000, 0.0000, 0.0000, 0.0000, 0.0000, -0.4892, 0.3151, -0.2879, -0.7606, 0.2301, -0.5292, -0.2967, 0.0000, 0.0000, 0.0000, 0.0000
2, 7.7100, 771, -0.5054, -0.5647, -0.6471, -3.1312, 3.1636, 0.6178, 0.0000, 0.0000, 0.0000, 0.0000, 0.0000, 0.0000, -0.5648, 0.3912, 0.0724, 0.7230, 0.0215, 0.0179, -0.0362, 0.0000, 0.0000, 0.0000, 0.0000
3, 7.7300, 773, -0.2678, -0.8883, -0.1818, -1.4802, 19.7057, 10.8727, 0.0000, 0.0000, 0.0000, 0.0000, 0.0000, 0.0000, 0.4630, -0.5488, -0.3813, -0.5823, -0.0177, -0.0642, 0.0754, 0.0000, 0.0000, 0.0000, 0.0000
2, 7.7200, 772, -0.5192, -0.5573, -0.6453, -3.1664, 3.3954, 0.1109, 0.0000, 0.0000, 0.0000, 0.0000, 0.0000, 0.0000, -0.5649, 0.3908, 0.0724, 0.7231, 0.0357, 0.0109, -0.0386, 0.0000, 0.0000, 0.0000, 0.0000
1, 7.7100, 771, -0.0180, -0.2385, -0.3201, -3.3989, 1.4091, 20.4312, 0.0000, 0.0000, 0.0000, 0.0000, 0.0000, 0.0000, -0.4907, 0.3145, -0.2881, -0.7598, 0.2141, -0.5079, -0.3158, 0.0000, 0.0000, 0.0000, 0.0000
3, 7.7400, 774, -0.2751, -0.8723, -0.1931, -4.2484, 16.2269, 8.8636, 0.0000, 0.0000, 0.0000, 0.0000, 0.0000, 0.0000, 0.4622, -0.5481, -0.3813, -0.5836, -0.0116, -0.0797, 0.0853, 0.0000, 0.0000, 0.0000, 0.0000
3, 7.7500, 775, -0.2799, -0.8510, -0.1953, -4.3165, 11.8212, 6.3955, 0.0000, 0.0000, 0.0000, 0.0000, 0.0000, 0.0000, 0.4617, -0.5475, -0.3813, -0.5845, -0.0078, -0.1005, 0.0861, 0.0000, 0.0000, 0.0000, 0.0000
2, 7.7300, 773, -0.5026, -0.5641, -0.6504, -3.0057, 3.7687, -0.5807, 0.0000, 0.0000, 0.0000, 0.0000, 0.0000, 0.0000, -0.5650, 0.3904, 0.0724, 0.7233, 0.0195, 0.0180, -0.0340, 0.0000, 0.0000, 0.0000, 0.0000
1, 7.7200, 772, 0.0025, -0.2482, -0.2963, -3.9304, -2.7155, 10.2380, 0.0000, 0.0000, 0.0000, 0.0000, 0.0000, 0.0000, -0.4914, 0.3139, -0.2883, -0.7595, 0.1916, -0.4983, -0.3402, 0.0000, 0.0000, 0.0000, 0.0000
1, 7.7300, 773, 0.0364, -0.2496, -0.2744, -4.2141, -6.8430, 1.2488, 0.0000, 0.0000, 0.0000, 0.0000, 0.0000, 0.0000, -0.4914, 0.3132, -0.2883, -0.7598, 0.1564, -0.4966, -0.3628, 0.0000, 0.0000, 0.0000, 0.0000
1, 7.7400, 774, 0.0512, -0.2716, -0.2653, -4.4259, -9.8920, -5.9299, 0.0000, 0.0000, 0.0000, 0.0000, 0.0000, 0.0000, -0.4909, 0.3125, -0.2883, -0.7604, 0.1411, -0.4740, -0.3728, 0.0000, 0.0000, 0.0000, 0.0000
2, 7.7400, 774, -0.4953, -0.5644, -0.6514, -2.3435, 3.7971, -0.9061, 0.0000, 0.0000, 0.0000, 0.0000, 0.0000, 0.0000, -0.5651, 0.3904, 0.0726, 0.7232, 0.0127, 0.0184, -0.0334, 0.0000, 0.0000, 0.0000, 0.0000
3, 7.7600, 776, -0.2828, -0.8440, -0.1943, -1.8055, 7.6002, 3.6344, 0.0000, 0.0000, 0.0000, 0.0000, 0.0000, 0.0000, 0.4614, -0.5472, -0.3813, -0.5851, -0.0055, -0.1072, 0.0841, 0.0000, 0.0000, 0.0000, 0.0000
1, 7.7500, 775, 0.0677, -0.3039, -0.2593, -5.9998, -11.6578, -12.0451, 0.0000, 0.0000, 0.0000, 0.0000, 0.0000, 0.0000, -0.4900, 0.3118, -0.2881, -0.7614, 0.1246, -0.4408, -0.3798, 0.0000, 0.0000, 0.0000, 0.0000
2, 7.7500, 775, -0.4735, -0.5632, -0.6623, -2.3585, 3.4882, -0.8024, 0.0000, 0.0000, 0.0000, 0.0000, 0.0000, 0.0000, -0.5653, 0.3900, 0.0726, 0.7233, -0.0088, 0.0172, -0.0227, 0.0000, 0.0000, 0.0000, 0.0000
3, 7.7700, 777, -0.2953, -0.8549, -0.1996, -0.0840, 3.6864, 0.7420, 0.0000, 0.0000, 0.0000, 0.0000, 0.0000, 0.0000, 0.4613, -0.5459, -0.3803, -0.5870, 0.0064, -0.0960, 0.0880, 0.0000, 0.0000, 0.0000, 0.0000
1, 7.7600, 776, 0.0941, -0.3337, -0.2698, -8.7735, -12.5658, -17.1301, 0.0000, 0.0000, 0.0000, 0.0000, 0.0000, 0.0000, -0.4888, 0.3110, -0.2876, -0.7627, 0.0989, -0.4096, -0.3707, 0.0000, 0.0000, 0.0000, 0.0000
2, 7.7600, 776, -0.4720, -0.5692, -0.6669, -2.0667, 2.4671, 0.0614, 0.0000, 0.0000, 0.0000, 0.0000, 0.0000, 0.0000, -0.5653, 0.3898, 0.0726, 0.7234, -0.0098, 0.0234, -0.0185, 0.0000, 0.0000, 0.0000, 0.0000
3, 7.7800, 778, -0.3071, -0.8621, -0.1965, 0.4369, 0.6318, -1.7826, 0.0000, 0.0000, 0.0000, 0.0000, 0.0000, 0.0000, 0.4614, -0.5458, -0.3805, -0.5869, 0.0173, -0.0881, 0.0818, 0.0000, 0.0000, 0.0000, 0.0000
1, 7.7700, 777, 0.1271, -0.3692, -0.2906, -12.2030, -12.4389, -21.2053, 0.0000, 0.0000, 0.0000, 0.0000, 0.0000, 0.0000, -0.4874, 0.3102, -0.2867, -0.7642, 0.0670, -0.3723, -0.3518, 0.0000, 0.0000, 0.0000, 0.0000
3, 7.7900, 779, -0.3017, -0.8635, -0.1944, 2.3091, -1.4589, -3.6731, 0.0000, 0.0000, 0.0000, 0.0000, 0.0000, 0.0000, 0.4615, -0.5458, -0.3807, -0.5866, 0.0125, -0.0869, 0.0800, 0.0000, 0.0000, 0.0000, 0.0000
2, 7.7700, 777, -0.4918, -0.5622, -0.6663, -1.2527, 1.2707, 0.5248, 0.0000, 0.0000, 0.0000, 0.0000, 0.0000, 0.0000, -0.5653, 0.3896, 0.0726, 0.7234, 0.0101, 0.0167, -0.0194, 0.0000, 0.0000, 0.0000, 0.0000
2, 7.7800, 778, -0.4985, -0.5628, -0.6614, -0.3458, 0.0879, 0.3635, 0.0000, 0.0000, 0.0000, 0.0000, 0.0000, 0.0000, -0.5653, 0.3896, 0.0725, 0.7235, 0.0168, 0.0173, -0.0245, 0.0000, 0.0000, 0.0000, 0.0000
3, 7.8000, 780, -0.2877, -0.8695, -0.1879, 4.8607, -3.6181, -5.1031, 0.0000, 0.0000, 0.0000, 0.0000, 0.0000, 0.0000, 0.4617, -0.5460, -0.3811, -0.5861, -0.0008, -0.0812, 0.0742, 0.0000, 0.0000, 0.0000, 0.0000
1, 7.7800, 778, 0.1647, -0.4131, -0.3087, -15.9976, -11.3652, -24.8998, 0.0000, 0.0000, 0.0000, 0.0000, 0.0000, 0.0000, -0.4859, 0.3094, -0.2854, -0.7660, 0.0311, -0.3259, -0.3359, 0.0000, 0.0000, 0.0000, 0.0000
2, 7.7900, 779, -0.4955, -0.5692, -0.6515, 0.5007, -0.3224, -0.0956, 0.0000, 0.0000, 0.0000, 0.0000, 0.0000, 0.0000, -0.5657, 0.3944, 0.0733, 0.7204, 0.0128, 0.0221, -0.0324, 0.0000, 0.0000, 0.0000, 0.0000
3, 7.8100, 781, -0.2839, -0.8645, -0.1871, 8.2487, -5.7954, -7.0147, 0.0000, 0.0000, 0.0000, 0.0000, 0.0000, 0.0000, 0.4618, -0.5464, -0.3816, -0.5853, -0.0037, -0.0867, 0.0748, 0.0000, 0.0000, 0.0000, 0.0000
2, 7.8000, 780, -0.5072, -0.5605, -0.6396, 0.0865, 0.0338, -0.1621, 0.0000, 0.0000, 0.0000, 0.0000, 0.0000, 0.0000, -0.5657, 0.3944, 0.0733, 0.7204, 0.0219, 0.0086, -0.0385, 0.0000, 0.0000, 0.0000, 0.0000
1, 7.7900, 779, 0.2019, -0.4569, -0.3314, -19.4044, -9.6802, -29.0702, 0.0000, 0.0000, 0.0000, 0.0000, 0.0000, 0.0000, -0.4842, 0.3087, -0.2837, -0.7679, -0.0037, -0.2791, -0.3159, 0.0000, 0.0000, 0.0000, 0.0000
1, 7.8000, 780, 0.2346, -0.5058, -0.3688, -22.7269, -7.2817, -34.7639, 0.0000, 0.0000, 0.0000, 0.0000, 0.0000, 0.0000, -0.4823, 0.3081, -0.2816, -0.7702, -0.0330, -0.2266, -0.2815, 0.0000, 0.0000, 0.0000, 0.0000
1, 7.8100, 781, 0.2928, -0.5584, -0.3906, -26.4063, -5.5100, -40.9771, 0.0000, 0.0000, 0.0000, 0.0000, 0.0000, 0.0000, -0.4801, 0.3077, -0.2789, -0.7727, -0.0870, -0.1698, -0.2630, 0.0000, 0.0000, 0.0000, 0.0000
2, 7.8100, 781, -0.5087, -0.5544, -0.6412, -0.6148, 0.7725, -0.6918, 0.0000, 0.0000, 0.0000, 0.0000, 0.0000, 0.0000, -0.5658, 0.3944, 0.0734, 0.7204, 0.0234, 0.0024, -0.0369, 0.0000, 0.0000, 0.0000, 0.0000
3, 7.8200, 782, -0.2752, -0.8547, -0.1815, 11.6776, -7.4131, -9.1044, 0.0000, 0.0000, 0.0000, 0.0000, 0.0000, 0.0000, 0.4620, -0.5468, -0.3822, -0.5843, -0.0111, -0.0970, 0.0711, 0.0000, 0.0000, 0.0000, 0.0000
2, 7.8200, 782, -0.4918, -0.5633, -0.6489, -0.9194, 1.1030, -1.1209, 0.0000, 0.0000, 0.0000, 0.0000, 0.0000, 0.0000, -0.5658, 0.3942, 0.0734, 0.7204, 0.0068, 0.0114, -0.0294, 0.0000, 0.0000, 0.0000, 0.0000
3, 7.8300, 783, -0.2672, -0.8482, -0.1650, 15.0851, -8.8593, -11.9814, 0.0000, 0.0000, 0.0000, 0.0000, 0.0000, 0.0000, 0.4622, -0.5475, -0.3832, -0.5829, -0.0176, -0.1043, 0.0571, 0.0000, 0.0000, 0.0000, 0.0000
2, 7.8300, 783, -0.4989, -0.5616, -0.6470, -0.8554, 1.8388, -1.2572, 0.0000, 0.0000, 0.0000, 0.0000, 0.0000, 0.0000, -0.5659, 0.3941, 0.0735, 0.7204, 0.0142, 0.0096, -0.0315, 0.0000, 0.0000, 0.0000, 0.0000
1, 7.8200, 782, 0.3385, -0.6007, -0.4170, -30.5943, -2.5446, -45.4482, 0.0000, 0.0000, 0.0000, 0.0000, 0.0000, 0.0000, -0.4778, 0.3073, -0.2758, -0.7754, -0.1276, -0.1226, -0.2405, 0.0000, 0.0000, 0.0000, 0.0000
3, 7.8400, 784, -0.2670, -0.8481, -0.1487, 16.4646, -10.3180, -14.8063, 0.0000, 0.0000, 0.0000, 0.0000, 0.0000, 0.0000, 0.4625, -0.5482, -0.3843, -0.5813, -0.0157, -0.1053, 0.0439, 0.0000, 0.0000, 0.0000, 0.0000
2, 7.8400, 784, -0.4990, -0.5670, -0.6455, -1.2161, 2.2838, -1.4788, 0.0000, 0.0000, 0.0000, 0.0000, 0.0000, 0.0000, -0.5660, 0.3944, 0.0736, 0.7202, 0.0145, 0.0150, -0.0331, 0.0000, 0.0000, 0.0000, 0.0000
1, 7.8300, 783, 0.3453, -0.6311, -0.4303, -32.8824, 1.3335, -49.2320, 0.0000, 0.0000, 0.0000, 0.0000, 0.0000, 0.0000, -0.4754, 0.3072, -0.2722, -0.7782, -0.1284, -0.0867, -0.2313, 0.0000, 0.0000, 0.0000, 0.0000
3, 7.8500, 785, -0.2742, -0.8519, -0.1294, 17.5685, -11.9418, -17.0037, 0.0000, 0.0000, 0.0000, 0.0000, 0.0000, 0.0000, 0.4629, -0.5489, -0.3855, -0.5794, -0.0060, -0.1027, 0.0280, 0.0000, 0.0000, 0.0000, 0.0000
2, 7.8500, 785, -0.4988, -0.5644, -0.6480, -1.5795, 2.8078, -1.4037, 0.0000, 0.0000, 0.0000, 0.0000, 0.0000, 0.0000, -0.5661, 0.3941, 0.0737, 0.7203, 0.0143, 0.0120, -0.0303, 0.0000, 0.0000, 0.0000, 0.0000
1, 7.8400, 784, 0.3753, -0.6381, -0.4314, -29.2650, 5.9590, -53.1972, 0.0000, 0.0000, 0.0000, 0.0000, 0.0000, 0.0000, -0.4727, 0.3079, -0.2684, -0.7808, -0.1514, -0.0741, -0.2338, 0.0000, 0.0000, 0.0000, 0.0000
2, 7.8600, 786, -0.4971, -0.5648, -0.6445, -2.3367, 3.5378, -1.5343, 0.0000, 0.0000, 0.0000, 0.0000, 0.0000, 0.0000, -0.5662, 0.3938, 0.0738, 0.7203, 0.0131, 0.0125, -0.0343, 0.0000, 0.0000, 0.0000, 0.0000
3, 7.8600, 786, -0.2950, -0.8522, -0.1136, 19.4646, -13.5785, -18.0762, 0.0000, 0.0000, 0.0000, 0.0000, 0.0000, 0.0000, 0.4634, -0.5498, -0.3868, -0.5774, 0.0175, -0.1036, 0.0159, 0.0000, 0.0000, 0.0000, 0.0000
1, 7.8500, 785, 0.4102, -0.6677, -0.4400, -20.4538, 10.2450, -59.9728, 0.0000, 0.0000, 0.0000, 0.0000, 0.0000, 0.0000, -0.4694, 0.3091, -0.2650, -0.7835, -0.1779, -0.0395, -0.2278, 0.0000, 0.0000, 0.0000, 0.0000
1, 7.8600, 786, 0.4745, -0.7268, -0.4658, -7.3649, 10.3416, -70.8634, 0.0000, 0.0000, 0.0000, 0.0000, 0.0000, 0.0000, -0.4650, 0.3112, -0.2622, -0.7863, -0.2328, 0.0237, -0.2030, 0.0000, 0.0000, 0.0000, 0.0000
2, 7.8700, 787, -0.4914, -0.5579, -0.6515, -3.0383, 4.2224, -1.9245, 0.0000, 0.0000, 0.0000, 0.0000, 0.0000, 0.0000, -0.5664, 0.3933, 0.0738, 0.7204, 0.0080, 0.0058, -0.0279, 0.0000, 0.0000, 0.0000, 0.0000
3, 7.8700, 787, -0.3188, -0.8559, -0.1082, 22.2323, -15.7376, -18.7183, 0.0000, 0.0000, 0.0000, 0.0000, 0.0000, 0.0000, 0.4637, -0.5509, -0.3881, -0.5752, 0.0441, -0.1011, 0.0147, 0.0000, 0.0000, 0.0000, 0.0000
3, 7.8800, 788, -0.3539, -0.8659, -0.0985, 23.6027, -17.9182, -20.1411, 0.0000, 0.0000, 0.0000, 0.0000, 0.0000, 0.0000, 0.4642, -0.5521, -0.3895, -0.5727, 0.0820, -0.0923, 0.0096, 0.0000, 0.0000, 0.0000, 0.0000
3, 7.8900, 789, -0.3813, -0.8838, -0.0946, 23.6229, -18.5877, -21.5511, 0.0000, 0.0000, 0.0000, 0.0000, 0.0000, 0.0000, 0.4648, -0.5532, -0.3910, -0.5702, 0.1127, -0.0758, 0.0107, 0.0000, 0.0000, 0.0000, 0.0000
2, 7.8800, 788, -0.4910, -0.5654, -0.6539, -3.3426, 4.4123, -2.1444, 0.0000, 0.0000, 0.0000, 0.0000, 0.0000, 0.0000, -0.5667, 0.3929, 0.0739, 0.7205, 0.0084, 0.0136, -0.0262, 0.0000, 0.0000, 0.0000, 0.0000
1, 7.8700, 787, 0.5518, -0.7742, -0.4892, 6.6600, 7.1072, -85.1107, 0.0000, 0.0000, 0.0000, 0.0000, 0.0000, 0.0000, -0.4591, 0.3139, -0.2600, -0.7893, -0.2994, 0.0745, -0.1791, 0.0000, 0.0000, 0.0000, 0.0000
3, 7.9000, 790, -0.3999, -0.9121, -0.1084, 21.6644, -18.2364, -22.3916, 0.0000, 0.0000, 0.0000, 0.0000, 0.0000, 0.0000, 0.4655, -0.5542, -0.3924, -0.5676, 0.1348, -0.0488, 0.0291, 0.0000, 0.0000, 0.0000, 0.0000
1, 7.8800, 788, 0.5745, -0.8432, -0.5629, 22.1203, 3.8240, -101.4584, 0.0000, 0.0000, 0.0000, 0.0000, 0.0000, 0.0000, -0.4516, 0.3173, -0.2586, -0.7928, -0.3099, 0.1458, -0.1032, 0.0000, 0.0000, 0.0000, 0.0000
1, 7.8900, 789, 0.6497, -0.9687, -0.5904, 32.4806, -0.2399, -119.9847, 0.0000, 0.0000, 0.0000, 0.0000, 0.0000, 0.0000, -0.4424, 0.3214, -0.2575, -0.7967, -0.3712, 0.2734, -0.0721, 0.0000, 0.0000, 0.0000, 0.0000
1, 7.9000, 790, 0.6847, -0.9773, -0.5700, 37.1901, -5.8388, -134.4672, 0.0000, 0.0000, 0.0000, 0.0000, 0.0000, 0.0000, -0.4319, 0.3254, -0.2565, -0.8011, -0.3908, 0.2842, -0.0883, 0.0000, 0.0000, 0.0000, 0.0000
3, 7.9100, 791, -0.4083, -0.9398, -0.1312, 18.4178, -16.8857, -22.8660, 0.0000, 0.0000, 0.0000, 0.0000, 0.0000, 0.0000, 0.4663, -0.5550, -0.3938, -0.5652, 0.1467, -0.0225, 0.0560, 0.0000, 0.0000, 0.0000, 0.0000
2, 7.8900, 789, -0.4914, -0.5676, -0.6529, -3.2375, 4.6185, -2.1928, 0.0000, 0.0000, 0.0000, 0.0000, 0.0000, 0.0000, -0.5669, 0.3926, 0.0741, 0.7204, 0.0095, 0.0159, -0.0278, 0.0000, 0.0000, 0.0000, 0.0000
1, 7.9100, 791, 0.6708, -0.8946, -0.5487, 43.1719, -12.9169, -140.4769, 0.0000, 0.0000, 0.0000, 0.0000, 0.0000, 0.0000, -0.4205, 0.3292, -0.2560, -0.8058, -0.3613, 0.2043, -0.1052, 0.0000, 0.0000, 0.0000, 0.0000
3, 7.9200, 792, -0.4125, -0.9595, -0.1467, 15.6285, -15.1435, -23.1644, 0.0000, 0.0000, 0.0000, 0.0000, 0.0000, 0.0000, 0.4671, -0.5556, -0.3948, -0.5632, 0.1544, -0.0040, 0.0750, 0.0000, 0.0000, 0.0000, 0.0000
1, 7.9200, 792, 0.5656, -0.8504, -0.4952, 51.6962, -16.1187, -136.5610, 0.0000, 0.0000, 0.0000, 0.0000, 0.0000, 0.0000, -0.4090, 0.3330, -0.2563, -0.8100, -0.2412, 0.1622, -0.1537, 0.0000, 0.0000, 0.0000, 0.0000
2, 7.9000, 790, -0.4959, -0.5633, -0.6573, -3.0813, 5.0286, -2.2042, 0.0000, 0.0000, 0.0000, 0.0000, 0.0000, 0.0000, -0.5671, 0.3921, 0.0742, 0.7205, 0.0147, 0.0116, -0.0239, 0.0000, 0.0000, 0.0000, 0.0000
3, 7.9300, 793, -0.3854, -0.9746, -0.1456, 13.7157, -13.0508, -24.1386, 0.0000, 0.0000, 0.0000, 0.0000, 0.0000, 0.0000, 0.4681, -0.5560, -0.3961, -0.5611, 0.1308, 0.0100, 0.0767, 0.0000, 0.0000, 0.0000, 0.0000
2, 7.9100, 791, -0.5038, -0.5670, -0.6520, -2.9957, 5.7073, -2.8632, 0.0000, 0.0000, 0.0000, 0.0000, 0.0000, 0.0000, -0.5674, 0.3916, 0.0744, 0.7206, 0.0235, 0.0154, -0.0300, 0.0000, 0.0000, 0.0000, 0.0000
1, 7.9300, 793, 0.4517, -0.7769, -0.4380, 60.1849, -13.6298, -120.5368, 0.0000, 0.0000, 0.0000, 0.0000, 0.0000, 0.0000, -0.3984, 0.3369, -0.2575, -0.8133, -0.1136, 0.0897, -0.2049, 0.0000, 0.0000, 0.0000, 0.0000
3, 7.9400, 794, -0.3488, -0.9614, -0.1293, 12.3289, -12.9543, -26.5793, 0.0000, 0.0000, 0.0000, 0.0000, 0.0000, 0.0000, 0.4692, -0.5562, -0.3975, -0.5590, 0.0983, -0.0045, 0.0631, 0.0000, 0.0000, 0.0000, 0.0000
2, 7.9200, 792, -0.5085, -0.5682, -0.6534, -3.0967, 7.0462, -3.3884, 0.0000, 0.0000, 0.0000, 0.0000, 0.0000, 0.0000, -0.5676, 0.3910, 0.0746, 0.7207, 0.0293, 0.0167, -0.0294, 0.0000, 0.0000, 0.0000, 0.0000
1, 7.9400, 794, 2.1234, -3.2082, -0.9825, 30.3461, -95.1119, -17.9998, 0.0000, 0.0000, 0.0000, 0.0000, 0.0000, 0.0000, -0.3941, 0.3314, -0.2624, -0.8161, -1.7808, 2.5197, 0.3433, 0.0000, 0.0000, 0.0000, 0.0000
3, 7.9500, 795, -0.3058, -0.9214, -0.1012, 10.2171, -12.9683, -31.0341, 0.0000, 0.0000, 0.0000, 0.0000, 0.0000, 0.0000, 0.4707, -0.5562, -0.3990, -0.5567, 0.0601, -0.0458, 0.0374, 0.0000, 0.0000, 0.0000, 0.0000
3, 7.9600, 796, -0.2627, -0.8805, -0.0619, 10.4595, -13.9667, -36.3698, 0.0000, 0.0000, 0.0000, 0.0000, 0.0000, 0.0000, 0.4724, -0.5560, -0.4007, -0.5542, 0.0226, -0.0883, 0.0004, 0.0000, 0.0000, 0.0000, 0.0000
2, 7.9300, 793, -0.5150, -0.5760, -0.6487, -3.8618, 8.8998, -4.3028, 0.0000, 0.0000, 0.0000, 0.0000, 0.0000, 0.0000, -0.5680, 0.3902, 0.0750, 0.7208, 0.0371, 0.0246, -0.0351, 0.0000, 0.0000, 0.0000, 0.0000
1, 7.9500, 795, -1.3058, -1.3671, -1.2567, -82.1399, -307.5564, 67.1338, 0.0000, 0.0000, 0.0000, 0.0000, 0.0000, 0.0000, -0.3940, 0.3050, -0.2690, -0.8243, 1.6125, 0.6806, 0.5976, 0.0000, 0.0000, 0.0000, 0.0000
2, 7.9400, 794, -0.5036, -0.5745, -0.6627, -4.7304, 10.3224, -5.0121, 0.0000, 0.0000, 0.0000, 0.0000, 0.0000, 0.0000, -0.5684, 0.3894, 0.0754, 0.7208, 0.0274, 0.0232, -0.0223, 0.0000, 0.0000, 0.0000, 0.0000
2, 7.9500, 795, -0.5094, -0.5627, -0.6854, -4.3454, 11.4488, -5.7995, 0.0000, 0.0000, 0.0000, 0.0000, 0.0000, 0.0000, -0.5689, 0.3885, 0.0759, 0.7209, 0.0349, 0.0113, -0.0008, 0.0000, 0.0000, 0.0000, 0.0000
3, 7.9700, 797, -0.3648, -0.8777, 0.0597, 9.5728, -12.8800, -39.9830, 0.0000, 0.0000, 0.0000, 0.0000, 0.0000, 0.0000, 0.4741, -0.5560, -0.4024, -0.5515, 0.1310, -0.0928, -0.1188, 0.0000, 0.0000, 0.0000, 0.0000
1, 7.9600, 796, -1.4052, -0.4114, -2.3169, -110.6420, -72.7834, -9.0498, 0.0000, 0.0000, 0.0000, 0.0000, 0.0000, 0.0000, -0.3946, 0.2961, -0.2633, -0.8291, 1.6894, -0.2641, 1.6364, 0.0000, 0.0000, 0.0000, 0.0000
3, 7.9800, 798, -0.5067, -0.9791, 0.1638, 12.4232, -7.6838, -34.9982, 0.0000, 0.0000, 0.0000, 0.0000, 0.0000, 0.0000, 0.4754, -0.5557, -0.4044, -0.5493, 0.2786, 0.0071, -0.2202, 0.0000, 0.0000, 0.0000, 0.0000
2, 7.9600, 796, -0.6298, -0.5520, -0.6873, -1.0080, 12.7265, -7.9651, 0.0000, 0.0000, 0.0000, 0.0000, 0.0000, 0.0000, -0.5693, 0.3876, 0.0767, 0.7210, 0.1575, 0.0004, -0.0001, 0.0000, 0.0000, 0.0000, 0.0000
1, 7.9700, 797, 0.8012, -0.1830, -1.2769, -116.8032, -40.4010, 8.1659, 0.0000, 0.0000, 0.0000, 0.0000, 0.0000, 0.0000, -0.3972, 0.2890, -0.2564, -0.8324, -0.5211, -0.4783, 0.5810, 0.0000, 0.0000, 0.0000, 0.0000
2, 7.9700, 797, -0.6423, -0.5300, -0.7237, 2.7373, 14.4687, -13.4652, 0.0000, 0.0000, 0.0000, 0.0000, 0.0000, 0.0000, -0.5700, 0.3867, 0.0781, 0.7208, 0.1727, -0.0228, 0.0353, 0.0000, 0.0000, 0.0000, 0.0000
3, 7.9900, 799, -0.5308, -1.2144, 0.1373, 18.1619, -7.9636, -20.8159, 0.0000, 0.0000, 0.0000, 0.0000, 0.0000, 0.0000, 0.4758, -0.5561, -0.4059, -0.5474, 0.3073, 0.2412, -0.1907, 0.0000, 0.0000, 0.0000, 0.0000
1, 7.9800, 798, 1.0879, -1.0235, -0.8393, -63.0451, -24.7702, -0.2027, 0.0000, 0.0000, 0.0000, 0.0000, 0.0000, 0.0000, -0.3982, 0.2850, -0.2527, -0.8345, -0.8129, 0.3724, 0.1318, 0.0000, 0.0000, 0.0000, 0.0000
1, 7.9900, 799, -0.2554, -0.4457, -1.2697, -29.2288, -10.9942, 2.9981, 0.0000, 0.0000, 0.0000, 0.0000, 0.0000, 0.0000, -0.3989, 0.2828, -0.2511, -0.8354, 0.5285, -0.2005, 0.5570, 0.0000, 0.0000, 0.0000, 0.0000
2, 7.9800, 798, -0.6200, -0.5210, -0.7781, 9.8362, 14.9702, -22.0582, 0.0000, 0.0000, 0.0000, 0.0000, 0.0000, 0.0000, -0.5709, 0.3861, 0.0802, 0.7201, 0.1540, -0.0341, 0.0891, 0.0000, 0.0000, 0.0000, 0.0000
3, 8.0000, 800, -0.4747, -1.3860, 0.1664, 20.8293, -13.7593, -3.7059, 0.0000, 0.0000, 0.0000, 0.0000, 0.0000, 0.0000, 0.4755, -0.5575, -0.4065, -0.5458, 0.2527, 0.4122, -0.2159, 0.0000, 0.0000, 0.0000, 0.0000
2, 7.9900, 799, -0.6293, -0.5557, -0.8129, 21.2466, 10.7369, -29.2661, 0.0000, 0.0000, 0.0000, 0.0000, 0.0000, 0.0000, -0.5719, 0.3862, 0.0830, 0.7190, 0.1674, -0.0036, 0.1245, 0.0000, 0.0000, 0.0000, 0.0000
1, 8.0000, 800, 0.2341, -0.5949, -0.8578, -5.0384, 4.4789, -3.8177, 0.0000, 0.0000, 0.0000, 0.0000, 0.0000, 0.0000, -0.3988, 0.2830, -0.2505, -0.8355, 0.0384, -0.0496, 0.1433, 0.0000, 0.0000, 0.0000, 0.0000
3, 8.0100, 801, -0.3278, -1.3268, 0.1703, 17.9391, -16.3755, 4.0067, 0.0000, 0.0000, 0.0000, 0.0000, 0.0000, 0.0000, 0.4750, -0.5591, -0.4065, -0.5446, 0.1054, 0.3529, -0.2159, 0.0000, 0.0000, 0.0000, 0.0000
1, 8.0100, 801, 0.0874, -0.5803, -0.7890, 1.0328, 23.0379, -7.1461, 0.0000, 0.0000, 0.0000, 0.0000, 0.0000, 0.0000, -0.3988, 0.2849, -0.2496, -0.8352, 0.1880, -0.0639, 0.0754, 0.0000, 0.0000, 0.0000, 0.0000
2, 8.0000, 800, -0.5923, -0.5495, -0.8778, 30.8774, 4.7397, -34.1666, 0.0000, 0.0000, 0.0000, 0.0000, 0.0000, 0.0000, -0.5729, 0.3872, 0.0863, 0.7172, 0.1343, -0.0155, 0.1915, 0.0000, 0.0000, 0.0000, 0.0000
3, 8.0200, 802, -0.1393, -1.1378, 0.1021, 13.4272, -20.0456, 3.9922, 0.0000, 0.0000, 0.0000, 0.0000, 0.0000, 0.0000, 0.4749, -0.5608, -0.4064, -0.5429, -0.0839, 0.1639, -0.1443, 0.0000, 0.0000, 0.0000, 0.0000
2, 8.0100, 801, -0.5236, -0.4839, -1.0410, 49.2622, 11.6221, -40.3463, 0.0000, 0.0000, 0.0000, 0.0000, 0.0000, 0.0000, -0.5737, 0.3887, 0.0913, 0.7152, 0.0702, -0.0890, 0.3583, 0.0000, 0.0000, 0.0000, 0.0000
1, 8.0200, 802, 0.3701, -0.6546, -0.6122, -0.9012, 25.2587, -12.6516, 0.0000, 0.0000, 0.0000, 0.0000, 0.0000, 0.0000, -0.3984, 0.2870, -0.2483, -0.8350, -0.0904, 0.0109, -0.1001, 0.0000, 0.0000, 0.0000, 0.0000
3, 8.0300, 803, -0.0525, -0.9716, 0.0529, 8.9191, -23.5359, 2.7364, 0.0000, 0.0000, 0.0000, 0.0000, 0.0000, 0.0000, 0.4752, -0.5624, -0.4057, -0.5415, -0.1708, -0.0023, -0.0918, 0.0000, 0.0000, 0.0000, 0.0000
1, 8.0300, 803, 0.4959, -0.6732, -0.6083, -7.2167, 21.6499, -11.4763, 0.0000, 0.0000, 0.0000, 0.0000, 0.0000, 0.0000, -0.3983, 0.2886, -0.2467, -0.8350, -0.2119, 0.0308, -0.1034, 0.0000, 0.0000, 0.0000, 0.0000
1, 8.0400, 804, 0.5735, -0.6803, -0.6120, -13.1330, 10.5645, -6.2479, 0.0000, 0.0000, 0.0000, 0.0000, 0.0000, 0.0000, -0.3985, 0.2896, -0.2450, -0.8350, -0.2864, 0.0395, -0.1001, 0.0000, 0.0000, 0.0000, 0.0000
1, 8.0500, 805, 0.4448, -0.6601, -0.6738, -16.3492, 0.3008, 0.3990, 0.0000, 0.0000, 0.0000, 0.0000, 0.0000, 0.0000, -0.3989, 0.2891, -0.2438, -0.8354, -0.1562, 0.0213, -0.0395, 0.0000, 0.0000, 0.0000, 0.0000
2, 8.0200, 802, -0.6146, -0.4610, -1.1860, 70.5417, 4.8459, -48.1330, 0.0000, 0.0000, 0.0000, 0.0000, 0.0000, 0.0000, -0.5743, 0.3915, 0.0976, 0.7123, 0.1670, -0.1229, 0.5087, 0.0000, 0.0000, 0.0000, 0.0000
3, 8.0400, 804, -0.0498, -0.8790, 0.0283, 0.1411, -24.3501, 1.4424, 0.0000, 0.0000, 0.0000, 0.0000, 0.0000, 0.0000, 0.4760, -0.5636, -0.4046, -0.5404, -0.1740, -0.0949, -0.0656, 0.0000, 0.0000, 0.0000, 0.0000
3, 8.0500, 805, -0.1021, -0.7908, -0.0012, -10.7331, -26.5030, -1.3805, 0.0000, 0.0000, 0.0000, 0.0000, 0.0000, 0.0000, 0.4775, -0.5644, -0.4031, -0.5394, -0.1219, -0.1831, -0.0364, 0.0000, 0.0000, 0.0000, 0.0000
3, 8.0600, 806, -0.1444, -0.7907, -0.0534, -6.5809, -31.4301, -5.5197, 0.0000, 0.0000, 0.0000, 0.0000, 0.0000, 0.0000, 0.4792, -0.5654, -0.4018, -0.5379, -0.0790, -0.1832, 0.0153, 0.0000, 0.0000, 0.0000, 0.0000
3, 8.0700, 807, -0.1683, -0.8976, -0.0604, 1.8032, -36.9895, -10.9972, 0.0000, 0.0000, 0.0000, 0.0000, 0.0000, 0.0000, 0.4810, -0.5668, -0.4009, -0.5355, -0.0539, -0.0767, 0.0235, 0.0000, 0.0000, 0.0000, 0.0000
3, 8.0800, 808, -0.1524, -1.0247, -0.0237, 9.1699, -41.3503, -18.5529, 0.0000, 0.0000, 0.0000, 0.0000, 0.0000, 0.0000, 0.4828, -0.5684, -0.4005, -0.5323, -0.0672, 0.0498, -0.0106, 0.0000, 0.0000, 0.0000, 0.0000
2, 8.0300, 803, -0.6395, -0.5372, -1.0975, 94.5631, -5.9596, -61.8988, 0.0000, 0.0000, 0.0000, 0.0000, 0.0000, 0.0000, -0.5749, 0.3961, 0.1053, 0.7082, 0.1976, -0.0612, 0.4292, 0.0000, 0.0000, 0.0000, 0.0000
2, 8.0400, 804, -0.7278, -0.6867, -0.9712, 109.3971, -20.3211, -73.1853, 0.0000, 0.0000, 0.0000, 0.0000, 0.0000, 0.0000, -0.5757, 0.4021, 0.1136, 0.7028, 0.2912, 0.0709, 0.3154, 0.0000, 0.0000, 0.0000, 0.0000
2, 8.0500, 805, -0.9136, -0.6327, -0.8551, 114.3437, -12.0040, -79.9080, 0.0000, 0.0000, 0.0000, 0.0000, 0.0000, 0.0000, -0.5767, 0.4078, 0.1228, 0.6972, 0.4837, -0.0018, 0.2127, 0.0000, 0.0000, 0.0000, 0.0000
2, 8.0600, 806, -1.1732, -1.0758, -0.7177, 106.5656, 0.8229, -89.8138, 0.0000, 0.0000, 0.0000, 0.0000, 0.0000, 0.0000, -0.5783, 0.4121, 0.1325, 0.6915, 0.7522, 0.4226, 0.0882, 0.0000, 0.0000, 0.0000, 0.0000
3, 8.0900, 809, -0.1436, -1.1321, 0.0011, 12.8870, -45.0994, -25.8828, 0.0000, 0.0000, 0.0000, 0.0000, 0.0000, 0.0000, 0.4850, -0.5701, -0.4005, -0.5285, -0.0723, 0.1562, -0.0317, 0.0000, 0.0000, 0.0000, 0.0000
1, 8.0600, 806, 0.3679, -0.6283, -0.7303, -16.3323, -6.3766, 3.5761, 0.0000, 0.0000, 0.0000, 0.0000, 0.0000, 0.0000, -0.3995, 0.2880, -0.2429, -0.8357, -0.0801, -0.0086, 0.0150, 0.0000, 0.0000, 0.0000, 0.0000
1, 8.0700, 807, 0.2780, -0.6234, -0.7899, -13.7261, -6.8821, 3.6745, 0.0000, 0.0000, 0.0000, 0.0000, 0.0000, 0.0000, -0.3999, 0.2869, -0.2423, -0.8361, 0.0085, -0.0117, 0.0727, 0.0000, 0.0000, 0.0000, 0.0000
1, 8.0800, 808, 0.2780, -0.5990, -0.8088, -7.6816, -4.3867, 2.4533, 0.0000, 0.0000, 0.0000, 0.0000, 0.0000, 0.0000, -0.4002, 0.2863, -0.2419, -0.8363, 0.0074, -0.0350, 0.0901, 0.0000, 0.0000, 0.0000, 0.0000
3, 8.1000, 810, -0.1732, -1.2052, 0.0046, 9.0868, -43.8616, -30.2038, 0.0000, 0.0000, 0.0000, 0.0000, 0.0000, 0.0000, 0.4874, -0.5715, -0.4005, -0.5248, -0.0380, 0.2281, -0.0316, 0.0000, 0.0000, 0.0000, 0.0000
2, 8.0700, 807, -1.1960, -1.3924, -0.6674, 82.5894, 54.7489, -98.3737, 0.0000, 0.0000, 0.0000, 0.0000, 0.0000, 0.0000, -0.5806, 0.4118, 0.1438, 0.6875, 0.7897, 0.7223, 0.0462, 0.0000, 0.0000, 0.0000, 0.0000
2, 8.0800, 808, -0.7937, -1.2497, -0.6979, 72.8087, 87.2679, -79.6982, 0.0000, 0.0000, 0.0000, 0.0000, 0.0000, 0.0000, -0.5816, 0.4092, 0.1554, 0.6856, 0.4062, 0.5654, 0.0802, 0.0000, 0.0000, 0.0000, 0.0000
1, 8.0900, 809, 0.2914, -0.6084, -0.8010, -1.3069, -0.1352, 1.6937, 0.0000, 0.0000, 0.0000, 0.0000, 0.0000, 0.0000, -0.3988, 0.2854, -0.2416, -0.8373, -0.0064, -0.0249, 0.0816, 0.0000, 0.0000, 0.0000, 0.0000
3, 8.1100, 811, -0.2508, -1.2003, 0.0328, 5.6798, -38.1341, -29.3123, 0.0000, 0.0000, 0.0000, 0.0000, 0.0000, 0.0000, 0.4898, -0.5724, -0.4006, -0.5214, 0.0446, 0.2221, -0.0573, 0.0000, 0.0000, 0.0000, 0.0000
3, 8.1200, 812, -0.2851, -1.1523, 0.0335, 9.2699, -31.7483, -26.0758, 0.0000, 0.0000, 0.0000, 0.0000, 0.0000, 0.0000, 0.4916, -0.5734, -0.4010, -0.5184, 0.0833, 0.1731, -0.0554, 0.0000, 0.0000, 0.0000, 0.0000
1, 8.1000, 810, 0.3281, -0.6128, -0.7684, 3.3681, 2.5496, 1.4892, 0.0000, 0.0000, 0.0000, 0.0000, 0.0000, 0.0000, -0.3989, 0.2857, -0.2418, -0.8371, -0.0428, -0.0197, 0.0483, 0.0000, 0.0000, 0.0000, 0.0000
2, 8.0900, 809, -0.1452, -1.3529, -0.6238, 69.5912, 97.5893, -57.1204, 0.0000, 0.0000, 0.0000, 0.0000, 0.0000, 0.0000, -0.5812, 0.4061, 0.1666, 0.6852, -0.2238, 0.6565, 0.0082, 0.0000, 0.0000, 0.0000, 0.0000
2, 8.1000, 810, -0.1818, -1.7084, -0.8815, 59.4489, 51.9349, 0.7293, 0.0000, 0.0000, 0.0000, 0.0000, 0.0000, 0.0000, -0.5783, 0.4060, 0.1727, 0.6862, -0.1767, 1.0037, 0.2692, 0.0000, 0.0000, 0.0000, 0.0000
3, 8.1300, 813, -0.2475, -1.0996, -0.0242, 8.7100, -26.5126, -24.8240, 0.0000, 0.0000, 0.0000, 0.0000, 0.0000, 0.0000, 0.4932, -0.5741, -0.4015, -0.5157, 0.0498, 0.1195, 0.0050, 0.0000, 0.0000, 0.0000, 0.0000
1, 8.1100, 811, 0.3602, -0.6243, -0.7307, 5.5575, 3.0266, 1.8634, 0.0000, 0.0000, 0.0000, 0.0000, 0.0000, 0.0000, -0.3990, 0.2861, -0.2421, -0.8369, -0.0747, -0.0089, 0.0114, 0.0000, 0.0000, 0.0000, 0.0000
1, 8.1200, 812, 0.3509, -0.6238, -0.7182, 5.6627, 2.2134, 2.4260, 0.0000, 0.0000, 0.0000, 0.0000, 0.0000, 0.0000, -0.3991, 0.2864, -0.2425, -0.8366, -0.0653, -0.0102, -0.0004, 0.0000, 0.0000, 0.0000, 0.0000
3, 8.1400, 814, -0.1773, -1.0799, -0.0651, 5.6649, -23.2501, -26.2704, 0.0000, 0.0000, 0.0000, 0.0000, 0.0000, 0.0000, 0.4949, -0.5745, -0.4020, -0.5132, -0.0161, 0.0990, 0.0479, 0.0000, 0.0000, 0.0000, 0.0000
2, 8.1100, 811, -0.4638, -0.9917, -0.6622, 39.1640, 10.0042, 28.7082, 0.0000, 0.0000, 0.0000, 0.0000, 0.0000, 0.0000, -0.5750, 0.4078, 0.1746, 0.6874, 0.1049, 0.2834, 0.0543, 0.0000, 0.0000, 0.0000, 0.0000
2, 8.1200, 812, -0.3634, -0.8450, -0.4974, 35.6463, 7.8074, 15.3228, 0.0000, 0.0000, 0.0000, 0.0000, 0.0000, 0.0000, -0.5727, 0.4094, 0.1765, 0.6879, 0.0025, 0.1344, -0.1065, 0.0000, 0.0000, 0.0000, 0.0000
1, 8.1300, 813, 0.3516, -0.6227, -0.7187, 5.0735, 0.6267, 2.8203, 0.0000, 0.0000, 0.0000, 0.0000, 0.0000, 0.0000, -0.3992, 0.2865, -0.2429, -0.8364, -0.0661, -0.0122, 0.0007, 0.0000, 0.0000, 0.0000, 0.0000
3, 8.1500, 815, -0.1575, -1.0576, -0.0496, 5.1362, -19.5860, -28.4135, 0.0000, 0.0000, 0.0000, 0.0000, 0.0000, 0.0000, 0.4966, -0.5746, -0.4028, -0.5108, -0.0312, 0.0757, 0.0339, 0.0000, 0.0000, 0.0000, 0.0000
3, 8.1600, 816, -0.1343, -1.0251, -0.0037, 7.1003, -13.9005, -30.4263, 0.0000, 0.0000, 0.0000, 0.0000, 0.0000, 0.0000, 0.4981, -0.5745, -0.4041, -0.5085, -0.0493, 0.0422, -0.0104, 0.0000, 0.0000, 0.0000, 0.0000
1, 8.1400, 814, 0.3467, -0.6188, -0.7275, 5.0058, -0.3399, 3.2620, 0.0000, 0.0000, 0.0000, 0.0000, 0.0000, 0.0000, -0.3989, 0.2868, -0.2432, -0.8364, -0.0614, -0.0167, 0.0100, 0.0000, 0.0000, 0.0000, 0.0000
1, 8.1500, 815, 0.3331, -0.6150, -0.7284, 5.2873, -0.6833, 3.4898, 0.0000, 0.0000, 0.0000, 0.0000, 0.0000, 0.0000, -0.3990, 0.2868, -0.2437, -0.8362, -0.0476, -0.0211, 0.0115, 0.0000, 0.0000, 0.0000, 0.0000
2, 8.1300, 813, -0.1859, -0.8733, -0.5125, 32.4772, 4.2355, -8.7457, 0.0000, 0.0000, 0.0000, 0.0000, 0.0000, 0.0000, -0.5720, 0.4106, 0.1790, 0.6871, -0.1742, 0.1590, -0.0876, 0.0000, 0.0000, 0.0000, 0.0000
2, 8.1400, 814, -0.1674, -0.8687, -0.5278, 23.2780, -10.6250, -24.4589, 0.0000, 0.0000, 0.0000, 0.0000, 0.0000, 0.0000, -0.5730, 0.4121, 0.1809, 0.6849, -0.1908, 0.1503, -0.0686, 0.0000, 0.0000, 0.0000, 0.0000
3, 8.1700, 817, -0.1245, -0.9847, 0.0304, 9.7852, -11.0133, -32.0643, 0.0000, 0.0000, 0.0000, 0.0000, 0.0000, 0.0000, 0.4995, -0.5743, -0.4057, -0.5061, -0.0537, 0.0008, -0.0425, 0.0000, 0.0000, 0.0000, 0.0000
3, 8.1800, 818, -0.1106, -0.9329, 0.0649, 12.1181, -10.7907, -32.3772, 0.0000, 0.0000, 0.0000, 0.0000, 0.0000, 0.0000, 0.5007, -0.5741, -0.4074, -0.5037, -0.0619, -0.0520, -0.0746, 0.0000, 0.0000, 0.0000, 0.0000
2, 8.1500, 815, -0.2353, -0.8405, -0.4808, 10.3189, -24.8347, -36.6930, 0.0000, 0.0000, 0.0000, 0.0000, 0.0000, 0.0000, -0.5752, 0.4135, 0.1816, 0.6820, -0.1206, 0.1183, -0.1123, 0.0000, 0.0000, 0.0000, 0.0000
1, 8.1600, 816, 0.3310, -0.6162, -0.7250, 5.3422, -0.7144, 3.3501, 0.0000, 0.0000, 0.0000, 0.0000, 0.0000, 0.0000, -0.3991, 0.2869, -0.2442, -0.8360, -0.0460, -0.0207, 0.0087, 0.0000, 0.0000, 0.0000, 0.0000
2, 8.1600, 816, -0.2911, -0.7769, -0.4095, -2.4373, -26.9865, -48.7652, 0.0000, 0.0000, 0.0000, 0.0000, 0.0000, 0.0000, -0.5787, 0.4142, 0.1818, 0.6786, -0.0620, 0.0518, -0.1817, 0.0000, 0.0000, 0.0000, 0.0000
3, 8.1900, 819, -0.0946, -0.8860, 0.0812, 14.0701, -10.5784, -30.9817, 0.0000, 0.0000, 0.0000, 0.0000, 0.0000, 0.0000, 0.5017, -0.5741, -0.4091, -0.5013, -0.0725, -0.0999, -0.0884, 0.0000, 0.0000, 0.0000, 0.0000
1, 8.1700, 817, 0.3227, -0.6136, -0.7197, 4.9017, -0.4429, 3.2280, 0.0000, 0.0000, 0.0000, 0.0000, 0.0000, 0.0000, -0.3992, 0.2870, -0.2446, -0.8357, -0.0381, -0.0241, 0.0039, 0.0000, 0.0000, 0.0000, 0.0000
2, 8.1700, 817, -0.2800, -0.7025, -0.3776, -11.3830, -22.4038, -59.8741, 0.0000, 0.0000, 0.0000, 0.0000, 0.0000, 0.0000, -0.5830, 0.4140, 0.1822, 0.6750, -0.0686, -0.0252, -0.2131, 0.0000, 0.0000, 0.0000, 0.0000
3, 8.2000, 820, -0.0849, -0.8687, 0.0683, 17.8189, -11.8289, -27.8138, 0.0000, 0.0000, 0.0000, 0.0000, 0.0000, 0.0000, 0.5024, -0.5744, -0.4108, -0.4989, -0.0772, -0.1181, -0.0723, 0.0000, 0.0000, 0.0000, 0.0000
2, 8.1800, 818, -0.2173, -0.6556, -0.3913, -15.2580, -21.1309, -64.9988, 0.0000, 0.0000, 0.0000, 0.0000, 0.0000, 0.0000, -0.5877, 0.4134, 0.1826, 0.6711, -0.1254, -0.0745, -0.2000, 0.0000, 0.0000, 0.0000, 0.0000
2, 8.1900, 819, -0.1929, -0.5998, -0.3836, -14.6487, -23.9529, -60.1835, 0.0000, 0.0000, 0.0000, 0.0000, 0.0000, 0.0000, -0.5921, 0.4131, 0.1827, 0.6673, -0.1441, -0.1324, -0.2083, 0.0000, 0.0000, 0.0000, 0.0000
3, 8.2100, 821, -0.1121, -0.8999, 0.0357, 17.8100, -12.7831, -23.3011, 0.0000, 0.0000, 0.0000, 0.0000, 0.0000, 0.0000, 0.5030, -0.5749, -0.4122, -0.4966, -0.0457, -0.0876, -0.0362, 0.0000, 0.0000, 0.0000, 0.0000
1, 8.1800, 818, 0.3256, -0.6125, -0.7147, 4.2881, -0.2213, 2.9321, 0.0000, 0.0000, 0.0000, 0.0000, 0.0000, 0.0000, -0.3993, 0.2870, -0.2450, -0.8356, -0.0414, -0.0259, -0.0006, 0.0000, 0.0000, 0.0000, 0.0000
1, 8.1900, 819, 0.3140, -0.6142, -0.7162, 3.4166, -0.1323, 2.2711, 0.0000, 0.0000, 0.0000, 0.0000, 0.0000, 0.0000, -0.3987, 0.2871, -0.2450, -0.8358, -0.0299, -0.0246, 0.0012, 0.0000, 0.0000, 0.0000, 0.0000
3, 8.2200, 822, -0.1446, -0.9333, -0.0002, 13.1223, -13.8804, -19.4223, 0.0000, 0.0000, 0.0000, 0.0000, 0.0000, 0.0000, 0.5037, -0.5754, -0.4131, -0.4946, -0.0096, -0.0547, 0.0027, 0.0000, 0.0000, 0.0000, 0.0000
3, 8.2300, 823, -0.1638, -0.9702, -0.0185, 7.9095, -15.0714, -15.7920, 0.0000, 0.0000, 0.0000, 0.0000, 0.0000, 0.0000, 0.5045, -0.5758, -0.4135, -0.4928, 0.0125, -0.0183, 0.0230, 0.0000, 0.0000, 0.0000, 0.0000
2, 8.2000, 820, -0.2044, -0.5130, -0.3612, -9.1753, -25.2722, -50.6934, 0.0000, 0.0000, 0.0000, 0.0000, 0.0000, 0.0000, -0.5958, 0.4133, 0.1827, 0.6639, -0.1281, -0.2213, -0.2306, 0.0000, 0.0000, 0.0000, 0.0000
2, 8.2100, 821, -0.1940, -0.4658, -0.3333, -1.2293, -22.6582, -41.1284, 0.0000, 0.0000, 0.0000, 0.0000, 0.0000, 0.0000, -0.5986, 0.4139, 0.1829, 0.6610, -0.1353, -0.2706, -0.2576, 0.0000, 0.0000, 0.0000, 0.0000
1, 8.2000, 820, 0.3231, -0.6088, -0.7186, 3.0014, -0.0402, 1.6957, 0.0000, 0.0000, 0.0000, 0.0000, 0.0000, 0.0000, -0.3988, 0.2872, -0.2453, -0.8357, -0.0386, -0.0300, 0.0038, 0.0000, 0.0000, 0.0000, 0.0000
3, 8.2400, 824, -0.1845, -0.9925, -0.0131, 4.1380, -14.3408, -13.4897, 0.0000, 0.0000, 0.0000, 0.0000, 0.0000, 0.0000, 0.5054, -0.5761, -0.4138, -0.4914, 0.0357, 0.0037, 0.0190, 0.0000, 0.0000, 0.0000, 0.0000
3, 8.2500, 825, -0.1720, -0.9700, 0.0069, 0.2420, -13.0711, -12.0305, 0.0000, 0.0000, 0.0000, 0.0000, 0.0000, 0.0000, 0.5064, -0.5762, -0.4138, -0.4902, 0.0254, -0.0191, -0.0004, 0.0000, 0.0000, 0.0000, 0.0000
1, 8.2100, 821, 0.3394, -0.6121, -0.7202, 3.0160, 0.0596, 1.8524, 0.0000, 0.0000, 0.0000, 0.0000, 0.0000, 0.0000, -0.3988, 0.2873, -0.2456, -0.8355, -0.0551, -0.0271, 0.0057, 0.0000, 0.0000, 0.0000, 0.0000
1, 8.2200, 822, 0.3184, -0.6121, -0.7171, 2.6069, 0.3607, 1.9920, 0.0000, 0.0000, 0.0000, 0.0000, 0.0000, 0.0000, -0.3989, 0.2874, -0.2458, -0.8354, -0.0343, -0.0277, 0.0029, 0.0000, 0.0000, 0.0000, 0.0000
1, 8.2300, 823, 0.3321, -0.6127, -0.7159, 2.4726, 0.2471, 1.5913, 0.0000, 0.0000, 0.0000, 0.0000, 0.0000, 0.0000, -0.3990, 0.2874, -0.2460, -0.8353, -0.0482, -0.0275, 0.0021, 0.0000, 0.0000, 0.0000, 0.0000
2, 8.2200, 822, -0.1509, -0.4375, -0.3241, 7.1586, -17.9771, -31.7022, 0.0000, 0.0000, 0.0000, 0.0000, 0.0000, 0.0000, -0.6005, 0.4148, 0.1835, 0.6586, -0.1759, -0.3013, -0.2653, 0.0000, 0.0000, 0.0000, 0.0000
1, 8.2400, 824, 0.3214, -0.6106, -0.7188, 1.9619, 0.3968, 1.5400, 0.0000, 0.0000, 0.0000, 0.0000, 0.0000, 0.0000, -0.3982, 0.2876, -0.2457, -0.8357, -0.0372, -0.0296, 0.0051, 0.0000, 0.0000, 0.0000, 0.0000
2, 8.2300, 823, -0.1091, -0.4036, -0.3174, 14.2855, -13.9548, -22.1469, 0.0000, 0.0000, 0.0000, 0.0000, 0.0000, 0.0000, -0.6014, 0.4160, 0.1844, 0.6567, -0.2160, -0.3379, -0.2695, 0.0000, 0.0000, 0.0000, 0.0000
3, 8.2600, 826, -0.1413, -0.9452, 0.0324, 0.1891, -12.2945, -10.7437, 0.0000, 0.0000, 0.0000, 0.0000, 0.0000, 0.0000, 0.5073, -0.5764, -0.4138, -0.4891, -0.0034, -0.0443, -0.0256, 0.0000, 0.0000, 0.0000, 0.0000
1, 8.2500, 825, 0.3184, -0.6086, -0.7228, 1.8414, 0.4340, 1.3132, 0.0000, 0.0000, 0.0000, 0.0000, 0.0000, 0.0000, -0.3982, 0.2877, -0.2459, -0.8356, -0.0334, -0.0313, 0.0092, 0.0000, 0.0000, 0.0000, 0.0000
2, 8.2400, 824, -0.0777, -0.3785, -0.3054, 19.3755, -10.9168, -13.4325, 0.0000, 0.0000, 0.0000, 0.0000, 0.0000, 0.0000, -0.6017, 0.4174, 0.1854, 0.6552, -0.2464, -0.3658, -0.2786, 0.0000, 0.0000, 0.0000, 0.0000
3, 8.2700, 827, -0.1047, -0.9303, 0.0445, 2.0247, -12.6638, -8.8737, 0.0000, 0.0000, 0.0000, 0.0000, 0.0000, 0.0000, 0.5080, -0.5768, -0.4139, -0.4878, -0.0382, -0.0594, -0.0371, 0.0000, 0.0000, 0.0000, 0.0000
2, 8.2500, 825, -0.0566, -0.3489, -0.3015, 22.8594, -8.9226, -5.8403, 0.0000, 0.0000, 0.0000, 0.0000, 0.0000, 0.0000, -0.6014, 0.4190, 0.1865, 0.6542, -0.2672, -0.3980, -0.2791, 0.0000, 0.0000, 0.0000, 0.0000
1, 8.2600, 826, 0.3296, -0.6113, -0.7184, 2.0531, 0.7834, 1.0313, 0.0000, 0.0000, 0.0000, 0.0000, 0.0000, 0.0000, -0.3983, 0.2878, -0.2460, -0.8355, -0.0446, -0.0289, 0.0050, 0.0000, 0.0000, 0.0000, 0.0000
3, 8.2800, 828, -0.0801, -0.9246, 0.0589, 2.7396, -13.2195, -7.5013, 0.0000, 0.0000, 0.0000, 0.0000, 0.0000, 0.0000, 0.5087, -0.5772, -0.4138, -0.4867, -0.0612, -0.0653, -0.0504, 0.0000, 0.0000, 0.0000, 0.0000
2, 8.2600, 826, -0.0340, -0.3108, -0.3006, 24.7712, -7.9961, 0.9797, 0.0000, 0.0000, 0.0000, 0.0000, 0.0000, 0.0000, -0.6005, 0.4208, 0.1874, 0.6536, -0.2904, -0.4387, -0.2765, 0.0000, 0.0000, 0.0000, 0.0000
1, 8.2700, 827, 0.3308, -0.6147, -0.7136, 1.8465, 0.5971, 0.8234, 0.0000, 0.0000, 0.0000, 0.0000, 0.0000, 0.0000, -0.3983, 0.2879, -0.2462, -0.8354, -0.0459, -0.0259, 0.0005, 0.0000, 0.0000, 0.0000, 0.0000
1, 8.2800, 828, 0.3331, -0.6150, -0.7163, 1.5880, 0.2731, 0.6338, 0.0000, 0.0000, 0.0000, 0.0000, 0.0000, 0.0000, -0.3983, 0.2879, -0.2463, -0.8353, -0.0482, -0.0257, 0.0033, 0.0000, 0.0000, 0.0000, 0.0000
3, 8.2900, 829, -0.0577, -0.9529, 0.0598, 5.6213, -12.6052, -6.7815, 0.0000, 0.0000, 0.0000, 0.0000, 0.0000, 0.0000, 0.5091, -0.5777, -0.4139, -0.4855, -0.0824, -0.0372, -0.0503, 0.0000, 0.0000, 0.0000, 0.0000
2, 8.2700, 827, -0.0205, -0.2984, -0.3075, 25.3825, -9.0068, 7.9606, 0.0000, 0.0000, 0.0000, 0.0000, 0.0000, 0.0000, -0.5993, 0.4227, 0.1881, 0.6532, -0.3055, -0.4534, -0.2657, 0.0000, 0.0000, 0.0000, 0.0000
1, 8.2900, 829, 0.3406, -0.6150, -0.7148, 1.2736, -0.1080, 0.7241, 0.0000, 0.0000, 0.0000, 0.0000, 0.0000, 0.0000, -0.3969, 0.2888, -0.2453, -0.8360, -0.0549, -0.0255, 0.0020, 0.0000, 0.0000, 0.0000, 0.0000
3, 8.3000, 830, -0.0547, -0.9704, 0.0469, 6.2654, -12.8293, -6.3552, 0.0000, 0.0000, 0.0000, 0.0000, 0.0000, 0.0000, 0.5096, -0.5783, -0.4139, -0.4844, -0.0842, -0.0199, -0.0360, 0.0000, 0.0000, 0.0000, 0.0000
1, 8.3000, 830, 0.3437, -0.6191, -0.7083, 0.5902, -0.9773, 1.1151, 0.0000, 0.0000, 0.0000, 0.0000, 0.0000, 0.0000, -0.3969, 0.2887, -0.2455, -0.8360, -0.0557, -0.0205, -0.0045, 0.0000, 0.0000, 0.0000, 0.0000
2, 8.2800, 828, -0.0211, -0.2968, -0.2975, 24.0138, -10.3806, 15.3595, 0.0000, 0.0000, 0.0000, 0.0000, 0.0000, 0.0000, -0.5977, 0.4248, 0.1884, 0.6533, -0.3075, -0.4567, -0.2719, 0.0000, 0.0000, 0.0000, 0.0000
3, 8.3100, 831, -0.0583, -0.9819, 0.0397, 5.6403, -12.4334, -5.7520, 0.0000, 0.0000, 0.0000, 0.0000, 0.0000, 0.0000, 0.5100, -0.5789, -0.4138, -0.4833, -0.0795, -0.0085, -0.0275, 0.0000, 0.0000, 0.0000, 0.0000
2, 8.2900, 829, -0.0454, -0.3054, -0.2957, 20.3580, -11.2809, 22.1721, 0.0000, 0.0000, 0.0000, 0.0000, 0.0000, 0.0000, -0.5959, 0.4269, 0.1882, 0.6537, -0.2869, -0.4492, -0.2703, 0.0000, 0.0000, 0.0000, 0.0000
1, 8.3100, 831, 0.3238, -0.6181, -0.7152, -0.3216, -1.5714, 1.2959, 0.0000, 0.0000, 0.0000, 0.0000, 0.0000, 0.0000, -0.3970, 0.2886, -0.2455, -0.8360, -0.0361, -0.0215, 0.0024, 0.0000, 0.0000, 0.0000, 0.0000
1, 8.3200, 832, 0.3258, -0.6185, -0.7208, -0.6677, -1.8440, 1.0540, 0.0000, 0.0000, 0.0000, 0.0000, 0.0000, 0.0000, -0.3971, 0.2884, -0.2456, -0.8360, -0.0385, -0.0211, 0.0078, 0.0000, 0.0000, 0.0000, 0.0000
3, 8.3200, 832, -0.0621, -0.9845, 0.0344, 3.3066, -11.4632, -5.0456, 0.0000, 0.0000, 0.0000, 0.0000, 0.0000, 0.0000, 0.5106, -0.5792, -0.4140, -0.4821, -0.0746, -0.0060, -0.0210, 0.0000, 0.0000, 0.0000, 0.0000
2, 8.3000, 830, -0.0518, -0.3054, -0.3031, 15.0360, -11.6653, 29.0138, 0.0000, 0.0000, 0.0000, 0.0000, 0.0000, 0.0000, -0.5939, 0.4288, 0.1873, 0.6545, -0.2850, -0.4493, -0.2600, 0.0000, 0.0000, 0.0000, 0.0000
3, 8.3300, 833, -0.0809, -0.9904, 0.0391, 1.2843, -10.7106, -4.0554, 0.0000, 0.0000, 0.0000, 0.0000, 0.0000, 0.0000, 0.5111, -0.5796, -0.4138, -0.4813, -0.0544, -0.0003, -0.0249, 0.0000, 0.0000, 0.0000, 0.0000
2, 8.3100, 831, -0.0599, -0.3041, -0.3116, 9.0928, -12.4308, 35.9551, 0.0000, 0.0000, 0.0000, 0.0000, 0.0000, 0.0000, -0.5917, 0.4305, 0.1859, 0.6557, -0.2825, -0.4497, -0.2493, 0.0000, 0.0000, 0.0000, 0.0000
1, 8.3300, 833, 0.3285, -0.6178, -0.7223, -0.6850, -1.6880, 0.9310, 0.0000, 0.0000, 0.0000, 0.0000, 0.0000, 0.0000, -0.3971, 0.2882, -0.2456, -0.8360, -0.0416, -0.0218, 0.0092, 0.0000, 0.0000, 0.0000, 0.0000
3, 8.3400, 834, -0.0963, -0.9766, 0.0430, -1.4959, -9.3958, -2.9011, 0.0000, 0.0000, 0.0000, 0.0000, 0.0000, 0.0000, 0.5116, -0.5798, -0.4134, -0.4808, -0.0383, -0.0142, -0.0287, 0.0000, 0.0000, 0.0000, 0.0000
1, 8.3400, 834, 0.3181, -0.6146, -0.7210, -0.7538, -1.4960, 0.6858, 0.0000, 0.0000, 0.0000, 0.0000, 0.0000, 0.0000, -0.3959, 0.2881, -0.2451, -0.8368, -0.0310, -0.0246, 0.0075, 0.0000, 0.0000, 0.0000, 0.0000
2, 8.3200, 832, -0.0768, -0.3051, -0.3161, 2.3865, -13.2211, 42.2065, 0.0000, 0.0000, 0.0000, 0.0000, 0.0000, 0.0000, -0.5894, 0.4321, 0.1837, 0.6574, -0.2721, -0.4468, -0.2433, 0.0000, 0.0000, 0.0000, 0.0000
3, 8.3500, 835, -0.1028, -0.9638, 0.0509, -1.4604, -7.8414, -1.4094, 0.0000, 0.0000, 0.0000, 0.0000, 0.0000, 0.0000, 0.5120, -0.5800, -0.4131, -0.4804, -0.0315, -0.0270, -0.0367, 0.0000, 0.0000, 0.0000, 0.0000
3, 8.3600, 836, -0.1156, -0.9571, 0.0611, -0.7475, -6.9116, 0.5118, 0.0000, 0.0000, 0.0000, 0.0000, 0.0000, 0.0000, 0.5123, -0.5803, -0.4127, -0.4801, -0.0186, -0.0338, -0.0469, 0.0000, 0.0000, 0.0000, 0.0000
2, 8.3300, 833, -0.1024, -0.3125, -0.3136, -5.2277, -13.1934, 46.5079, 0.0000, 0.0000, 0.0000, 0.0000, 0.0000, 0.0000, -0.5872, 0.4333, 0.1810, 0.6593, -0.2537, -0.4364, -0.2453, 0.0000, 0.0000, 0.0000, 0.0000
1, 8.3500, 835, 0.3312, -0.6087, -0.7210, -1.1023, -1.4256, 0.3898, 0.0000, 0.0000, 0.0000, 0.0000, 0.0000, 0.0000, -0.3959, 0.2879, -0.2451, -0.8369, -0.0432, -0.0295, 0.0070, 0.0000, 0.0000, 0.0000, 0.0000
1, 8.3600, 836, 0.3386, -0.6117, -0.7193, -0.8215, -1.5102, 0.4940, 0.0000, 0.0000, 0.0000, 0.0000, 0.0000, 0.0000, -0.3959, 0.2878, -0.2451, -0.8369, -0.0509, -0.0264, 0.0051, 0.0000, 0.0000, 0.0000, 0.0000
3, 8.3700, 837, -0.1263, -0.9474, 0.0500, -0.1110, -6.5757, 2.6110, 0.0000, 0.0000, 0.0000, 0.0000, 0.0000, 0.0000, 0.5123, -0.5809, -0.4123, -0.4797, -0.0082, -0.0434, -0.0355, 0.0000, 0.0000, 0.0000, 0.0000
2, 8.3400, 834, -0.1377, -0.3261, -0.3163, -14.5463, -11.4896, 49.1113, 0.0000, 0.0000, 0.0000, 0.0000, 0.0000, 0.0000, -0.5851, 0.4340, 0.1777, 0.6617, -0.2259, -0.4187, -0.2433, 0.0000, 0.0000, 0.0000, 0.0000
3, 8.3800, 838, -0.1385, -0.9477, 0.0370, 0.8651, -5.7714, 4.5703, 0.0000, 0.0000, 0.0000, 0.0000, 0.0000, 0.0000, 0.5122, -0.5814, -0.4119, -0.4796, 0.0033, -0.0429, -0.0218, 0.0000, 0.0000, 0.0000, 0.0000
2, 8.3500, 835, -0.1654, -0.3239, -0.3257, -23.9647, -8.5664, 51.2068, 0.0000, 0.0000, 0.0000, 0.0000, 0.0000, 0.0000, -0.5831, 0.4340, 0.1739, 0.6643, -0.2056, -0.4156, -0.2360, 0.0000, 0.0000, 0.0000, 0.0000
2, 8.3600, 836, -0.1848, -0.3076, -0.3417, -31.8102, -5.9082, 53.4623, 0.0000, 0.0000, 0.0000, 0.0000, 0.0000, 0.0000, -0.5813, 0.4336, 0.1698, 0.6673, -0.1937, -0.4256, -0.2233, 0.0000, 0.0000, 0.0000, 0.0000
1, 8.3700, 837, 0.3422, -0.6081, -0.7199, -0.7742, -1.8638, 1.1418, 0.0000, 0.0000, 0.0000, 0.0000, 0.0000, 0.0000, -0.3960, 0.2876, -0.2451, -0.8369, -0.0548, -0.0299, 0.0055, 0.0000, 0.0000, 0.0000, 0.0000
3, 8.3900, 839, -0.1441, -0.9562, 0.0215, 1.5376, -4.7429, 6.8223, 0.0000, 0.0000, 0.0000, 0.0000, 0.0000, 0.0000, 0.5120, -0.5819, -0.4114, -0.4796, 0.0078, -0.0344, -0.0060, 0.0000, 0.0000, 0.0000, 0.0000
1, 8.3800, 838, 0.3317, -0.6125, -0.7205, -0.8130, -2.0079, 1.5094, 0.0000, 0.0000, 0.0000, 0.0000, 0.0000, 0.0000, -0.3961, 0.2874, -0.2451, -0.8369, -0.0447, -0.0255, 0.0059, 0.0000, 0.0000, 0.0000, 0.0000
2, 8.3700, 837, -0.2128, -0.3071, -0.3498, -36.5463, -5.5103, 56.4878, 0.0000, 0.0000, 0.0000, 0.0000, 0.0000, 0.0000, -0.5795, 0.4329, 0.1652, 0.6705, -0.1733, -0.4190, -0.2193, 0.0000, 0.0000, 0.0000, 0.0000
3, 8.4000, 840, -0.1437, -0.9629, 0.0179, 1.2434, -3.6140, 8.9428, 0.0000, 0.0000, 0.0000, 0.0000, 0.0000, 0.0000, 0.5117, -0.5824, -0.4108, -0.4797, 0.0060, -0.0274, -0.0021, 0.0000, 0.0000, 0.0000, 0.0000
3, 8.4100, 841, -0.1342, -0.9661, 0.0229, 0.0247, -1.9619, 10.6325, 0.0000, 0.0000, 0.0000, 0.0000, 0.0000, 0.0000, 0.5114, -0.5829, -0.4102, -0.4801, -0.0052, -0.0240, -0.0069, 0.0000, 0.0000, 0.0000, 0.0000
1, 8.3900, 839, 0.3251, -0.6148, -0.7159, -0.9705, -2.1296, 1.5280, 0.0000, 0.0000, 0.0000, 0.0000, 0.0000, 0.0000, -0.3956, 0.2872, -0.2449, -0.8373, -0.0383, -0.0229, 0.0011, 0.0000, 0.0000, 0.0000, 0.0000
2, 8.3800, 838, -0.2693, -0.3210, -0.3576, -38.6538, -5.2129, 61.9262, 0.0000, 0.0000, 0.0000, 0.0000, 0.0000, 0.0000, -0.5774, 0.4321, 0.1603, 0.6739, -0.1248, -0.3972, -0.2158, 0.0000, 0.0000, 0.0000, 0.0000
1, 8.4000, 840, 0.3072, -0.6136, -0.7249, -1.2025, -1.7211, 1.5093, 0.0000, 0.0000, 0.0000, 0.0000, 0.0000, 0.0000, -0.3957, 0.2870, -0.2449, -0.8373, -0.0201, -0.0236, 0.0097, 0.0000, 0.0000, 0.0000, 0.0000
2, 8.3900, 839, -0.3243, -0.3528, -0.3684, -38.7655, -3.8618, 68.9543, 0.0000, 0.0000, 0.0000, 0.0000, 0.0000, 0.0000, -0.5748, 0.4313, 0.1552, 0.6779, -0.0785, -0.3569, -0.2096, 0.0000, 0.0000, 0.0000, 0.0000
3, 8.4200, 842, -0.1357, -0.9715, 0.0416, -1.1177, 0.0592, 12.0758, 0.0000, 0.0000, 0.0000, 0.0000, 0.0000, 0.0000, 0.5108, -0.5834, -0.4096, -0.4806, -0.0057, -0.0183, -0.0256, 0.0000, 0.0000, 0.0000, 0.0000
1, 8.4100, 841, 0.3147, -0.6145, -0.7299, -1.2477, -1.0528, 0.4932, 0.0000, 0.0000, 0.0000, 0.0000, 0.0000, 0.0000, -0.3957, 0.2869, -0.2448, -0.8373, -0.0279, -0.0227, 0.0145, 0.0000, 0.0000, 0.0000, 0.0000
2, 8.4000, 840, -0.3675, -0.3925, -0.3997, -38.0025, -3.3551, 77.5474, 0.0000, 0.0000, 0.0000, 0.0000, 0.0000, 0.0000, -0.5716, 0.4307, 0.1499, 0.6821, -0.0448, -0.3080, -0.1828, 0.0000, 0.0000, 0.0000, 0.0000
1, 8.4200, 842, 0.3316, -0.6173, -0.7263, -0.8761, -0.6994, 0.0884, 0.0000, 0.0000, 0.0000, 0.0000, 0.0000, 0.0000, -0.3957, 0.2868, -0.2448, -0.8374, -0.0449, -0.0198, 0.0107, 0.0000, 0.0000, 0.0000, 0.0000
1, 8.4300, 843, 0.3306, -0.6165, -0.7260, -0.8233, -0.5430, -0.0173, 0.0000, 0.0000, 0.0000, 0.0000, 0.0000, 0.0000, -0.3957, 0.2868, -0.2448, -0.8374, -0.0441, -0.0205, 0.0103, 0.0000, 0.0000, 0.0000, 0.0000
2, 8.4100, 841, -0.4048, -0.4412, -0.4276, -39.3397, -6.0009, 87.9463, 0.0000, 0.0000, 0.0000, 0.0000, 0.0000, 0.0000, -0.5679, 0.4302, 0.1439, 0.6868, -0.0182, -0.2492, -0.1592, 0.0000, 0.0000, 0.0000, 0.0000
3, 8.4300, 843, -0.1486, -0.9762, 0.0642, -2.8625, 1.9799, 13.6717, 0.0000, 0.0000, 0.0000, 0.0000, 0.0000, 0.0000, 0.5103, -0.5837, -0.4089, -0.4814, 0.0049, -0.0133, -0.0482, 0.0000, 0.0000, 0.0000, 0.0000
3, 8.4400, 844, -0.1552, -0.9798, 0.0596, -4.7162, 3.5350, 15.3565, 0.0000, 0.0000, 0.0000, 0.0000, 0.0000, 0.0000, 0.5098, -0.5839, -0.4081, -0.4824, 0.0090, -0.0093, -0.0444, 0.0000, 0.0000, 0.0000, 0.0000
3, 8.4500, 845, -0.1556, -0.9789, 0.0384, -6.1943, 3.6534, 17.3687, 0.0000, 0.0000, 0.0000, 0.0000, 0.0000, 0.0000, 0.5092, -0.5840, -0.4071, -0.4836, 0.0065, -0.0098, -0.0243, 0.0000, 0.0000, 0.0000, 0.0000
2, 8.4200, 842, -0.4379, -0.4614, -0.4226, -40.8076, -8.8985, 99.7533, 0.0000, 0.0000, 0.0000, 0.0000, 0.0000, 0.0000, -0.5636, 0.4299, 0.1373, 0.6919, 0.0026, -0.2177, -0.1685, 0.0000, 0.0000, 0.0000, 0.0000
1, 8.4400, 844, 0.3312, -0.6176, -0.7197, -0.9986, -0.5267, -0.0692, 0.0000, 0.0000, 0.0000, 0.0000, 0.0000, 0.0000, -0.3946, 0.2872, -0.2439, -0.8381, -0.0441, -0.0189, 0.0039, 0.0000, 0.0000, 0.0000, 0.0000
2, 8.4300, 843, -0.4761, -0.4620, -0.4341, -40.7617, -10.5303, 106.9228, 0.0000, 0.0000, 0.0000, 0.0000, 0.0000, 0.0000, -0.5588, 0.4298, 0.1303, 0.6972, 0.0275, -0.2048, -0.1610, 0.0000, 0.0000, 0.0000, 0.0000
1, 8.4500, 845, 0.3224, -0.6141, -0.7167, -1.6136, -0.6188, -0.0491, 0.0000, 0.0000, 0.0000, 0.0000, 0.0000, 0.0000, -0.3946, 0.2871, -0.2438, -0.8381, -0.0336, -0.0213, 0.0005, 0.0000, 0.0000, 0.0000, 0.0000
3, 8.4600, 846, -0.1551, -0.9728, 0.0179, -8.4011, 3.3237, 19.6048, 0.0000, 0.0000, 0.0000, 0.0000, 0.0000, 0.0000, 0.5087, -0.5842, -0.4059, -0.4849, 0.0027, -0.0155, -0.0052, 0.0000, 0.0000, 0.0000, 0.0000
2, 8.4400, 844, -0.5003, -0.4806, -0.4354, -38.7435, -11.0904, 110.7441, 0.0000, 0.0000, 0.0000, 0.0000, 0.0000, 0.0000, -0.5535, 0.4299, 0.1232, 0.7026, 0.0379, -0.1734, -0.1634, 0.0000, 0.0000, 0.0000, 0.0000
2, 8.4500, 845, -0.5300, -0.4862, -0.4415, -34.1987, -11.2876, 109.4566, 0.0000, 0.0000, 0.0000, 0.0000, 0.0000, 0.0000, -0.5482, 0.4301, 0.1165, 0.7078, 0.0539, -0.1549, -0.1604, 0.0000, 0.0000, 0.0000, 0.0000
1, 8.4600, 846, 0.3177, -0.6126, -0.7162, -2.3311, -0.8807, -0.1501, 0.0000, 0.0000, 0.0000, 0.0000, 0.0000, 0.0000, -0.3946, 0.2869, -0.2437, -0.8382, -0.0290, -0.0225, -0.0002, 0.0000, 0.0000, 0.0000, 0.0000
3, 8.4700, 847, -0.1427, -0.9701, 0.0057, -10.3021, 3.8277, 21.7155, 0.0000, 0.0000, 0.0000, 0.0000, 0.0000, 0.0000, 0.5082, -0.5843, -0.4045, -0.4864, -0.0133, -0.0176, 0.0052, 0.0000, 0.0000, 0.0000, 0.0000
1, 8.4700, 847, 0.3259, -0.6075, -0.7142, -3.0134, -0.8825, -0.4271, 0.0000, 0.0000, 0.0000, 0.0000, 0.0000, 0.0000, -0.3947, 0.2868, -0.2435, -0.8383, -0.0373, -0.0272, -0.0026, 0.0000, 0.0000, 0.0000, 0.0000
3, 8.4800, 848, -0.1162, -0.9783, -0.0115, -12.6789, 3.6280, 23.6173, 0.0000, 0.0000, 0.0000, 0.0000, 0.0000, 0.0000, 0.5077, -0.5845, -0.4029, -0.4881, -0.0436, -0.0088, 0.0203, 0.0000, 0.0000, 0.0000, 0.0000
2, 8.4600, 846, -0.5772, -0.5050, -0.4473, -24.7972, -8.2584, 102.1171, 0.0000, 0.0000, 0.0000, 0.0000, 0.0000, 0.0000, -0.5428, 0.4304, 0.1107, 0.7126, 0.0883, -0.1242, -0.1570, 0.0000, 0.0000, 0.0000, 0.0000
1, 8.4800, 848, 0.3347, -0.6132, -0.7174, -3.7991, -1.3500, -0.5443, 0.0000, 0.0000, 0.0000, 0.0000, 0.0000, 0.0000, -0.3947, 0.2865, -0.2432, -0.8384, -0.0461, -0.0211, 0.0001, 0.0000, 0.0000, 0.0000, 0.0000
2, 8.4700, 847, -0.6496, -0.5160, -0.4306, -8.1933, 3.2327, 86.7567, 0.0000, 0.0000, 0.0000, 0.0000, 0.0000, 0.0000, -0.5377, 0.4307, 0.1071, 0.7169, 0.1504, -0.1035, -0.1751, 0.0000, 0.0000, 0.0000, 0.0000
3, 8.4900, 849, -0.0704, -0.9890, -0.0284, -13.7501, 2.2902, 25.1191, 0.0000, 0.0000, 0.0000, 0.0000, 0.0000, 0.0000, 0.5073, -0.5846, -0.4012, -0.4898, -0.0936, 0.0025, 0.0347, 0.0000, 0.0000, 0.0000, 0.0000
2, 8.4800, 848, -0.7075, -0.5588, -0.3869, 14.7949, 22.7054, 60.8336, 0.0000, 0.0000, 0.0000, 0.0000, 0.0000, 0.0000, -0.5331, 0.4305, 0.1068, 0.7204, 0.2021, -0.0551, -0.2195, 0.0000, 0.0000, 0.0000, 0.0000
1, 8.4900, 849, 0.3321, -0.6151, -0.7267, -4.1833, -1.8522, -0.4181, 0.0000, 0.0000, 0.0000, 0.0000, 0.0000, 0.0000, -0.3943, 0.2864, -0.2427, -0.8388, -0.0436, -0.0185, 0.0089, 0.0000, 0.0000, 0.0000, 0.0000
3, 8.5000, 850, -0.0285, -1.0046, -0.0262, -14.9413, 0.0407, 26.1546, 0.0000, 0.0000, 0.0000, 0.0000, 0.0000, 0.0000, 0.5069, -0.5849, -0.3992, -0.4915, -0.1401, 0.0189, 0.0300, 0.0000, 0.0000, 0.0000, 0.0000
3, 8.5100, 851, -0.0199, -1.0236, 0.0048, -16.7312, -2.0800, 27.1839, 0.0000, 0.0000, 0.0000, 0.0000, 0.0000, 0.0000, 0.5067, -0.5852, -0.3970, -0.4932, -0.1532, 0.0387, -0.0036, 0.0000, 0.0000, 0.0000, 0.0000
2, 8.4900, 849, -0.7819, -0.6878, -0.3796, 38.2212, 43.7746, 30.3924, 0.0000, 0.0000, 0.0000, 0.0000, 0.0000, 0.0000, -0.5293, 0.4300, 0.1101, 0.7231, 0.2759, 0.0744, -0.2268, 0.0000, 0.0000, 0.0000, 0.0000
1, 8.5000, 850, 0.3534, -0.6158, -0.7276, -4.1780, -2.6411, -0.2919, 0.0000, 0.0000, 0.0000, 0.0000, 0.0000, 0.0000, -0.3943, 0.2861, -0.2425, -0.8389, -0.0645, -0.0169, 0.0092, 0.0000, 0.0000, 0.0000, 0.0000
2, 8.5000, 850, -0.8026, -0.9497, -0.3751, 53.1695, 52.5314, 7.5907, 0.0000, 0.0000, 0.0000, 0.0000, 0.0000, 0.0000, -0.5263, 0.4292, 0.1156, 0.7249, 0.3001, 0.3325, -0.2303, 0.0000, 0.0000, 0.0000, 0.0000
1, 8.5100, 851, 0.3544, -0.6259, -0.7299, -3.7769, -3.2306, 0.3558, 0.0000, 0.0000, 0.0000, 0.0000, 0.0000, 0.0000, -0.3944, 0.2857, -0.2424, -0.8391, -0.0659, -0.0064, 0.0108, 0.0000, 0.0000, 0.0000, 0.0000
3, 8.5200, 852, -0.0433, -1.0569, 0.0274, -19.3682, -3.9329, 28.3611, 0.0000, 0.0000, 0.0000, 0.0000, 0.0000, 0.0000, 0.5067, -0.5854, -0.3947, -0.4948, -0.1345, 0.0728, -0.0292, 0.0000, 0.0000, 0.0000, 0.0000
3, 8.5300, 853, -0.0956, -1.0754, 0.0086, -25.1651, -6.3631, 30.7197, 0.0000, 0.0000, 0.0000, 0.0000, 0.0000, 0.0000, 0.5069, -0.5856, -0.3917, -0.4967, -0.0870, 0.0923, -0.0141, 0.0000, 0.0000, 0.0000, 0.0000
1, 8.5200, 852, 0.3348, -0.6190, -0.7362, -3.3917, -3.4023, 0.5998, 0.0000, 0.0000, 0.0000, 0.0000, 0.0000, 0.0000, -0.3945, 0.2853, -0.2422, -0.8392, -0.0468, -0.0128, 0.0166, 0.0000, 0.0000, 0.0000, 0.0000
2, 8.5100, 851, -0.6343, -1.2780, -0.3650, 61.0013, 38.6841, 7.6756, 0.0000, 0.0000, 0.0000, 0.0000, 0.0000, 0.0000, -0.5231, 0.4296, 0.1209, 0.7261, 0.1360, 0.6551, -0.2382, 0.0000, 0.0000, 0.0000, 0.0000
1, 8.5300, 853, 0.3149, -0.6171, -0.7394, -3.3217, -2.6922, 0.1594, 0.0000, 0.0000, 0.0000, 0.0000, 0.0000, 0.0000, -0.3945, 0.2850, -0.2421, -0.8394, -0.0273, -0.0143, 0.0193, 0.0000, 0.0000, 0.0000, 0.0000
3, 8.5400, 854, -0.1454, -1.0662, -0.0425, -34.3027, -8.0587, 34.9129, 0.0000, 0.0000, 0.0000, 0.0000, 0.0000, 0.0000, 0.5074, -0.5857, -0.3881, -0.4990, -0.0428, 0.0841, 0.0320, 0.0000, 0.0000, 0.0000, 0.0000
2, 8.5200, 852, -2.7142, -5.8848, -0.8573, -17.1206, 98.0246, 3.3487, 0.0000, 0.0000, 0.0000, 0.0000, 0.0000, 0.0000, -0.5225, 0.4226, 0.1242, 0.7301, 2.2205, 5.2595, 0.2529, 0.0000, 0.0000, 0.0000, 0.0000
3, 8.5500, 855, -0.1555, -1.0457, -0.0767, -46.2134, -7.4456, 40.1138, 0.0000, 0.0000, 0.0000, 0.0000, 0.0000, 0.0000, 0.5082, -0.5853, -0.3837, -0.5019, -0.0394, 0.0650, 0.0593, 0.0000, 0.0000, 0.0000, 0.0000
3, 8.5600, 856, -0.1235, -1.0194, -0.0349, -60.5646, -4.7326, 44.2834, 0.0000, 0.0000, 0.0000, 0.0000, 0.0000, 0.0000, 0.5095, -0.5843, -0.3786, -0.5056, -0.0787, 0.0404, 0.0083, 0.0000, 0.0000, 0.0000, 0.0000
3, 8.5700, 857, -0.1163, -1.0200, 0.0720, -74.7465, -3.1339, 47.4841, 0.0000, 0.0000, 0.0000, 0.0000, 0.0000, 0.0000, 0.5113, -0.5827, -0.3728, -0.5099, -0.0938, 0.0431, -0.1103, 0.0000, 0.0000, 0.0000, 0.0000
1, 8.5400, 854, 0.2958, -0.6196, -0.7440, -2.8787, -1.4535, -0.9137, 0.0000, 0.0000, 0.0000, 0.0000, 0.0000, 0.0000, -0.3940, 0.2845, -0.2419, -0.8398, -0.0085, -0.0113, 0.0234, 0.0000, 0.0000, 0.0000, 0.0000
3, 8.5800, 858, -0.1143, -1.0622, 0.2034, -88.2910, -5.5481, 47.2420, 0.0000, 0.0000, 0.0000, 0.0000, 0.0000, 0.0000, 0.5139, -0.5805, -0.3662, -0.5146, -0.1039, 0.0877, -0.2555, 0.0000, 0.0000, 0.0000, 0.0000
3, 8.5900, 859, -0.1881, -1.1142, 0.2572, -97.7629, -18.8499, 41.6957, 0.0000, 0.0000, 0.0000, 0.0000, 0.0000, 0.0000, 0.5176, -0.5783, -0.3588, -0.5186, -0.0377, 0.1424, -0.3250, 0.0000, 0.0000, 0.0000, 0.0000
1, 8.5500, 855, 0.2943, -0.6138, -0.7495, -2.4524, 0.2366, -2.3557, 0.0000, 0.0000, 0.0000, 0.0000, 0.0000, 0.0000, -0.3939, 0.2845, -0.2417, -0.8399, -0.0069, -0.0164, 0.0283, 0.0000, 0.0000, 0.0000, 0.0000
1, 8.5600, 856, 0.2997, -0.6140, -0.7521, -1.7954, 1.7587, -3.8326, 0.0000, 0.0000, 0.0000, 0.0000, 0.0000, 0.0000, -0.3937, 0.2847, -0.2414, -0.8401, -0.0118, -0.0158, 0.0307, 0.0000, 0.0000, 0.0000, 0.0000
1, 8.5700, 857, 0.3141, -0.6240, -0.7622, -0.6505, 2.6040, -4.5219, 0.0000, 0.0000, 0.0000, 0.0000, 0.0000, 0.0000, -0.3934, 0.2849, -0.2411, -0.8402, -0.0254, -0.0055, 0.0408, 0.0000, 0.0000, 0.0000, 0.0000
1, 8.5800, 858, 0.3935, -0.6179, -0.7602, 2.2518, 1.8029, -4.0040, 0.0000, 0.0000, 0.0000, 0.0000, 0.0000, 0.0000, -0.3931, 0.2852, -0.2411, -0.8402, -0.1040, -0.0115, 0.0390, 0.0000, 0.0000, 0.0000, 0.0000
2, 8.5300, 853, 0.6099, 0.4648, -1.3834, -179.1876, 164.7185, 143.2635, 0.0000, 0.0000, 0.0000, 0.0000, 0.0000, 0.0000, -0.5180, 0.4054, 0.1149, 0.7444, -1.0955, -1.0684, 0.7512, 0.0000, 0.0000, 0.0000, 0.0000
2, 8.5400, 854, 0.0710, -0.4291, -1.7222, -156.2824, 151.5086, 18.6272, 0.0000, 0.0000, 0.0000, 0.0000, 0.0000, 0.0000, -0.5207, 0.3886, 0.1109, 0.7520, -0.5464, -0.1490, 1.0591, 0.0000, 0.0000, 0.0000, 0.0000
3, 8.6000, 860, -0.4142, -1.1136, 0.1104, -81.3013, -39.5375, 27.3451, 0.0000, 0.0000, 0.0000, 0.0000, 0.0000, 0.0000, 0.5216, -0.5772, -0.3520, -0.5204, 0.1823, 0.1444, -0.1922, 0.0000, 0.0000, 0.0000, 0.0000
1, 8.5900, 859, 0.4243, -0.6125, -0.7532, 6.0277, -0.0095, -1.0566, 0.0000, 0.0000, 0.0000, 0.0000, 0.0000, 0.0000, -0.3919, 0.2857, -0.2409, -0.8407, -0.1341, -0.0171, 0.0325, 0.0000, 0.0000, 0.0000, 0.0000
2, 8.5500, 855, -1.2855, -0.2785, -1.2374, -119.1271, 103.4659, 30.3994, 0.0000, 0.0000, 0.0000, 0.0000, 0.0000, 0.0000, -0.5217, 0.3766, 0.1068, 0.7580, 0.8226, -0.2815, 0.5503, 0.0000, 0.0000, 0.0000, 0.0000
2, 8.5600, 856, -1.1283, -0.3669, -1.4071, -76.5153, 53.5949, 17.3985, 0.0000, 0.0000, 0.0000, 0.0000, 0.0000, 0.0000, -0.5226, 0.3697, 0.1036, 0.7612, 0.6723, -0.1804, 0.7053, 0.0000, 0.0000, 0.0000, 0.0000
2, 8.5700, 857, 0.0182, -0.6733, -1.4956, -24.2316, 4.9112, 2.9442, 0.0000, 0.0000, 0.0000, 0.0000, 0.0000, 0.0000, -0.5231, 0.3683, 0.1021, 0.7617, -0.4724, 0.1317, 0.7882, 0.0000, 0.0000, 0.0000, 0.0000
2, 8.5800, 858, -0.5394, -0.4679, -0.9920, 17.9040, -20.2296, 7.8215, 0.0000, 0.0000, 0.0000, 0.0000, 0.0000, 0.0000, -0.5222, 0.3706, 0.1021, 0.7613, 0.0833, -0.0739, 0.2860, 0.0000, 0.0000, 0.0000, 0.0000
3, 8.6100, 861, -0.4892, -1.2036, -0.0754, -36.5665, -47.1365, 0.7871, 0.0000, 0.0000, 0.0000, 0.0000, 0.0000, 0.0000, 0.5249, -0.5777, -0.3481, -0.5192, 0.2547, 0.2355, -0.0137, 0.0000, 0.0000, 0.0000, 0.0000
1, 8.6000, 860, 0.3895, -0.5999, -0.7419, 9.0378, -1.1853, 2.1871, 0.0000, 0.0000, 0.0000, 0.0000, 0.0000, 0.0000, -0.3919, 0.2859, -0.2417, -0.8404, -0.0981, -0.0298, 0.0218, 0.0000, 0.0000, 0.0000, 0.0000
1, 8.6100, 861, 0.3287, -0.5955, -0.7491, 10.8129, -1.5922, 3.8769, 0.0000, 0.0000, 0.0000, 0.0000, 0.0000, 0.0000, -0.3918, 0.2861, -0.2426, -0.8401, -0.0379, -0.0357, 0.0300, 0.0000, 0.0000, 0.0000, 0.0000
2, 8.5900, 859, -0.4403, -0.5692, -0.7707, 25.1321, -36.7307, 3.4681, 0.0000, 0.0000, 0.0000, 0.0000, 0.0000, 0.0000, -0.5215, 0.3742, 0.1020, 0.7600, -0.0202, 0.0249, 0.0695, 0.0000, 0.0000, 0.0000, 0.0000
2, 8.6000, 860, -0.4815, -0.5756, -0.6045, 26.5221, -36.6694, 6.6923, 0.0000, 0.0000, 0.0000, 0.0000, 0.0000, 0.0000, -0.5206, 0.3779, 0.1019, 0.7588, 0.0160, 0.0285, -0.0911, 0.0000, 0.0000, 0.0000, 0.0000
1, 8.6200, 862, 0.3290, -0.5979, -0.7350, 12.0445, -1.8733, 4.0312, 0.0000, 0.0000, 0.0000, 0.0000, 0.0000, 0.0000, -0.3918, 0.2863, -0.2436, -0.8398, -0.0389, -0.0349, 0.0171, 0.0000, 0.0000, 0.0000, 0.0000
3, 8.6200, 862, -0.4470, -1.1743, -0.1142, -1.8093, -41.6598, -24.0791, 0.0000, 0.0000, 0.0000, 0.0000, 0.0000, 0.0000, 0.5272, -0.5789, -0.3472, -0.5161, 0.2143, 0.2059, 0.0248, 0.0000, 0.0000, 0.0000, 0.0000
3, 8.6300, 863, -0.4082, -1.0040, -0.0779, 8.2595, -23.2234, -33.9154, 0.0000, 0.0000, 0.0000, 0.0000, 0.0000, 0.0000, 0.5291, -0.5793, -0.3483, -0.5131, 0.1802, 0.0342, -0.0092, 0.0000, 0.0000, 0.0000, 0.0000
1, 8.6300, 863, 0.3223, -0.5943, -0.7221, 11.9695, -1.7422, 4.2928, 0.0000, 0.0000, 0.0000, 0.0000, 0.0000, 0.0000, -0.3918, 0.2865, -0.2447, -0.8394, -0.0328, -0.0403, 0.0055, 0.0000, 0.0000, 0.0000, 0.0000
2, 8.6100, 861, -0.5984, -0.5952, -0.4381, 17.6311, -28.0806, 8.4648, 0.0000, 0.0000, 0.0000, 0.0000, 0.0000, 0.0000, -0.5197, 0.3806, 0.1015, 0.7581, 0.1282, 0.0461, -0.2529, 0.0000, 0.0000, 0.0000, 0.0000
1, 8.6400, 864, 0.3060, -0.5937, -0.7221, 11.2671, -1.5053, 4.0495, 0.0000, 0.0000, 0.0000, 0.0000, 0.0000, 0.0000, -0.3915, 0.2865, -0.2456, -0.8392, -0.0171, -0.0425, 0.0067, 0.0000, 0.0000, 0.0000, 0.0000
2, 8.6200, 862, -0.6300, -0.6138, -0.4166, 6.7966, -13.7960, 5.2214, 0.0000, 0.0000, 0.0000, 0.0000, 0.0000, 0.0000, -0.5192, 0.3819, 0.1012, 0.7579, 0.1568, 0.0640, -0.2718, 0.0000, 0.0000, 0.0000, 0.0000
2, 8.6300, 863, -0.5714, -0.5966, -0.5080, -1.1948, -0.9528, 0.9776, 0.0000, 0.0000, 0.0000, 0.0000, 0.0000, 0.0000, -0.5192, 0.3819, 0.1010, 0.7579, 0.0973, 0.0468, -0.1798, 0.0000, 0.0000, 0.0000, 0.0000
3, 8.6400, 864, -0.3289, -0.8444, -0.0806, 5.5581, -3.8312, -31.2598, 0.0000, 0.0000, 0.0000, 0.0000, 0.0000, 0.0000, 0.5303, -0.5787, -0.3499, -0.5113, 0.1063, -0.1268, -0.0050, 0.0000, 0.0000, 0.0000, 0.0000
1, 8.6500, 865, 0.3140, -0.5937, -0.7084, 10.1278, -1.3730, 3.6686, 0.0000, 0.0000, 0.0000, 0.0000, 0.0000, 0.0000, -0.3914, 0.2867, -0.2465, -0.8389, -0.0257, -0.0438, -0.0060, 0.0000, 0.0000, 0.0000, 0.0000
1, 8.6600, 866, 0.3442, -0.6004, -0.6862, 8.7205, -1.5435, 3.7966, 0.0000, 0.0000, 0.0000, 0.0000, 0.0000, 0.0000, -0.3915, 0.2868, -0.2473, -0.8387, -0.0565, -0.0384, -0.0273, 0.0000, 0.0000, 0.0000, 0.0000
2, 8.6400, 864, -0.4848, -0.5879, -0.6054, -5.1949, 6.3069, -0.4979, 0.0000, 0.0000, 0.0000, 0.0000, 0.0000, 0.0000, -0.5195, 0.3814, 0.1011, 0.7579, 0.0113, 0.0385, -0.0830, 0.0000, 0.0000, 0.0000, 0.0000
3, 8.6500, 865, -0.2373, -0.7537, -0.0606, 0.4595, 4.7704, -22.1413, 0.0000, 0.0000, 0.0000, 0.0000, 0.0000, 0.0000, 0.5311, -0.5779, -0.3513, -0.5105, 0.0191, -0.2185, -0.0247, 0.0000, 0.0000, 0.0000, 0.0000
2, 8.6500, 865, -0.4290, -0.5734, -0.6970, -5.3545, 7.1317, 0.7361, 0.0000, 0.0000, 0.0000, 0.0000, 0.0000, 0.0000, -0.5196, 0.3807, 0.1010, 0.7582, -0.0436, 0.0243, 0.0076, 0.0000, 0.0000, 0.0000, 0.0000
3, 8.6600, 866, -0.2276, -0.7346, -0.0437, -4.7020, 7.7980, -9.7714, 0.0000, 0.0000, 0.0000, 0.0000, 0.0000, 0.0000, 0.5315, -0.5770, -0.3519, -0.5106, 0.0120, -0.2381, -0.0422, 0.0000, 0.0000, 0.0000, 0.0000
1, 8.6700, 867, 0.3408, -0.6163, -0.6838, 7.1692, -1.7550, 4.2047, 0.0000, 0.0000, 0.0000, 0.0000, 0.0000, 0.0000, -0.3916, 0.2868, -0.2480, -0.8384, -0.0538, -0.0237, -0.0289, 0.0000, 0.0000, 0.0000, 0.0000
1, 8.6800, 868, 0.3164, -0.6220, -0.6841, 5.4360, -2.3328, 3.9866, 0.0000, 0.0000, 0.0000, 0.0000, 0.0000, 0.0000, -0.3917, 0.2868, -0.2485, -0.8382, -0.0301, -0.0190, -0.0280, 0.0000, 0.0000, 0.0000, 0.0000
1, 8.6900, 869, 0.2935, -0.6192, -0.6834, 3.0392, -2.5123, 3.1401, 0.0000, 0.0000, 0.0000, 0.0000, 0.0000, 0.0000, -0.3918, 0.2867, -0.2489, -0.8381, -0.0078, -0.0224, -0.0285, 0.0000, 0.0000, 0.0000, 0.0000
1, 8.7000, 870, 0.2943, -0.6189, -0.6835, 0.7540, -2.9246, 1.9976, 0.0000, 0.0000, 0.0000, 0.0000, 0.0000, 0.0000, -0.3918, 0.2865, -0.2491, -0.8381, -0.0091, -0.0231, -0.0282, 0.0000, 0.0000, 0.0000, 0.0000
1, 8.7100, 871, 0.3037, -0.6196, -0.6920, -1.2363, -3.2703, 1.1156, 0.0000, 0.0000, 0.0000, 0.0000, 0.0000, 0.0000, -0.3919, 0.2862, -0.2491, -0.8381, -0.0190, -0.0223, -0.0199, 0.0000, 0.0000, 0.0000, 0.0000
3, 8.6700, 867, -0.2259, -0.7680, -0.0417, -8.4769, 11.0133, 1.9456, 0.0000, 0.0000, 0.0000, 0.0000, 0.0000, 0.0000, 0.5314, -0.5763, -0.3519, -0.5115, 0.0108, -0.2046, -0.0458, 0.0000, 0.0000, 0.0000, 0.0000
3, 8.6800, 868, -0.2470, -0.7894, -0.0496, -11.8758, 10.8424, 11.2788, 0.0000, 0.0000, 0.0000, 0.0000, 0.0000, 0.0000, 0.5312, -0.5756, -0.3513, -0.5129, 0.0304, -0.1827, -0.0401, 0.0000, 0.0000, 0.0000, 0.0000
3, 8.6900, 869, -0.2624, -0.8144, -0.0866, -11.0533, 6.7283, 16.8335, 0.0000, 0.0000, 0.0000, 0.0000, 0.0000, 0.0000, 0.5308, -0.5753, -0.3503, -0.5144, 0.0434, -0.1570, -0.0053, 0.0000, 0.0000, 0.0000, 0.0000
3, 8.7000, 870, -0.2738, -0.8585, -0.1195, -5.4815, 2.1290, 17.5252, 0.0000, 0.0000, 0.0000, 0.0000, 0.0000, 0.0000, 0.5302, -0.5755, -0.3492, -0.5155, 0.0519, -0.1121, 0.0261, 0.0000, 0.0000, 0.0000, 0.0000
3, 8.7100, 871, -0.2661, -0.9025, -0.1314, 1.7490, 1.0522, 14.8713, 0.0000, 0.0000, 0.0000, 0.0000, 0.0000, 0.0000, 0.5294, -0.5760, -0.3486, -0.5162, 0.0415, -0.0675, 0.0377, 0.0000, 0.0000, 0.0000, 0.0000
1, 8.7200, 872, 0.3123, -0.6207, -0.7067, -2.5822, -3.3414, 0.5269, 0.0000, 0.0000, 0.0000, 0.0000, 0.0000, 0.0000, -0.3919, 0.2858, -0.2491, -0.8383, -0.0281, -0.0210, -0.0057, 0.0000, 0.0000, 0.0000, 0.0000
3, 8.7200, 872, -0.2498, -0.9328, -0.1258, 7.7127, 1.8314, 10.4819, 0.0000, 0.0000, 0.0000, 0.0000, 0.0000, 0.0000, 0.5285, -0.5765, -0.3484, -0.5167, 0.0230, -0.0367, 0.0330, 0.0000, 0.0000, 0.0000, 0.0000
3, 8.7300, 873, -0.2528, -0.9557, -0.0936, 11.9785, 3.5601, 5.6519, 0.0000, 0.0000, 0.0000, 0.0000, 0.0000, 0.0000, 0.5275, -0.5771, -0.3488, -0.5168, 0.0247, -0.0136, 0.0023, 0.0000, 0.0000, 0.0000, 0.0000
2, 8.6600, 866, -0.4459, -0.5575, -0.7271, -2.8414, 3.1701, 2.8436, 0.0000, 0.0000, 0.0000, 0.0000, 0.0000, 0.0000, -0.5195, 0.3804, 0.1009, 0.7585, -0.0263, 0.0090, 0.0370, 0.0000, 0.0000, 0.0000, 0.0000
1, 8.7300, 873, 0.3173, -0.6132, -0.7179, -3.2644, -3.3951, 0.2850, 0.0000, 0.0000, 0.0000, 0.0000, 0.0000, 0.0000, -0.3919, 0.2855, -0.2489, -0.8384, -0.0336, -0.0281, 0.0051, 0.0000, 0.0000, 0.0000, 0.0000
2, 8.6700, 867, -0.4576, -0.5596, -0.7115, -0.7575, -1.7968, 4.0100, 0.0000, 0.0000, 0.0000, 0.0000, 0.0000, 0.0000, -0.5193, 0.3805, 0.1006, 0.7586, -0.0149, 0.0116, 0.0212, 0.0000, 0.0000, 0.0000, 0.0000
2, 8.6800, 868, -0.4716, -0.5646, -0.6902, 0.7156, -4.7369, 4.9829, 0.0000, 0.0000, 0.0000, 0.0000, 0.0000, 0.0000, -0.5189, 0.3809, 0.1003, 0.7587, -0.0018, 0.0170, 0.0003, 0.0000, 0.0000, 0.0000, 0.0000
2, 8.6900, 869, -0.4931, -0.5675, -0.6736, 1.8818, -5.6648, 5.7557, 0.0000, 0.0000, 0.0000, 0.0000, 0.0000, 0.0000, -0.5185, 0.3816, 0.1000, 0.7586, 0.0184, 0.0201, -0.0156, 0.0000, 0.0000, 0.0000, 0.0000
2, 8.7000, 870, -0.4929, -0.5650, -0.6591, 2.4399, -5.9629, 5.5308, 0.0000, 0.0000, 0.0000, 0.0000, 0.0000, 0.0000, -0.5181, 0.3821, 0.0997, 0.7587, 0.0169, 0.0177, -0.0292, 0.0000, 0.0000, 0.0000, 0.0000
2, 8.7100, 871, -0.4933, -0.5619, -0.6571, 2.5837, -6.0294, 5.5009, 0.0000, 0.0000, 0.0000, 0.0000, 0.0000, 0.0000, -0.5177, 0.3827, 0.0994, 0.7587, 0.0160, 0.0148, -0.0305, 0.0000, 0.0000, 0.0000, 0.0000
3, 8.7400, 874, -0.2834, -0.9823, -0.0513, 11.2273, 6.1295, 1.7328, 0.0000, 0.0000, 0.0000, 0.0000, 0.0000, 0.0000, 0.5267, -0.5774, -0.3495, -0.5168, 0.0548, 0.0129, -0.0382, 0.0000, 0.0000, 0.0000, 0.0000
3, 8.7500, 875, -0.3014, -1.0095, -0.0262, 8.1352, 7.4961, -0.6092, 0.0000, 0.0000, 0.0000, 0.0000, 0.0000, 0.0000, 0.5261, -0.5774, -0.3502, -0.5169, 0.0729, 0.0400, -0.0620, 0.0000, 0.0000, 0.0000, 0.0000
1, 8.7400, 874, 0.3203, -0.6103, -0.7259, -3.1782, -2.9117, 0.0902, 0.0000, 0.0000, 0.0000, 0.0000, 0.0000, 0.0000, -0.3913, 0.2851, -0.2485, -0.8390, -0.0368, -0.0305, 0.0125, 0.0000, 0.0000, 0.0000, 0.0000
2, 8.7200, 872, -0.4944, -0.5662, -0.6556, 2.7256, -5.8012, 5.2271, 0.0000, 0.0000, 0.0000, 0.0000, 0.0000, 0.0000, -0.5173, 0.3833, 0.0991, 0.7587, 0.0159, 0.0192, -0.0313, 0.0000, 0.0000, 0.0000, 0.0000
3, 8.7600, 876, -0.3057, -1.0043, -0.0354, 1.3090, 6.8273, -1.5728, 0.0000, 0.0000, 0.0000, 0.0000, 0.0000, 0.0000, 0.5259, -0.5771, -0.3507, -0.5171, 0.0775, 0.0346, -0.0525, 0.0000, 0.0000, 0.0000, 0.0000
3, 8.7700, 877, -0.3098, -0.9657, -0.0687, -4.3146, 5.7982, -0.7593, 0.0000, 0.0000, 0.0000, 0.0000, 0.0000, 0.0000, 0.5255, -0.5769, -0.3504, -0.5179, 0.0815, -0.0039, -0.0197, 0.0000, 0.0000, 0.0000, 0.0000
1, 8.7500, 875, 0.3191, -0.6053, -0.7361, -2.4617, -2.4782, 0.1553, 0.0000, 0.0000, 0.0000, 0.0000, 0.0000, 0.0000, -0.3913, 0.2849, -0.2484, -0.8391, -0.0354, -0.0346, 0.0220, 0.0000, 0.0000, 0.0000, 0.0000
2, 8.7300, 873, -0.5044, -0.5597, -0.6550, 2.5977, -5.2282, 4.6651, 0.0000, 0.0000, 0.0000, 0.0000, 0.0000, 0.0000, -0.5170, 0.3838, 0.0989, 0.7587, 0.0248, 0.0127, -0.0311, 0.0000, 0.0000, 0.0000, 0.0000
3, 8.7800, 878, -0.2953, -0.9274, -0.0808, -7.4112, 3.3238, 1.3788, 0.0000, 0.0000, 0.0000, 0.0000, 0.0000, 0.0000, 0.5257, -0.5765, -0.3501, -0.5183, 0.0659, -0.0418, -0.0089, 0.0000, 0.0000, 0.0000, 0.0000
2, 8.7400, 874, -0.5177, -0.5584, -0.6478, 2.4515, -4.5325, 3.9281, 0.0000, 0.0000, 0.0000, 0.0000, 0.0000, 0.0000, -0.5165, 0.3846, 0.0987, 0.7587, 0.0369, 0.0115, -0.0375, 0.0000, 0.0000, 0.0000, 0.0000
1, 8.7600, 876, 0.3396, -0.5971, -0.7359, -1.2052, -1.9078, 0.5148, 0.0000, 0.0000, 0.0000, 0.0000, 0.0000, 0.0000, -0.3913, 0.2847, -0.2484, -0.8391, -0.0561, -0.0426, 0.0215, 0.0000, 0.0000, 0.0000, 0.0000
3, 8.7900, 879, -0.2776, -0.9179, -0.0800, -5.3822, -1.1534, 4.2218, 0.0000, 0.0000, 0.0000, 0.0000, 0.0000, 0.0000, 0.5259, -0.5764, -0.3496, -0.5186, 0.0477, -0.0510, -0.0108, 0.0000, 0.0000, 0.0000, 0.0000
1, 8.7700, 877, 0.3427, -0.6012, -0.7395, 0.2565, -1.2225, 1.2397, 0.0000, 0.0000, 0.0000, 0.0000, 0.0000, 0.0000, -0.3914, 0.2846, -0.2485, -0.8391, -0.0596, -0.0385, 0.0250, 0.0000, 0.0000, 0.0000, 0.0000
2, 8.7500, 875, -0.5201, -0.5625, -0.6434, 1.9839, -3.8042, 3.1624, 0.0000, 0.0000, 0.0000, 0.0000, 0.0000, 0.0000, -0.5163, 0.3849, 0.0986, 0.7587, 0.0380, 0.0155, -0.0410, 0.0000, 0.0000, 0.0000, 0.0000
2, 8.7600, 876, -0.4978, -0.5618, -0.6547, 1.4078, -2.9397, 2.3581, 0.0000, 0.0000, 0.0000, 0.0000, 0.0000, 0.0000, -0.5161, 0.3852, 0.0984, 0.7587, 0.0152, 0.0148, -0.0293, 0.0000, 0.0000, 0.0000, 0.0000
2, 8.7700, 877, -0.4942, -0.5646, -0.6607, 1.2258, -2.4928, 2.1080, 0.0000, 0.0000, 0.0000, 0.0000, 0.0000, 0.0000, -0.5160, 0.3855, 0.0983, 0.7587, 0.0110, 0.0176, -0.0229, 0.0000, 0.0000, 0.0000, 0.0000
3, 8.8000, 880, -0.2515, -0.9363, -0.0893, 0.1896, -6.4645, 5.7742, 0.0000, 0.0000, 0.0000, 0.0000, 0.0000, 0.0000, 0.5258, -0.5769, -0.3490, -0.5186, 0.0206, -0.0324, -0.0016, 0.0000, 0.0000, 0.0000, 0.0000
1, 8.7800, 878, 0.3300, -0.6093, -0.7325, 1.4565, -0.5888, 1.8436, 0.0000, 0.0000, 0.0000, 0.0000, 0.0000, 0.0000, -0.3915, 0.2845, -0.2487, -0.8390, -0.0472, -0.0306, 0.0181, 0.0000, 0.0000, 0.0000, 0.0000
3, 8.8100, 881, -0.2174, -0.9712, -0.1000, 5.1834, -10.0990, 5.4587, 0.0000, 0.0000, 0.0000, 0.0000, 0.0000, 0.0000, 0.5256, -0.5778, -0.3485, -0.5182, -0.0146, 0.0027, 0.0100, 0.0000, 0.0000, 0.0000, 0.0000
2, 8.7800, 878, -0.4849, -0.5689, -0.6667, 0.6732, -2.5644, 2.0883, 0.0000, 0.0000, 0.0000, 0.0000, 0.0000, 0.0000, -0.5158, 0.3857, 0.0982, 0.7587, 0.0012, 0.0220, -0.0166, 0.0000, 0.0000, 0.0000, 0.0000
1, 8.7900, 879, 0.3337, -0.6107, -0.7271, 2.3292, -0.3296, 2.1710, 0.0000, 0.0000, 0.0000, 0.0000, 0.0000, 0.0000, -0.3909, 0.2847, -0.2485, -0.8393, -0.0509, -0.0294, 0.0128, 0.0000, 0.0000, 0.0000, 0.0000
2, 8.7900, 879, -0.4865, -0.5688, -0.6643, 0.5536, -3.1131, 2.2230, 0.0000, 0.0000, 0.0000, 0.0000, 0.0000, 0.0000, -0.5158, 0.3862, 0.0981, 0.7584, 0.0023, 0.0218, -0.0186, 0.0000, 0.0000, 0.0000, 0.0000
3, 8.8200, 882, -0.1957, -1.0030, -0.1022, 7.8017, -10.5654, 3.6858, 0.0000, 0.0000, 0.0000, 0.0000, 0.0000, 0.0000, 0.5255, -0.5786, -0.3483, -0.5175, -0.0371, 0.0345, 0.0138, 0.0000, 0.0000, 0.0000, 0.0000
1, 8.8000, 880, 0.3264, -0.6168, -0.7236, 2.9232, -0.3119, 2.4658, 0.0000, 0.0000, 0.0000, 0.0000, 0.0000, 0.0000, -0.3910, 0.2847, -0.2488, -0.8392, -0.0430, -0.0231, 0.0093, 0.0000, 0.0000, 0.0000, 0.0000
2, 8.8000, 880, -0.4952, -0.5635, -0.6587, 0.6620, -3.3205, 2.4010, 0.0000, 0.0000, 0.0000, 0.0000, 0.0000, 0.0000, -0.5157, 0.3865, 0.0980, 0.7584, 0.0103, 0.0163, -0.0236, 0.0000, 0.0000, 0.0000, 0.0000
3, 8.8300, 883, -0.1905, -1.0120, -0.0941, 7.0823, -8.9370, 0.7690, 0.0000, 0.0000, 0.0000, 0.0000, 0.0000, 0.0000, 0.5254, -0.5793, -0.3482, -0.5168, -0.0424, 0.0434, 0.0073, 0.0000, 0.0000, 0.0000, 0.0000
1, 8.8100, 881, 0.3233, -0.6219, -0.7146, 3.0498, -0.6001, 2.3969, 0.0000, 0.0000, 0.0000, 0.0000, 0.0000, 0.0000, -0.3910, 0.2847, -0.2491, -0.8390, -0.0403, -0.0185, 0.0007, 0.0000, 0.0000, 0.0000, 0.0000
2, 8.8100, 881, -0.5125, -0.5499, -0.6441, 0.7153, -3.0907, 2.0194, 0.0000, 0.0000, 0.0000, 0.0000, 0.0000, 0.0000, -0.5156, 0.3867, 0.0978, 0.7584, 0.0270, 0.0028, -0.0378, 0.0000, 0.0000, 0.0000, 0.0000
3, 8.8400, 884, -0.2061, -0.9991, -0.0676, 3.7367, -7.9903, -1.2929, 0.0000, 0.0000, 0.0000, 0.0000, 0.0000, 0.0000, 0.5255, -0.5798, -0.3481, -0.5163, -0.0269, 0.0303, -0.0180, 0.0000, 0.0000, 0.0000, 0.0000
2, 8.8200, 882, -0.5137, -0.5499, -0.6379, 0.8913, -2.4074, 1.1717, 0.0000, 0.0000, 0.0000, 0.0000, 0.0000, 0.0000, -0.5155, 0.3869, 0.0977, 0.7583, 0.0278, 0.0029, -0.0437, 0.0000, 0.0000, 0.0000, 0.0000
3, 8.8500, 885, -0.2303, -0.9658, -0.0416, 0.6963, -7.7527, -2.8233, 0.0000, 0.0000, 0.0000, 0.0000, 0.0000, 0.0000, 0.5258, -0.5801, -0.3479, -0.5157, -0.0024, -0.0030, -0.0434, 0.0000, 0.0000, 0.0000, 0.0000
2, 8.8300, 883, -0.5134, -0.5569, -0.6393, 0.8675, -1.4898, 0.4567, 0.0000, 0.0000, 0.0000, 0.0000, 0.0000, 0.0000, -0.5154, 0.3871, 0.0977, 0.7583, 0.0271, 0.0098, -0.0420, 0.0000, 0.0000, 0.0000, 0.0000
1, 8.8200, 882, 0.3168, -0.6212, -0.7136, 2.4573, -0.8927, 2.1735, 0.0000, 0.0000, 0.0000, 0.0000, 0.0000, 0.0000, -0.3911, 0.2847, -0.2494, -0.8389, -0.0341, -0.0197, -0.0001, 0.0000, 0.0000, 0.0000, 0.0000
2, 8.8400, 884, -0.5101, -0.5662, -0.6386, 0.7521, -0.4220, -0.1391, 0.0000, 0.0000, 0.0000, 0.0000, 0.0000, 0.0000, -0.5154, 0.3897, 0.0980, 0.7569, 0.0231, 0.0183, -0.0416, 0.0000, 0.0000, 0.0000, 0.0000
3, 8.8600, 886, -0.2663, -0.9439, -0.0271, -0.9240, -7.7499, -2.9074, 0.0000, 0.0000, 0.0000, 0.0000, 0.0000, 0.0000, 0.5262, -0.5804, -0.3476, -0.5152, 0.0340, -0.0250, -0.0576, 0.0000, 0.0000, 0.0000, 0.0000
3, 8.8700, 887, -0.3040, -0.9285, -0.0290, -2.0246, -8.2478, -2.5818, 0.0000, 0.0000, 0.0000, 0.0000, 0.0000, 0.0000, 0.5262, -0.5811, -0.3470, -0.5149, 0.0718, -0.0405, -0.0555, 0.0000, 0.0000, 0.0000, 0.0000
2, 8.8500, 885, -0.5003, -0.5691, -0.6412, 0.2266, 0.3793, -0.3486, 0.0000, 0.0000, 0.0000, 0.0000, 0.0000, 0.0000, -0.5154, 0.3897, 0.0981, 0.7569, 0.0115, 0.0190, -0.0359, 0.0000, 0.0000, 0.0000, 0.0000
1, 8.8300, 883, 0.3156, -0.6218, -0.7105, 1.6886, -1.0143, 1.8624, 0.0000, 0.0000, 0.0000, 0.0000, 0.0000, 0.0000, -0.3912, 0.2846, -0.2496, -0.8389, -0.0332, -0.0194, -0.0029, 0.0000, 0.0000, 0.0000, 0.0000
1, 8.8400, 884, 0.3125, -0.6221, -0.7092, 0.9572, -1.3406, 1.5348, 0.0000, 0.0000, 0.0000, 0.0000, 0.0000, 0.0000, -0.3907, 0.2847, -0.2493, -0.8391, -0.0302, -0.0192, -0.0042, 0.0000, 0.0000, 0.0000, 0.0000
2, 8.8600, 886, -0.5024, -0.5676, -0.6441, -0.0869, 1.3335, -0.4631, 0.0000, 0.0000, 0.0000, 0.0000, 0.0000, 0.0000, -0.5154, 0.3896, 0.0981, 0.7570, 0.0137, 0.0175, -0.0331, 0.0000, 0.0000, 0.0000, 0.0000
1, 8.8500, 885, 0.3076, -0.6148, -0.7105, 0.3836, -1.8043, 1.3296, 0.0000, 0.0000, 0.0000, 0.0000, 0.0000, 0.0000, -0.3907, 0.2845, -0.2494, -0.8391, -0.0248, -0.0261, -0.0031, 0.0000, 0.0000, 0.0000, 0.0000
3, 8.8800, 888, -0.3311, -0.9132, -0.0359, -2.9849, -9.2498, -2.3563, 0.0000, 0.0000, 0.0000, 0.0000, 0.0000, 0.0000, 0.5267, -0.5813, -0.3465, -0.5144, 0.0981, -0.0556, -0.0481, 0.0000, 0.0000, 0.0000, 0.0000
3, 8.8900, 889, -0.3577, -0.9171, -0.0403, -3.0117, -9.4156, -1.8489, 0.0000, 0.0000, 0.0000, 0.0000, 0.0000, 0.0000, 0.5273, -0.5815, -0.3461, -0.5139, 0.1249, -0.0518, -0.0438, 0.0000, 0.0000, 0.0000, 0.0000
1, 8.8600, 886, 0.3132, -0.6124, -0.7124, -0.2630, -1.8050, 1.0175, 0.0000, 0.0000, 0.0000, 0.0000, 0.0000, 0.0000, -0.3908, 0.2844, -0.2495, -0.8392, -0.0308, -0.0286, -0.0013, 0.0000, 0.0000, 0.0000, 0.0000
2, 8.8700, 887, -0.4928, -0.5693, -0.6533, -0.4127, 1.6518, -0.3172, 0.0000, 0.0000, 0.0000, 0.0000, 0.0000, 0.0000, -0.5154, 0.3894, 0.0982, 0.7570, 0.0043, 0.0192, -0.0240, 0.0000, 0.0000, 0.0000, 0.0000
2, 8.8800, 888, -0.4948, -0.5676, -0.6576, -0.4129, 1.5093, -0.0209, 0.0000, 0.0000, 0.0000, 0.0000, 0.0000, 0.0000, -0.5154, 0.3893, 0.0982, 0.7570, 0.0065, 0.0175, -0.0199, 0.0000, 0.0000, 0.0000, 0.0000
3, 8.9000, 890, -0.3743, -0.9305, -0.0518, -2.5079, -8.2359, -1.0666, 0.0000, 0.0000, 0.0000, 0.0000, 0.0000, 0.0000, 0.5277, -0.5817, -0.3456, -0.5135, 0.1416, -0.0384, -0.0325, 0.0000, 0.0000, 0.0000, 0.0000
1, 8.8700, 887, 0.3233, -0.6098, -0.7140, -0.7202, -1.8962, 1.0719, 0.0000, 0.0000, 0.0000, 0.0000, 0.0000, 0.0000, -0.3908, 0.2842, -0.2495, -0.8392, -0.0412, -0.0312, 0.0002, 0.0000, 0.0000, 0.0000, 0.0000
1, 8.8800, 888, 0.3280, -0.6105, -0.7241, -0.5308, -1.9692, 1.4209, 0.0000, 0.0000, 0.0000, 0.0000, 0.0000, 0.0000, -0.3909, 0.2840, -0.2496, -0.8392, -0.0464, -0.0305, 0.0101, 0.0000, 0.0000, 0.0000, 0.0000
1, 8.8900, 889, 0.3238, -0.6197, -0.7213, -0.5529, -1.8720, 1.6999, 0.0000, 0.0000, 0.0000, 0.0000, 0.0000, 0.0000, -0.3905, 0.2841, -0.2492, -0.8394, -0.0422, -0.0211, 0.0071, 0.0000, 0.0000, 0.0000, 0.0000
3, 8.9100, 891, -0.3755, -0.9351, -0.0613, -2.0856, -6.6499, -0.5672, 0.0000, 0.0000, 0.0000, 0.0000, 0.0000, 0.0000, 0.5280, -0.5819, -0.3453, -0.5132, 0.1428, -0.0338, -0.0231, 0.0000, 0.0000, 0.0000, 0.0000
2, 8.8900, 889, -0.4986, -0.5631, -0.6630, -0.2493, 1.1312, 0.1938, 0.0000, 0.0000, 0.0000, 0.0000, 0.0000, 0.0000, -0.5153, 0.3905, 0.0983, 0.7565, 0.0101, 0.0128, -0.0141, 0.0000, 0.0000, 0.0000, 0.0000
3, 8.9200, 892, -0.3618, -0.9400, -0.0628, -0.7951, -5.0514, -0.3397, 0.0000, 0.0000, 0.0000, 0.0000, 0.0000, 0.0000, 0.5268, -0.5832, -0.3437, -0.5140, 0.1279, -0.0286, -0.0213, 0.0000, 0.0000, 0.0000, 0.0000
2, 8.9000, 890, -0.5064, -0.5575, -0.6579, 0.2208, 0.6597, 0.0877, 0.0000, 0.0000, 0.0000, 0.0000, 0.0000, 0.0000, -0.5153, 0.3905, 0.0984, 0.7565, 0.0169, 0.0062, -0.0177, 0.0000, 0.0000, 0.0000, 0.0000
3, 8.9300, 893, -0.3385, -0.9323, -0.0562, -0.0535, -2.7031, -0.8034, 0.0000, 0.0000, 0.0000, 0.0000, 0.0000, 0.0000, 0.5270, -0.5833, -0.3436, -0.5138, 0.1011, -0.0355, -0.0272, 0.0000, 0.0000, 0.0000, 0.0000
2, 8.9100, 891, -0.5068, -0.5576, -0.6526, 0.5478, 0.4520, -0.4592, 0.0000, 0.0000, 0.0000, 0.0000, 0.0000, 0.0000, -0.5153, 0.3905, 0.0985, 0.7565, 0.0174, 0.0062, -0.0231, 0.0000, 0.0000, 0.0000, 0.0000
1, 8.9000, 890, 0.3242, -0.6156, -0.7180, -0.6427, -2.1353, 2.0159, 0.0000, 0.0000, 0.0000, 0.0000, 0.0000, 0.0000, -0.3906, 0.2839, -0.2493, -0.8394, -0.0422, -0.0248, 0.0036, 0.0000, 0.0000, 0.0000, 0.0000
2, 8.9200, 892, -0.5123, -0.5591, -0.6503, 1.3001, 0.5546, -1.0431, 0.0000, 0.0000, 0.0000, 0.0000, 0.0000, 0.0000, -0.5153, 0.3905, 0.0986, 0.7565, 0.0230, 0.0076, -0.0252, 0.0000, 0.0000, 0.0000, 0.0000
3, 8.9400, 894, -0.3191, -0.9305, -0.0535, 1.8944, 0.3322, -1.5407, 0.0000, 0.0000, 0.0000, 0.0000, 0.0000, 0.0000, 0.5269, -0.5834, -0.3438, -0.5137, 0.0820, -0.0374, -0.0297, 0.0000, 0.0000, 0.0000, 0.0000
3, 8.9500, 895, -0.3001, -0.9237, -0.0462, 4.0932, 2.0717, -2.8956, 0.0000, 0.0000, 0.0000, 0.0000, 0.0000, 0.0000, 0.5268, -0.5834, -0.3442, -0.5135, 0.0633, -0.0444, -0.0365, 0.0000, 0.0000, 0.0000, 0.0000
3, 8.9600, 896, -0.2930, -0.9364, -0.0495, 6.1381, 3.2275, -3.6366, 0.0000, 0.0000, 0.0000, 0.0000, 0.0000, 0.0000, 0.5265, -0.5834, -0.3448, -0.5133, 0.0569, -0.0318, -0.0324, 0.0000, 0.0000, 0.0000, 0.0000
2, 8.9300, 893, -0.5095, -0.5654, -0.6422, 1.4610, 0.8402, -1.6127, 0.0000, 0.0000, 0.0000, 0.0000, 0.0000, 0.0000, -0.5153, 0.3905, 0.0988, 0.7564, 0.0205, 0.0135, -0.0333, 0.0000, 0.0000, 0.0000, 0.0000
1, 8.9100, 891, 0.3190, -0.6190, -0.7181, -1.0291, -2.4155, 2.1583, 0.0000, 0.0000, 0.0000, 0.0000, 0.0000, 0.0000, -0.3908, 0.2836, -0.2494, -0.8394, -0.0376, -0.0214, 0.0035, 0.0000, 0.0000, 0.0000, 0.0000
1, 8.9200, 892, 0.2922, -0.6229, -0.7196, -1.8011, -2.2130, 1.8806, 0.0000, 0.0000, 0.0000, 0.0000, 0.0000, 0.0000, -0.3909, 0.2834, -0.2494, -0.8395, -0.0113, -0.0174, 0.0047, 0.0000, 0.0000, 0.0000, 0.0000
2, 8.9400, 894, -0.4920, -0.5667, -0.6500, 1.3322, 1.1090, -1.4774, 0.0000, 0.0000, 0.0000, 0.0000, 0.0000, 0.0000, -0.5156, 0.3908, 0.0991, 0.7561, 0.0032, 0.0145, -0.0253, 0.0000, 0.0000, 0.0000, 0.0000
3, 8.9700, 897, -0.2891, -0.9453, -0.0558, 5.6166, 4.0029, -3.8561, 0.0000, 0.0000, 0.0000, 0.0000, 0.0000, 0.0000, 0.5260, -0.5837, -0.3452, -0.5133, 0.0534, -0.0232, -0.0251, 0.0000, 0.0000, 0.0000, 0.0000
2, 8.9500, 895, -0.4856, -0.5687, -0.6587, 1.2082, 0.8280, -1.1158, 0.0000, 0.0000, 0.0000, 0.0000, 0.0000, 0.0000, -0.5156, 0.3908, 0.0993, 0.7560, -0.0030, 0.0157, -0.0162, 0.0000, 0.0000, 0.0000, 0.0000
3, 8.9800, 898, -0.2882, -0.9419, -0.0638, 5.5394, 4.9478, -3.1821, 0.0000, 0.0000, 0.0000, 0.0000, 0.0000, 0.0000, 0.5257, -0.5836, -0.3458, -0.5132, 0.0526, -0.0267, -0.0162, 0.0000, 0.0000, 0.0000, 0.0000
1, 8.9300, 893, 0.2946, -0.6179, -0.7141, -2.5261, -2.5126, 1.0464, 0.0000, 0.0000, 0.0000, 0.0000, 0.0000, 0.0000, -0.3910, 0.2831, -0.2493, -0.8396, -0.0141, -0.0222, -0.0012, 0.0000, 0.0000, 0.0000, 0.0000
2, 8.9600, 896, -0.4891, -0.5731, -0.6548, 1.3701, 0.4615, -0.6395, 0.0000, 0.0000, 0.0000, 0.0000, 0.0000, 0.0000, -0.5156, 0.3908, 0.0994, 0.7560, 0.0006, 0.0199, -0.0200, 0.0000, 0.0000, 0.0000, 0.0000
1, 8.9400, 894, 0.3073, -0.6180, -0.7169, -3.8382, -2.5162, 0.5270, 0.0000, 0.0000, 0.0000, 0.0000, 0.0000, 0.0000, -0.3907, 0.2829, -0.2489, -0.8399, -0.0271, -0.0216, 0.0011, 0.0000, 0.0000, 0.0000, 0.0000
3, 8.9900, 899, -0.2807, -0.9505, -0.0690, 6.4764, 5.3875, -2.1638, 0.0000, 0.0000, 0.0000, 0.0000, 0.0000, 0.0000, 0.5253, -0.5836, -0.3465, -0.5132, 0.0456, -0.0182, -0.0101, 0.0000, 0.0000, 0.0000, 0.0000
2, 8.9700, 897, -0.4934, -0.5646, -0.6534, 1.4419, 0.2332, -0.2884, 0.0000, 0.0000, 0.0000, 0.0000, 0.0000, 0.0000, -0.5156, 0.3909, 0.0995, 0.7560, 0.0050, 0.0113, -0.0213, 0.0000, 0.0000, 0.0000, 0.0000
3, 9.0000, 900, -0.2814, -0.9663, -0.0778, 6.9045, 5.8529, -1.2725, 0.0000, 0.0000, 0.0000, 0.0000, 0.0000, 0.0000, 0.5249, -0.5836, -0.3471, -0.5133, 0.0466, -0.0026, -0.0004, 0.0000, 0.0000, 0.0000, 0.0000
2, 8.9800, 898, -0.4958, -0.5658, -0.6500, 1.3397, -0.1396, -0.4146, 0.0000, 0.0000, 0.0000, 0.0000, 0.0000, 0.0000, -0.5155, 0.3909, 0.0996, 0.7560, 0.0074, 0.0122, -0.0246, 0.0000, 0.0000, 0.0000, 0.0000
2, 8.9900, 899, -0.4938, -0.5694, -0.6524, 1.4458, -0.0716, -0.3758, 0.0000, 0.0000, 0.0000, 0.0000, 0.0000, 0.0000, -0.5159, 0.3919, 0.1000, 0.7551, 0.0054, 0.0152, -0.0216, 0.0000, 0.0000, 0.0000, 0.0000
2, 9.0000, 900, -0.4921, -0.5682, -0.6548, 1.4298, -0.2779, -0.2894, 0.0000, 0.0000, 0.0000, 0.0000, 0.0000, 0.0000, -0.5159, 0.3920, 0.1001, 0.7551, 0.0034, 0.0127, -0.0179, 0.0000, 0.0000, 0.0000, 0.0000
3, 9.0100, 901, -0.2867, -0.9991, -0.0712, 6.1238, 6.9113, -0.6578, 0.0000, 0.0000, 0.0000, 0.0000, 0.0000, 0.0000, 0.5244, -0.5835, -0.3477, -0.5134, 0.0522, 0.0301, -0.0062, 0.0000, 0.0000, 0.0000, 0.0000
1, 8.9500, 895, 0.3103, -0.6187, -0.7197, -4.6752, -2.5837, 0.0239, 0.0000, 0.0000, 0.0000, 0.0000, 0.0000, 0.0000, -0.3908, 0.2825, -0.2486, -0.8400, -0.0298, -0.0200, 0.0032, 0.0000, 0.0000, 0.0000, 0.0000
3, 9.0200, 902, -0.2880, -1.0156, -0.0602, 3.7573, 7.6945, -0.1600, 0.0000, 0.0000, 0.0000, 0.0000, 0.0000, 0.0000, 0.5237, -0.5836, -0.3481, -0.5137, 0.0534, 0.0465, -0.0166, 0.0000, 0.0000, 0.0000, 0.0000
2, 9.0100, 901, -0.4955, -0.5689, -0.6538, 1.4308, -0.3275, -0.3592, 0.0000, 0.0000, 0.0000, 0.0000, 0.0000, 0.0000, -0.5159, 0.3921, 0.1002, 0.7551, 0.0068, 0.0132, -0.0187, 0.0000, 0.0000, 0.0000, 0.0000
2, 9.0200, 902, -0.4977, -0.5656, -0.6521, 1.3430, -0.4114, -0.4497, 0.0000, 0.0000, 0.0000, 0.0000, 0.0000, 0.0000, -0.5159, 0.3922, 0.1003, 0.7550, 0.0090, 0.0097, -0.0203, 0.0000, 0.0000, 0.0000, 0.0000
1, 8.9600, 896, 0.3077, -0.6127, -0.7235, -5.0573, -2.6327, -0.3064, 0.0000, 0.0000, 0.0000, 0.0000, 0.0000, 0.0000, -0.3908, 0.2822, -0.2483, -0.8402, -0.0276, -0.0254, 0.0064, 0.0000, 0.0000, 0.0000, 0.0000
1, 8.9700, 897, 0.3182, -0.6052, -0.7271, -5.2872, -2.3597, -0.3943, 0.0000, 0.0000, 0.0000, 0.0000, 0.0000, 0.0000, -0.3909, 0.2818, -0.2480, -0.8404, -0.0383, -0.0323, 0.0092, 0.0000, 0.0000, 0.0000, 0.0000
1, 8.9800, 898, 0.3214, -0.6002, -0.7328, -5.0479, -2.1767, 0.0056, 0.0000, 0.0000, 0.0000, 0.0000, 0.0000, 0.0000, -0.3910, 0.2815, -0.2477, -0.8406, -0.0418, -0.0366, 0.0143, 0.0000, 0.0000, 0.0000, 0.0000
3, 9.0300, 903, -0.2957, -1.0223, -0.0519, 0.7730, 7.6013, 0.1463, 0.0000, 0.0000, 0.0000, 0.0000, 0.0000, 0.0000, 0.5235, -0.5833, -0.3485, -0.5141, 0.0607, 0.0533, -0.0246, 0.0000, 0.0000, 0.0000, 0.0000
2, 9.0300, 903, -0.4962, -0.5668, -0.6515, 1.2547, -0.4442, -0.5401, 0.0000, 0.0000, 0.0000, 0.0000, 0.0000, 0.0000, -0.5159, 0.3922, 0.1003, 0.7550, 0.0075, 0.0107, -0.0208, 0.0000, 0.0000, 0.0000, 0.0000
3, 9.0400, 904, -0.2700, -1.0086, -0.0454, -2.0319, 6.8695, 0.0743, 0.0000, 0.0000, 0.0000, 0.0000, 0.0000, 0.0000, 0.5233, -0.5829, -0.3487, -0.5145, 0.0352, 0.0397, -0.0316, 0.0000, 0.0000, 0.0000, 0.0000
1, 8.9900, 899, 0.3363, -0.6067, -0.7368, -4.0356, -2.2639, 0.6487, 0.0000, 0.0000, 0.0000, 0.0000, 0.0000, 0.0000, -0.3906, 0.2813, -0.2472, -0.8410, -0.0568, -0.0293, 0.0176, 0.0000, 0.0000, 0.0000, 0.0000
2, 9.0400, 904, -0.4956, -0.5630, -0.6516, 1.3624, -0.4588, -0.6235, 0.0000, 0.0000, 0.0000, 0.0000, 0.0000, 0.0000, -0.5159, 0.3928, 0.1005, 0.7546, 0.0068, 0.0066, -0.0203, 0.0000, 0.0000, 0.0000, 0.0000
1, 9.0000, 900, 0.3198, -0.6108, -0.7474, -2.6413, -1.9388, 1.3931, 0.0000, 0.0000, 0.0000, 0.0000, 0.0000, 0.0000, -0.3907, 0.2811, -0.2471, -0.8410, -0.0400, -0.0245, 0.0276, 0.0000, 0.0000, 0.0000, 0.0000
1, 9.0100, 901, 0.3056, -0.6163, -0.7479, -1.4493, -1.3954, 1.3339, 0.0000, 0.0000, 0.0000, 0.0000, 0.0000, 0.0000, -0.3908, 0.2809, -0.2470, -0.8410, -0.0262, -0.0188, 0.0278, 0.0000, 0.0000, 0.0000, 0.0000
1, 9.0200, 902, 0.3053, -0.6138, -0.7426, -0.5896, -0.7489, 1.0656, 0.0000, 0.0000, 0.0000, 0.0000, 0.0000, 0.0000, -0.3909, 0.2808, -0.2471, -0.8410, -0.0261, -0.0213, 0.0224, 0.0000, 0.0000, 0.0000, 0.0000
3, 9.0500, 905, -0.2137, -0.9701, -0.0408, -4.2716, 5.7347, -0.1821, 0.0000, 0.0000, 0.0000, 0.0000, 0.0000, 0.0000, 0.5234, -0.5825, -0.3488, -0.5149, -0.0211, 0.0011, -0.0370, 0.0000, 0.0000, 0.0000, 0.0000
2, 9.0500, 905, -0.4959, -0.5685, -0.6535, 1.8283, -0.5381, -0.7467, 0.0000, 0.0000, 0.0000, 0.0000, 0.0000, 0.0000, -0.5159, 0.3929, 0.1006, 0.7546, 0.0068, 0.0113, -0.0176, 0.0000, 0.0000, 0.0000, 0.0000
1, 9.0300, 903, 0.3140, -0.6084, -0.7373, -0.3433, -0.0709, 0.6073, 0.0000, 0.0000, 0.0000, 0.0000, 0.0000, 0.0000, -0.3909, 0.2808, -0.2470, -0.8410, -0.0349, -0.0267, 0.0170, 0.0000, 0.0000, 0.0000, 0.0000
3, 9.0600, 906, -0.1875, -0.9420, -0.0341, -4.7484, 5.2374, -0.2702, 0.0000, 0.0000, 0.0000, 0.0000, 0.0000, 0.0000, 0.5235, -0.5820, -0.3488, -0.5153, -0.0472, -0.0269, -0.0447, 0.0000, 0.0000, 0.0000, 0.0000
3, 9.0700, 907, -0.1757, -0.9403, -0.0318, -2.2256, 4.7613, -0.5417, 0.0000, 0.0000, 0.0000, 0.0000, 0.0000, 0.0000, 0.5237, -0.5819, -0.3495, -0.5147, -0.0585, -0.0286, -0.0475, 0.0000, 0.0000, 0.0000, 0.0000
1, 9.0400, 904, 0.3131, -0.6173, -0.7306, -0.3590, -0.0165, 0.4325, 0.0000, 0.0000, 0.0000, 0.0000, 0.0000, 0.0000, -0.3872, 0.2820, -0.2443, -0.8431, -0.0323, -0.0166, 0.0099, 0.0000, 0.0000, 0.0000, 0.0000
1, 9.0500, 905, 0.3106, -0.6105, -0.7278, -0.7088, 0.0174, 0.2589, 0.0000, 0.0000, 0.0000, 0.0000, 0.0000, 0.0000, -0.3873, 0.2819, -0.2443, -0.8431, -0.0244, -0.0198, 0.0062, 0.0000, 0.0000, 0.0000, 0.0000
1, 9.0600, 906, 0.3114, -0.6090, -0.7264, -0.9542, 0.0333, 0.1898, 0.0000, 0.0000, 0.0000, 0.0000, 0.0000, 0.0000, -0.3873, 0.2819, -0.2442, -0.8431, -0.0252, -0.0213, 0.0047, 0.0000, 0.0000, 0.0000, 0.0000
2, 9.0600, 906, -0.4917, -0.5691, -0.6546, 1.8500, -0.8076, -0.8858, 0.0000, 0.0000, 0.0000, 0.0000, 0.0000, 0.0000, -0.5159, 0.3930, 0.1007, 0.7545, 0.0026, 0.0117, -0.0163, 0.0000, 0.0000, 0.0000, 0.0000
3, 9.0800, 908, -0.1808, -0.9392, -0.0368, 0.6520, 2.9170, -1.3422, 0.0000, 0.0000, 0.0000, 0.0000, 0.0000, 0.0000, 0.5237, -0.5818, -0.3497, -0.5148, -0.0520, -0.0302, -0.0418, 0.0000, 0.0000, 0.0000, 0.0000
2, 9.0700, 907, -0.4873, -0.5700, -0.6509, 1.8174, -1.2573, -0.5735, 0.0000, 0.0000, 0.0000, 0.0000, 0.0000, 0.0000, -0.5159, 0.3932, 0.1008, 0.7544, -0.0019, 0.0123, -0.0198, 0.0000, 0.0000, 0.0000, 0.0000
3, 9.0900, 909, -0.2053, -0.9438, -0.0406, 2.1195, 0.6217, -2.2743, 0.0000, 0.0000, 0.0000, 0.0000, 0.0000, 0.0000, 0.5236, -0.5818, -0.3500, -0.5147, -0.0272, -0.0256, -0.0377, 0.0000, 0.0000, 0.0000, 0.0000
1, 9.0700, 907, 0.3188, -0.6094, -0.7260, -1.3186, -0.1711, -0.0524, 0.0000, 0.0000, 0.0000, 0.0000, 0.0000, 0.0000, -0.3873, 0.2818, -0.2441, -0.8432, -0.0326, -0.0207, 0.0042, 0.0000, 0.0000, 0.0000, 0.0000
1, 9.0800, 908, 0.3197, -0.6065, -0.7277, -1.6731, 0.0118, 0.0352, 0.0000, 0.0000, 0.0000, 0.0000, 0.0000, 0.0000, -0.3874, 0.2818, -0.2440, -0.8432, -0.0336, -0.0234, 0.0057, 0.0000, 0.0000, 0.0000, 0.0000
1, 9.0900, 909, 0.3244, -0.6078, -0.7309, -1.4946, -0.5541, 0.2121, 0.0000, 0.0000, 0.0000, 0.0000, 0.0000, 0.0000, -0.3859, 0.2814, -0.2435, -0.8442, -0.0380, -0.0216, 0.0085, 0.0000, 0.0000, 0.0000, 0.0000
2, 9.0800, 908, -0.4872, -0.5715, -0.6503, 1.5317, -1.4544, -0.2001, 0.0000, 0.0000, 0.0000, 0.0000, 0.0000, 0.0000, -0.5159, 0.3933, 0.1009, 0.7543, -0.0021, 0.0136, -0.0200, 0.0000, 0.0000, 0.0000, 0.0000
3, 9.1000, 910, -0.2395, -0.9534, -0.0514, 3.8188, -1.8834, -2.3645, 0.0000, 0.0000, 0.0000, 0.0000, 0.0000, 0.0000, 0.5236, -0.5819, -0.3502, -0.5144, 0.0075, -0.0162, -0.0263, 0.0000, 0.0000, 0.0000, 0.0000
2, 9.0900, 909, -0.4933, -0.5717, -0.6450, 1.4946, -1.4598, 0.0428, 0.0000, 0.0000, 0.0000, 0.0000, 0.0000, 0.0000, -0.5160, 0.3941, 0.1010, 0.7538, 0.0038, 0.0134, -0.0249, 0.0000, 0.0000, 0.0000, 0.0000
1, 9.1000, 910, 0.3188, -0.6074, -0.7401, -0.8294, -0.4479, 0.3839, 0.0000, 0.0000, 0.0000, 0.0000, 0.0000, 0.0000, -0.3859, 0.2814, -0.2434, -0.8442, -0.0316, -0.0208, 0.0170, 0.0000, 0.0000, 0.0000, 0.0000
3, 9.1100, 911, -0.2590, -0.9586, -0.0731, 4.0580, -3.9041, -1.4228, 0.0000, 0.0000, 0.0000, 0.0000, 0.0000, 0.0000, 0.5236, -0.5823, -0.3502, -0.5140, 0.0272, -0.0111, -0.0038, 0.0000, 0.0000, 0.0000, 0.0000
1, 9.1100, 911, 0.3200, -0.6066, -0.7365, -0.3919, -0.3254, 0.4691, 0.0000, 0.0000, 0.0000, 0.0000, 0.0000, 0.0000, -0.3860, 0.2813, -0.2434, -0.8442, -0.0329, -0.0216, 0.0132, 0.0000, 0.0000, 0.0000, 0.0000
2, 9.1000, 910, -0.4938, -0.5725, -0.6399, 0.9752, -1.2567, -0.0625, 0.0000, 0.0000, 0.0000, 0.0000, 0.0000, 0.0000, -0.5160, 0.3942, 0.1011, 0.7538, 0.0039, 0.0134, -0.0289, 0.0000, 0.0000, 0.0000, 0.0000
3, 9.1200, 912, -0.2765, -0.9725, -0.0789, 3.8412, -5.5708, -0.5226, 0.0000, 0.0000, 0.0000, 0.0000, 0.0000, 0.0000, 0.5234, -0.5827, -0.3500, -0.5138, 0.0446, 0.0027, 0.0028, 0.0000, 0.0000, 0.0000, 0.0000
2, 9.1100, 911, -0.4942, -0.5734, -0.6391, 0.5580, -0.8049, 0.1850, 0.0000, 0.0000, 0.0000, 0.0000, 0.0000, 0.0000, -0.5159, 0.3943, 0.1010, 0.7538, 0.0041, 0.0142, -0.0296, 0.0000, 0.0000, 0.0000, 0.0000
3, 9.1300, 913, -0.2541, -0.9740, -0.0856, 2.9681, -5.5715, 0.0462, 0.0000, 0.0000, 0.0000, 0.0000, 0.0000, 0.0000, 0.5234, -0.5831, -0.3498, -0.5134, 0.0215, 0.0043, 0.0102, 0.0000, 0.0000, 0.0000, 0.0000
1, 9.1200, 912, 0.3214, -0.6102, -0.7353, 0.1307, -0.0674, 0.6755, 0.0000, 0.0000, 0.0000, 0.0000, 0.0000, 0.0000, -0.3860, 0.2813, -0.2434, -0.8442, -0.0344, -0.0179, 0.0121, 0.0000, 0.0000, 0.0000, 0.0000
1, 9.1300, 913, 0.3201, -0.6118, -0.7359, 0.6930, -0.3221, 0.8844, 0.0000, 0.0000, 0.0000, 0.0000, 0.0000, 0.0000, -0.3860, 0.2813, -0.2435, -0.8441, -0.0332, -0.0165, 0.0128, 0.0000, 0.0000, 0.0000, 0.0000
2, 9.1200, 912, -0.5011, -0.5693, -0.6357, -0.0190, -0.2271, 0.0606, 0.0000, 0.0000, 0.0000, 0.0000, 0.0000, 0.0000, -0.5159, 0.3943, 0.1010, 0.7538, 0.0109, 0.0102, -0.0330, 0.0000, 0.0000, 0.0000, 0.0000
3, 9.1400, 914, -0.2571, -0.9679, -0.0896, 2.3043, -6.3035, 0.5344, 0.0000, 0.0000, 0.0000, 0.0000, 0.0000, 0.0000, 0.5235, -0.5835, -0.3496, -0.5131, 0.0244, -0.0018, 0.0148, 0.0000, 0.0000, 0.0000, 0.0000
2, 9.1300, 913, -0.5003, -0.5699, -0.6384, -0.2008, 0.2027, -0.1895, 0.0000, 0.0000, 0.0000, 0.0000, 0.0000, 0.0000, -0.5159, 0.3943, 0.1010, 0.7538, 0.0102, 0.0108, -0.0303, 0.0000, 0.0000, 0.0000, 0.0000
1, 9.1400, 914, 0.3164, -0.6097, -0.7337, 1.0280, -0.1789, 0.7253, 0.0000, 0.0000, 0.0000, 0.0000, 0.0000, 0.0000, -0.3853, 0.2815, -0.2431, -0.8445, -0.0293, -0.0185, 0.0105, 0.0000, 0.0000, 0.0000, 0.0000
3, 9.1500, 915, -0.2448, -0.9645, -0.0875, 1.8174, -6.9678, 1.0063, 0.0000, 0.0000, 0.0000, 0.0000, 0.0000, 0.0000, 0.5236, -0.5839, -0.3493, -0.5127, 0.0120, -0.0051, 0.0134, 0.0000, 0.0000, 0.0000, 0.0000
3, 9.1600, 916, -0.2298, -0.9658, -0.0800, 0.9637, -8.4545, 1.0439, 0.0000, 0.0000, 0.0000, 0.0000, 0.0000, 0.0000, 0.5237, -0.5844, -0.3489, -0.5123, -0.0034, -0.0038, 0.0063, 0.0000, 0.0000, 0.0000, 0.0000
3, 9.1700, 917, -0.2128, -0.9693, -0.0791, -0.9052, -9.9215, 0.6533, 0.0000, 0.0000, 0.0000, 0.0000, 0.0000, 0.0000, 0.5242, -0.5847, -0.3485, -0.5117, -0.0205, -0.0004, 0.0058, 0.0000, 0.0000, 0.0000, 0.0000
1, 9.1500, 915, 0.3128, -0.6109, -0.7326, 0.9061, -0.2131, 0.6561, 0.0000, 0.0000, 0.0000, 0.0000, 0.0000, 0.0000, -0.3854, 0.2815, -0.2432, -0.8445, -0.0248, -0.0168, 0.0093, 0.0000, 0.0000, 0.0000, 0.0000
2, 9.1400, 914, -0.4953, -0.5716, -0.6447, -0.3109, 0.4572, -0.1756, 0.0000, 0.0000, 0.0000, 0.0000, 0.0000, 0.0000, -0.5166, 0.3954, 0.1014, 0.7527, 0.0052, 0.0120, -0.0235, 0.0000, 0.0000, 0.0000, 0.0000
1, 9.1600, 916, 0.3130, -0.6102, -0.7310, 0.7833, -0.0062, 0.4983, 0.0000, 0.0000, 0.0000, 0.0000, 0.0000, 0.0000, -0.3854, 0.2815, -0.2433, -0.8444, -0.0251, -0.0176, 0.0078, 0.0000, 0.0000, 0.0000, 0.0000
3, 9.1800, 918, -0.1976, -0.9733, -0.0744, -1.9664, -12.4046, 0.1544, 0.0000, 0.0000, 0.0000, 0.0000, 0.0000, 0.0000, 0.5246, -0.5852, -0.3479, -0.5112, -0.0356, 0.0036, 0.0013, 0.0000, 0.0000, 0.0000, 0.0000
2, 9.1500, 915, -0.4914, -0.5721, -0.6483, -0.4003, 0.4563, -0.1613, 0.0000, 0.0000, 0.0000, 0.0000, 0.0000, 0.0000, -0.5166, 0.3954, 0.1014, 0.7527, 0.0010, 0.0109, -0.0184, 0.0000, 0.0000, 0.0000, 0.0000
1, 9.1700, 917, 0.3175, -0.6092, -0.7328, 0.7518, 0.0162, 0.2014, 0.0000, 0.0000, 0.0000, 0.0000, 0.0000, 0.0000, -0.3854, 0.2815, -0.2433, -0.8444, -0.0296, -0.0187, 0.0097, 0.0000, 0.0000, 0.0000, 0.0000
3, 9.1900, 919, -0.2021, -0.9694, -0.0758, -2.2009, -15.1760, -0.3177, 0.0000, 0.0000, 0.0000, 0.0000, 0.0000, 0.0000, 0.5252, -0.5857, -0.3471, -0.5105, -0.0312, -0.0003, 0.0029, 0.0000, 0.0000, 0.0000, 0.0000
2, 9.1600, 916, -0.4913, -0.5722, -0.6476, -0.2948, 0.4688, 0.0867, 0.0000, 0.0000, 0.0000, 0.0000, 0.0000, 0.0000, -0.5166, 0.3954, 0.1014, 0.7527, 0.0010, 0.0110, -0.0192, 0.0000, 0.0000, 0.0000, 0.0000
3, 9.2000, 920, -0.2206, -0.9739, -0.0778, -1.7260, -17.3452, -0.8751, 0.0000, 0.0000, 0.0000, 0.0000, 0.0000, 0.0000, 0.5259, -0.5864, -0.3463, -0.5096, -0.0129, 0.0043, 0.0051, 0.0000, 0.0000, 0.0000, 0.0000
1, 9.1800, 918, 0.3184, -0.6068, -0.7359, 0.8403, 0.0351, 0.1486, 0.0000, 0.0000, 0.0000, 0.0000, 0.0000, 0.0000, -0.3854, 0.2815, -0.2434, -0.8444, -0.0305, -0.0212, 0.0128, 0.0000, 0.0000, 0.0000, 0.0000
2, 9.1700, 917, -0.4890, -0.5747, -0.6537, -0.4356, 0.2980, 0.0640, 0.0000, 0.0000, 0.0000, 0.0000, 0.0000, 0.0000, -0.5166, 0.3953, 0.1014, 0.7527, -0.0013, 0.0135, -0.0132, 0.0000, 0.0000, 0.0000, 0.0000
1, 9.1900, 919, 0.3233, -0.6049, -0.7333, 0.8531, 0.0804, 0.4802, 0.0000, 0.0000, 0.0000, 0.0000, 0.0000, 0.0000, -0.3841, 0.2817, -0.2427, -0.8451, -0.0350, -0.0229, 0.0102, 0.0000, 0.0000, 0.0000, 0.0000
1, 9.2000, 920, 0.3238, -0.6075, -0.7358, 1.5359, 0.2561, 0.5991, 0.0000, 0.0000, 0.0000, 0.0000, 0.0000, 0.0000, -0.3841, 0.2818, -0.2428, -0.8451, -0.0341, -0.0193, 0.0124, 0.0000, 0.0000, 0.0000, 0.0000
3, 9.2100, 921, -0.2511, -0.9785, -0.0804, -0.9472, -18.3193, -1.3507, 0.0000, 0.0000, 0.0000, 0.0000, 0.0000, 0.0000, 0.5265, -0.5871, -0.3454, -0.5086, 0.0176, 0.0088, 0.0083, 0.0000, 0.0000, 0.0000, 0.0000
3, 9.2200, 922, -0.2476, -0.9792, -0.0772, -1.1381, -18.4175, -1.5612, 0.0000, 0.0000, 0.0000, 0.0000, 0.0000, 0.0000, 0.5272, -0.5879, -0.3446, -0.5077, 0.0142, 0.0095, 0.0057, 0.0000, 0.0000, 0.0000, 0.0000
1, 9.2100, 921, 0.3174, -0.6086, -0.7378, 1.9375, 0.3253, 0.7720, 0.0000, 0.0000, 0.0000, 0.0000, 0.0000, 0.0000, -0.3841, 0.2819, -0.2430, -0.8450, -0.0278, -0.0185, 0.0146, 0.0000, 0.0000, 0.0000, 0.0000
2, 9.1800, 918, -0.4895, -0.5739, -0.6539, -0.3998, 0.1568, 0.3093, 0.0000, 0.0000, 0.0000, 0.0000, 0.0000, 0.0000, -0.5166, 0.3953, 0.1014, 0.7527, -0.0008, 0.0128, -0.0130, 0.0000, 0.0000, 0.0000, 0.0000
1, 9.2200, 922, 0.3187, -0.6086, -0.7376, 2.4808, 0.5013, 0.8042, 0.0000, 0.0000, 0.0000, 0.0000, 0.0000, 0.0000, -0.3841, 0.2820, -0.2432, -0.8449, -0.0291, -0.0187, 0.0147, 0.0000, 0.0000, 0.0000, 0.0000
3, 9.2300, 923, -0.2510, -0.9769, -0.0736, -1.3829, -18.9142, -1.8220, 0.0000, 0.0000, 0.0000, 0.0000, 0.0000, 0.0000, 0.5279, -0.5886, -0.3438, -0.5067, 0.0176, 0.0072, 0.0026, 0.0000, 0.0000, 0.0000, 0.0000
2, 9.1900, 919, -0.4957, -0.5709, -0.6503, -0.4522, -0.0523, 0.5166, 0.0000, 0.0000, 0.0000, 0.0000, 0.0000, 0.0000, -0.5168, 0.3962, 0.1016, 0.7521, 0.0051, 0.0095, -0.0163, 0.0000, 0.0000, 0.0000, 0.0000
2, 9.2000, 920, -0.4948, -0.5703, -0.6500, -0.5584, -0.1914, 0.6173, 0.0000, 0.0000, 0.0000, 0.0000, 0.0000, 0.0000, -0.5168, 0.3962, 0.1015, 0.7521, 0.0037, 0.0080, -0.0154, 0.0000, 0.0000, 0.0000, 0.0000
2, 9.2100, 921, -0.4914, -0.5752, -0.6460, -0.7703, -0.4326, 0.6793, 0.0000, 0.0000, 0.0000, 0.0000, 0.0000, 0.0000, -0.5167, 0.3962, 0.1014, 0.7521, 0.0002, 0.0131, -0.0194, 0.0000, 0.0000, 0.0000, 0.0000
1, 9.2300, 923, 0.3189, -0.6096, -0.7364, 3.1646, 0.7477, 0.8006, 0.0000, 0.0000, 0.0000, 0.0000, 0.0000, 0.0000, -0.3841, 0.2821, -0.2434, -0.8448, -0.0292, -0.0182, 0.0139, 0.0000, 0.0000, 0.0000, 0.0000
3, 9.2400, 924, -0.2493, -0.9761, -0.0632, -1.8109, -19.1744, -1.5969, 0.0000, 0.0000, 0.0000, 0.0000, 0.0000, 0.0000, 0.5287, -0.5893, -0.3429, -0.5056, 0.0159, 0.0063, -0.0073, 0.0000, 0.0000, 0.0000, 0.0000
1, 9.2400, 924, 0.3143, -0.6073, -0.7344, 3.3385, 0.9198, 0.8340, 0.0000, 0.0000, 0.0000, 0.0000, 0.0000, 0.0000, -0.3836, 0.2822, -0.2435, -0.8449, -0.0245, -0.0208, 0.0122, 0.0000, 0.0000, 0.0000, 0.0000
2, 9.2200, 922, -0.4975, -0.5705, -0.6418, -0.8811, -0.1985, 0.8501, 0.0000, 0.0000, 0.0000, 0.0000, 0.0000, 0.0000, -0.5167, 0.3962, 0.1013, 0.7522, 0.0063, 0.0086, -0.0237, 0.0000, 0.0000, 0.0000, 0.0000
3, 9.2500, 925, -0.2424, -0.9749, -0.0443, -2.9464, -19.1871, -1.1527, 0.0000, 0.0000, 0.0000, 0.0000, 0.0000, 0.0000, 0.5294, -0.5900, -0.3419, -0.5047, 0.0090, 0.0050, -0.0259, 0.0000, 0.0000, 0.0000, 0.0000
2, 9.2300, 923, -0.5019, -0.5675, -0.6381, -1.2761, 0.1804, 0.5226, 0.0000, 0.0000, 0.0000, 0.0000, 0.0000, 0.0000, -0.5167, 0.3961, 0.1012, 0.7522, 0.0106, 0.0057, -0.0275, 0.0000, 0.0000, 0.0000, 0.0000
1, 9.2500, 925, 0.3125, -0.6116, -0.7313, 3.5673, 1.1474, 0.6749, 0.0000, 0.0000, 0.0000, 0.0000, 0.0000, 0.0000, -0.3836, 0.2824, -0.2437, -0.8448, -0.0224, -0.0167, 0.0094, 0.0000, 0.0000, 0.0000, 0.0000
3, 9.2600, 926, -0.2406, -0.9680, -0.0276, -4.8585, -18.7250, -0.5089, 0.0000, 0.0000, 0.0000, 0.0000, 0.0000, 0.0000, 0.5303, -0.5905, -0.3409, -0.5039, 0.0071, -0.0018, -0.0425, 0.0000, 0.0000, 0.0000, 0.0000
1, 9.2600, 926, 0.3153, -0.6132, -0.7283, 3.4441, 1.1807, 0.6577, 0.0000, 0.0000, 0.0000, 0.0000, 0.0000, 0.0000, -0.3836, 0.2826, -0.2439, -0.8447, -0.0251, -0.0156, 0.0068, 0.0000, 0.0000, 0.0000, 0.0000
1, 9.2700, 927, 0.3168, -0.6103, -0.7262, 3.3051, 0.9566, 0.6768, 0.0000, 0.0000, 0.0000, 0.0000, 0.0000, 0.0000, -0.3836, 0.2828, -0.2442, -0.8446, -0.0265, -0.0189, 0.0052, 0.0000, 0.0000, 0.0000, 0.0000
3, 9.2700, 927, -0.2471, -0.9584, -0.0184, -5.1612, -18.2232, -0.1831, 0.0000, 0.0000, 0.0000, 0.0000, 0.0000, 0.0000, 0.5310, -0.5913, -0.3398, -0.5029, 0.0133, -0.0113, -0.0517, 0.0000, 0.0000, 0.0000, 0.0000
1, 9.2800, 928, 0.3176, -0.6074, -0.7280, 3.0957, 0.9223, 0.5729, 0.0000, 0.0000, 0.0000, 0.0000, 0.0000, 0.0000, -0.3836, 0.2829, -0.2444, -0.8444, -0.0273, -0.0222, 0.0074, 0.0000, 0.0000, 0.0000, 0.0000
2, 9.2400, 924, -0.5008, -0.5697, -0.6374, -1.4218, 0.6297, 0.1691, 0.0000, 0.0000, 0.0000, 0.0000, 0.0000, 0.0000, -0.5168, 0.3966, 0.1013, 0.7519, 0.0094, 0.0080, -0.0282, 0.0000, 0.0000, 0.0000, 0.0000
3, 9.2800, 928, -0.2551, -0.9631, -0.0131, -4.7406, -17.8155, 0.0798, 0.0000, 0.0000, 0.0000, 0.0000, 0.0000, 0.0000, 0.5317, -0.5919, -0.3388, -0.5022, 0.0210, -0.0066, -0.0567, 0.0000, 0.0000, 0.0000, 0.0000
3, 9.2900, 929, -0.2579, -0.9621, -0.0129, -4.8612, -16.7730, 0.2113, 0.0000, 0.0000, 0.0000, 0.0000, 0.0000, 0.0000, 0.5325, -0.5924, -0.3378, -0.5014, 0.0236, -0.0075, -0.0571, 0.0000, 0.0000, 0.0000, 0.0000
2, 9.2500, 925, -0.4962, -0.5687, -0.6442, -1.6039, 1.0055, 0.0585, 0.0000, 0.0000, 0.0000, 0.0000, 0.0000, 0.0000, -0.5168, 0.3965, 0.1012, 0.7520, 0.0045, 0.0066, -0.0208, 0.0000, 0.0000, 0.0000, 0.0000
2, 9.2600, 926, -0.4908, -0.5706, -0.6498, -1.6945, 1.0886, 0.1252, 0.0000, 0.0000, 0.0000, 0.0000, 0.0000, 0.0000, -0.5169, 0.3963, 0.1012, 0.7520, -0.0008, 0.0087, -0.0155, 0.0000, 0.0000, 0.0000, 0.0000
1, 9.2900, 929, 0.3201, -0.6094, -0.7280, 2.8864, 0.5416, 0.6978, 0.0000, 0.0000, 0.0000, 0.0000, 0.0000, 0.0000, -0.3832, 0.2831, -0.2443, -0.8446, -0.0296, -0.0205, 0.0077, 0.0000, 0.0000, 0.0000, 0.0000
3, 9.3000, 930, -0.2582, -0.9602, -0.0146, -4.9557, -15.8250, -0.1977, 0.0000, 0.0000, 0.0000, 0.0000, 0.0000, 0.0000, 0.5332, -0.5928, -0.3368, -0.5008, 0.0236, -0.0094, -0.0555, 0.0000, 0.0000, 0.0000, 0.0000
2, 9.2700, 927, -0.4949, -0.5712, -0.6489, -1.7134, 1.2088, 0.0723, 0.0000, 0.0000, 0.0000, 0.0000, 0.0000, 0.0000, -0.5169, 0.3962, 0.1011, 0.7521, 0.0035, 0.0095, -0.0166, 0.0000, 0.0000, 0.0000, 0.0000
3, 9.3100, 931, -0.2516, -0.9652, -0.0168, -4.6714, -15.3068, -0.1813, 0.0000, 0.0000, 0.0000, 0.0000, 0.0000, 0.0000, 0.5339, -0.5933, -0.3359, -0.5001, 0.0170, -0.0044, -0.0534, 0.0000, 0.0000, 0.0000, 0.0000
2, 9.2800, 928, -0.4906, -0.5724, -0.6516, -1.9083, 1.0355, 0.1524, 0.0000, 0.0000, 0.0000, 0.0000, 0.0000, 0.0000, -0.5169, 0.3960, 0.1010, 0.7521, -0.0007, 0.0109, -0.0142, 0.0000, 0.0000, 0.0000, 0.0000
1, 9.3000, 930, 0.3194, -0.6105, -0.7282, 2.5150, 0.5348, 0.8563, 0.0000, 0.0000, 0.0000, 0.0000, 0.0000, 0.0000, -0.3832, 0.2832, -0.2445, -0.8445, -0.0284, -0.0194, 0.0081, 0.0000, 0.0000, 0.0000, 0.0000
3, 9.3200, 932, -0.2464, -0.9776, -0.0156, -4.4038, -14.3892, -0.1154, 0.0000, 0.0000, 0.0000, 0.0000, 0.0000, 0.0000, 0.5344, -0.5940, -0.3351, -0.4993, 0.0116, 0.0081, -0.0546, 0.0000, 0.0000, 0.0000, 0.0000
2, 9.2900, 929, -0.4928, -0.5702, -0.6448, -1.9439, 0.8410, 0.4824, 0.0000, 0.0000, 0.0000, 0.0000, 0.0000, 0.0000, -0.5171, 0.3962, 0.1010, 0.7520, 0.0015, 0.0088, -0.0211, 0.0000, 0.0000, 0.0000, 0.0000
1, 9.3100, 931, 0.3124, -0.6105, -0.7285, 2.4981, 0.3972, 0.8920, 0.0000, 0.0000, 0.0000, 0.0000, 0.0000, 0.0000, -0.3832, 0.2833, -0.2447, -0.8444, -0.0214, -0.0197, 0.0087, 0.0000, 0.0000, 0.0000, 0.0000
3, 9.3300, 933, -0.2328, -0.9565, -0.0145, -5.0183, -13.6702, -0.0558, 0.0000, 0.0000, 0.0000, 0.0000, 0.0000, 0.0000, 0.5351, -0.5943, -0.3342, -0.4987, -0.0023, -0.0129, -0.0555, 0.0000, 0.0000, 0.0000, 0.0000
3, 9.3400, 934, -0.2323, -0.9487, -0.0198, -4.4478, -12.5796, -0.1282, 0.0000, 0.0000, 0.0000, 0.0000, 0.0000, 0.0000, 0.5357, -0.5947, -0.3334, -0.4982, -0.0029, -0.0207, -0.0505, 0.0000, 0.0000, 0.0000, 0.0000
3, 9.3500, 935, -0.2329, -0.9523, -0.0211, -3.2842, -11.3643, 0.2056, 0.0000, 0.0000, 0.0000, 0.0000, 0.0000, 0.0000, 0.5362, -0.5950, -0.3328, -0.4977, -0.0025, -0.0170, -0.0494, 0.0000, 0.0000, 0.0000, 0.0000
3, 9.3600, 936, -0.2414, -0.9567, -0.0302, -2.2134, -10.7931, 0.6303, 0.0000, 0.0000, 0.0000, 0.0000, 0.0000, 0.0000, 0.5366, -0.5954, -0.3321, -0.4973, 0.0058, -0.0126, -0.0403, 0.0000, 0.0000, 0.0000, 0.0000
1, 9.3200, 932, 0.3101, -0.6118, -0.7247, 2.3416, 0.4327, 0.7352, 0.0000, 0.0000, 0.0000, 0.0000, 0.0000, 0.0000, -0.3832, 0.2834, -0.2448, -0.8443, -0.0191, -0.0188, 0.0051, 0.0000, 0.0000, 0.0000, 0.0000
2, 9.3000, 930, -0.4897, -0.5702, -0.6498, -2.3017, 0.8532, 0.5919, 0.0000, 0.0000, 0.0000, 0.0000, 0.0000, 0.0000, -0.5171, 0.3961, 0.1009, 0.7521, -0.0017, 0.0088, -0.0160, 0.0000, 0.0000, 0.0000, 0.0000
2, 9.3100, 931, -0.4908, -0.5719, -0.6502, -2.2121, 0.6957, 0.8216, 0.0000, 0.0000, 0.0000, 0.0000, 0.0000, 0.0000, -0.5171, 0.3959, 0.1007, 0.7521, -0.0006, 0.0108, -0.0159, 0.0000, 0.0000, 0.0000, 0.0000
2, 9.3200, 932, -0.5026, -0.5679, -0.6456, -2.0329, 0.6816, 0.7407, 0.0000, 0.0000, 0.0000, 0.0000, 0.0000, 0.0000, -0.5171, 0.3958, 0.1006, 0.7522, 0.0112, 0.0071, -0.0207, 0.0000, 0.0000, 0.0000, 0.0000
2, 9.3300, 933, -0.5001, -0.5703, -0.6496, -1.8183, 0.7732, 0.5042, 0.0000, 0.0000, 0.0000, 0.0000, 0.0000, 0.0000, -0.5171, 0.3957, 0.1005, 0.7523, 0.0087, 0.0098, -0.0170, 0.0000, 0.0000, 0.0000, 0.0000
3, 9.3700, 937, -0.2457, -0.9625, -0.0334, -1.4165, -10.1407, 0.5979, 0.0000, 0.0000, 0.0000, 0.0000, 0.0000, 0.0000, 0.5368, -0.5960, -0.3315, -0.4967, 0.0098, -0.0067, -0.0367, 0.0000, 0.0000, 0.0000, 0.0000
1, 9.3300, 933, 0.3111, -0.6136, -0.7245, 1.9929, 0.3989, 0.5270, 0.0000, 0.0000, 0.0000, 0.0000, 0.0000, 0.0000, -0.3832, 0.2835, -0.2450, -0.8442, -0.0201, -0.0173, 0.0053, 0.0000, 0.0000, 0.0000, 0.0000
1, 9.3400, 934, 0.3136, -0.6133, -0.7243, 1.6957, 0.4850, 0.3355, 0.0000, 0.0000, 0.0000, 0.0000, 0.0000, 0.0000, -0.3827, 0.2839, -0.2446, -0.8445, -0.0223, -0.0176, 0.0053, 0.0000, 0.0000, 0.0000, 0.0000
1, 9.3500, 935, 0.3136, -0.6150, -0.7243, 1.2777, 0.2961, 0.1458, 0.0000, 0.0000, 0.0000, 0.0000, 0.0000, 0.0000, -0.3827, 0.2840, -0.2447, -0.8444, -0.0214, -0.0155, 0.0053, 0.0000, 0.0000, 0.0000, 0.0000
3, 9.3800, 938, -0.2527, -0.9627, -0.0416, -0.6483, -9.7919, 0.0782, 0.0000, 0.0000, 0.0000, 0.0000, 0.0000, 0.0000, 0.5371, -0.5964, -0.3311, -0.4962, 0.0164, -0.0065, -0.0279, 0.0000, 0.0000, 0.0000, 0.0000
2, 9.3400, 934, -0.4986, -0.5693, -0.6530, -1.3508, 0.5935, 0.2937, 0.0000, 0.0000, 0.0000, 0.0000, 0.0000, 0.0000, -0.5172, 0.3960, 0.1005, 0.7521, 0.0071, 0.0089, -0.0136, 0.0000, 0.0000, 0.0000, 0.0000
1, 9.3600, 936, 0.3172, -0.6120, -0.7225, 0.8048, 0.2594, 0.0254, 0.0000, 0.0000, 0.0000, 0.0000, 0.0000, 0.0000, -0.3827, 0.2840, -0.2448, -0.8444, -0.0249, -0.0187, 0.0036, 0.0000, 0.0000, 0.0000, 0.0000
3, 9.3900, 939, -0.2636, -0.9678, -0.0485, -0.0785, -9.0135, -0.0444, 0.0000, 0.0000, 0.0000, 0.0000, 0.0000, 0.0000, 0.5374, -0.5968, -0.3306, -0.4957, 0.0272, -0.0015, -0.0206, 0.0000, 0.0000, 0.0000, 0.0000
2, 9.3500, 935, -0.4937, -0.5708, -0.6551, -1.0623, 0.4286, 0.1293, 0.0000, 0.0000, 0.0000, 0.0000, 0.0000, 0.0000, -0.5172, 0.3959, 0.1004, 0.7521, 0.0020, 0.0102, -0.0112, 0.0000, 0.0000, 0.0000, 0.0000
2, 9.3600, 936, -0.4879, -0.5705, -0.6565, -0.8098, 0.0144, 0.4691, 0.0000, 0.0000, 0.0000, 0.0000, 0.0000, 0.0000, -0.5172, 0.3959, 0.1004, 0.7521, -0.0038, 0.0099, -0.0099, 0.0000, 0.0000, 0.0000, 0.0000
1, 9.3700, 937, 0.3194, -0.6126, -0.7250, 0.4382, 0.0692, -0.0597, 0.0000, 0.0000, 0.0000, 0.0000, 0.0000, 0.0000, -0.3827, 0.2840, -0.2448, -0.8444, -0.0271, -0.0182, 0.0061, 0.0000, 0.0000, 0.0000, 0.0000
1, 9.3800, 938, 0.3185, -0.6085, -0.7286, 0.3142, -0.1413, 0.1513, 0.0000, 0.0000, 0.0000, 0.0000, 0.0000, 0.0000, -0.3827, 0.2840, -0.2448, -0.8444, -0.0262, -0.0223, 0.0098, 0.0000, 0.0000, 0.0000, 0.0000
1, 9.3900, 939, 0.3171, -0.6087, -0.7256, 0.1039, -0.2289, 0.1525, 0.0000, 0.0000, 0.0000, 0.0000, 0.0000, 0.0000, -0.3800, 0.2840, -0.2436, -0.8460, -0.0241, -0.0214, 0.0065, 0.0000, 0.0000, 0.0000, 0.0000
3, 9.4000, 940, -0.2643, -0.9622, -0.0409, -0.2962, -7.3892, -0.2670, 0.0000, 0.0000, 0.0000, 0.0000, 0.0000, 0.0000, 0.5376, -0.5971, -0.3303, -0.4953, 0.0279, -0.0070, -0.0279, 0.0000, 0.0000, 0.0000, 0.0000
2, 9.3700, 937, -0.4880, -0.5719, -0.6553, -0.5193, -0.5688, 0.7578, 0.0000, 0.0000, 0.0000, 0.0000, 0.0000, 0.0000, -0.5172, 0.3959, 0.1003, 0.7522, -0.0038, 0.0115, -0.0111, 0.0000, 0.0000, 0.0000, 0.0000
1, 9.4000, 940, 0.3177, -0.6077, -0.7291, 0.3147, -0.3310, 0.2396, 0.0000, 0.0000, 0.0000, 0.0000, 0.0000, 0.0000, -0.3800, 0.2840, -0.2436, -0.8460, -0.0224, -0.0202, 0.0091, 0.0000, 0.0000, 0.0000, 0.0000
2, 9.3800, 938, -0.4960, -0.5692, -0.6507, -0.4478, -0.6920, 0.9695, 0.0000, 0.0000, 0.0000, 0.0000, 0.0000, 0.0000, -0.5171, 0.3959, 0.1002, 0.7522, 0.0040, 0.0089, -0.0156, 0.0000, 0.0000, 0.0000, 0.0000
3, 9.4100, 941, -0.2636, -0.9549, -0.0377, -0.2160, -6.2719, -0.5359, 0.0000, 0.0000, 0.0000, 0.0000, 0.0000, 0.0000, 0.5378, -0.5974, -0.3300, -0.4950, 0.0272, -0.0143, -0.0309, 0.0000, 0.0000, 0.0000, 0.0000
2, 9.3900, 939, -0.4967, -0.5683, -0.6492, -0.6426, -0.8824, 1.0496, 0.0000, 0.0000, 0.0000, 0.0000, 0.0000, 0.0000, -0.5171, 0.3963, 0.1002, 0.7520, 0.0045, 0.0080, -0.0171, 0.0000, 0.0000, 0.0000, 0.0000
3, 9.4200, 942, -0.2566, -0.9541, -0.0361, 0.0137, -5.1495, -0.2446, 0.0000, 0.0000, 0.0000, 0.0000, 0.0000, 0.0000, 0.5375, -0.5982, -0.3296, -0.4946, 0.0200, -0.0151, -0.0319, 0.0000, 0.0000, 0.0000, 0.0000
3, 9.4300, 943, -0.2612, -0.9554, -0.0328, 0.6971, -4.2276, 0.2616, 0.0000, 0.0000, 0.0000, 0.0000, 0.0000, 0.0000, 0.5376, -0.5984, -0.3294, -0.4943, 0.0238, -0.0137, -0.0341, 0.0000, 0.0000, 0.0000, 0.0000
1, 9.4100, 941, 0.3196, -0.6113, -0.7295, 0.2072, -0.4041, 0.4325, 0.0000, 0.0000, 0.0000, 0.0000, 0.0000, 0.0000, -0.3800, 0.2839, -0.2436, -0.8460, -0.0243, -0.0167, 0.0095, 0.0000, 0.0000, 0.0000, 0.0000
2, 9.4000, 940, -0.5011, -0.5717, -0.6479, -0.4994, -0.8623, 0.9500, 0.0000, 0.0000, 0.0000, 0.0000, 0.0000, 0.0000, -0.5171, 0.3964, 0.1000, 0.7520, 0.0084, 0.0112, -0.0179, 0.0000, 0.0000, 0.0000, 0.0000
2, 9.4100, 941, -0.4992, -0.5686, -0.6481, -0.4648, -0.6714, 0.7944, 0.0000, 0.0000, 0.0000, 0.0000, 0.0000, 0.0000, -0.5170, 0.3964, 0.1000, 0.7520, 0.0064, 0.0083, -0.0177, 0.0000, 0.0000, 0.0000, 0.0000
3, 9.4400, 944, -0.2684, -0.9550, -0.0324, 1.7337, -3.7588, 0.5993, 0.0000, 0.0000, 0.0000, 0.0000, 0.0000, 0.0000, 0.5376, -0.5987, -0.3293, -0.4941, 0.0309, -0.0141, -0.0341, 0.0000, 0.0000, 0.0000, 0.0000
1, 9.4200, 942, 0.3178, -0.6098, -0.7284, 0.3456, -0.5099, 0.6770, 0.0000, 0.0000, 0.0000, 0.0000, 0.0000, 0.0000, -0.3800, 0.2839, -0.2437, -0.8459, -0.0227, -0.0182, 0.0083, 0.0000, 0.0000, 0.0000, 0.0000
3, 9.4500, 945, -0.2761, -0.9609, -0.0313, 2.0121, -3.3681, 0.9309, 0.0000, 0.0000, 0.0000, 0.0000, 0.0000, 0.0000, 0.5375, -0.5989, -0.3292, -0.4939, 0.0384, -0.0082, -0.0347, 0.0000, 0.0000, 0.0000, 0.0000
2, 9.4200, 942, -0.4975, -0.5677, -0.6497, -0.0336, -0.7825, 0.5479, 0.0000, 0.0000, 0.0000, 0.0000, 0.0000, 0.0000, -0.5170, 0.3964, 0.0999, 0.7520, 0.0045, 0.0075, -0.0160, 0.0000, 0.0000, 0.0000, 0.0000
1, 9.4300, 943, 0.3235, -0.6090, -0.7281, 0.5395, -0.6286, 0.7293, 0.0000, 0.0000, 0.0000, 0.0000, 0.0000, 0.0000, -0.3800, 0.2838, -0.2438, -0.8459, -0.0285, -0.0191, 0.0081, 0.0000, 0.0000, 0.0000, 0.0000
2, 9.4300, 943, -0.4952, -0.5704, -0.6524, 0.1273, -0.7804, 0.5012, 0.0000, 0.0000, 0.0000, 0.0000, 0.0000, 0.0000, -0.5170, 0.3965, 0.0999, 0.7520, 0.0021, 0.0103, -0.0133, 0.0000, 0.0000, 0.0000, 0.0000
3, 9.4600, 946, -0.2786, -0.9723, -0.0363, 2.2227, -2.9564, 1.1046, 0.0000, 0.0000, 0.0000, 0.0000, 0.0000, 0.0000, 0.5375, -0.5992, -0.3291, -0.4938, 0.0407, 0.0032, -0.0292, 0.0000, 0.0000, 0.0000, 0.0000
1, 9.4400, 944, 0.3177, -0.6131, -0.7319, 0.8010, -0.6812, 0.9382, 0.0000, 0.0000, 0.0000, 0.0000, 0.0000, 0.0000, -0.3794, 0.2838, -0.2436, -0.8463, -0.0227, -0.0150, 0.0118, 0.0000, 0.0000, 0.0000, 0.0000
3, 9.4700, 947, -0.2743, -0.9737, -0.0417, 1.7507, -1.9777, 1.1462, 0.0000, 0.0000, 0.0000, 0.0000, 0.0000, 0.0000, 0.5368, -0.6000, -0.3287, -0.4938, 0.0358, 0.0047, -0.0232, 0.0000, 0.0000, 0.0000, 0.0000
2, 9.4400, 944, -0.4944, -0.5701, -0.6517, 0.3244, -0.9184, 0.6476, 0.0000, 0.0000, 0.0000, 0.0000, 0.0000, 0.0000, -0.5170, 0.3969, 0.0999, 0.7517, 0.0011, 0.0098, -0.0137, 0.0000, 0.0000, 0.0000, 0.0000
1, 9.4500, 945, 0.3176, -0.6115, -0.7320, 0.8176, -0.7343, 1.0432, 0.0000, 0.0000, 0.0000, 0.0000, 0.0000, 0.0000, -0.3795, 0.2838, -0.2437, -0.8462, -0.0222, -0.0162, 0.0118, 0.0000, 0.0000, 0.0000, 0.0000
2, 9.4500, 945, -0.4907, -0.5736, -0.6493, 0.4694, -1.1574, 0.7222, 0.0000, 0.0000, 0.0000, 0.0000, 0.0000, 0.0000, -0.5170, 0.3970, 0.0999, 0.7517, -0.0029, 0.0129, -0.0155, 0.0000, 0.0000, 0.0000, 0.0000
2, 9.4600, 946, -0.4999, -0.5715, -0.6454, 0.2894, -1.1285, 0.9078, 0.0000, 0.0000, 0.0000, 0.0000, 0.0000, 0.0000, -0.5169, 0.3971, 0.0998, 0.7517, 0.0061, 0.0108, -0.0193, 0.0000, 0.0000, 0.0000, 0.0000
1, 9.4600, 946, 0.3134, -0.6118, -0.7323, 0.8374, -0.5578, 0.7629, 0.0000, 0.0000, 0.0000, 0.0000, 0.0000, 0.0000, -0.3795, 0.2837, -0.2438, -0.8462, -0.0182, -0.0160, 0.0121, 0.0000, 0.0000, 0.0000, 0.0000
3, 9.4800, 948, -0.2720, -0.9664, -0.0460, 1.5625, -0.8274, 1.1367, 0.0000, 0.0000, 0.0000, 0.0000, 0.0000, 0.0000, 0.5367, -0.6001, -0.3286, -0.4938, 0.0322, -0.0024, -0.0178, 0.0000, 0.0000, 0.0000, 0.0000
2, 9.4700, 947, -0.5016, -0.5659, -0.6435, 0.1449, -0.9231, 0.8157, 0.0000, 0.0000, 0.0000, 0.0000, 0.0000, 0.0000, -0.5169, 0.3972, 0.0997, 0.7517, 0.0075, 0.0053, -0.0210, 0.0000, 0.0000, 0.0000, 0.0000
1, 9.4700, 947, 0.3157, -0.6126, -0.7295, 0.8914, -0.5902, 0.6930, 0.0000, 0.0000, 0.0000, 0.0000, 0.0000, 0.0000, -0.3795, 0.2837, -0.2439, -0.8462, -0.0206, -0.0154, 0.0094, 0.0000, 0.0000, 0.0000, 0.0000
1, 9.4800, 948, 0.3156, -0.6117, -0.7280, 0.9959, -0.4000, 0.6393, 0.0000, 0.0000, 0.0000, 0.0000, 0.0000, 0.0000, -0.3795, 0.2837, -0.2440, -0.8461, -0.0206, -0.0165, 0.0079, 0.0000, 0.0000, 0.0000, 0.0000
3, 9.4900, 949, -0.2706, -0.9576, -0.0473, 1.4649, 0.4285, 1.0049, 0.0000, 0.0000, 0.0000, 0.0000, 0.0000, 0.0000, 0.5366, -0.6002, -0.3287, -0.4938, 0.0307, -0.0111, -0.0162, 0.0000, 0.0000, 0.0000, 0.0000
2, 9.4800, 948, -0.4978, -0.5716, -0.6451, 0.0715, -0.6119, 0.5693, 0.0000, 0.0000, 0.0000, 0.0000, 0.0000, 0.0000, -0.5168, 0.3973, 0.0997, 0.7517, 0.0036, 0.0110, -0.0194, 0.0000, 0.0000, 0.0000, 0.0000
1, 9.4900, 949, 0.3193, -0.6107, -0.7266, 0.7674, -0.3849, 0.6225, 0.0000, 0.0000, 0.0000, 0.0000, 0.0000, 0.0000, -0.3791, 0.2840, -0.2435, -0.8464, -0.0242, -0.0174, 0.0066, 0.0000, 0.0000, 0.0000, 0.0000
2, 9.4900, 949, -0.4900, -0.5694, -0.6497, -0.1081, -0.5459, 0.6153, 0.0000, 0.0000, 0.0000, 0.0000, 0.0000, 0.0000, -0.5172, 0.3976, 0.0998, 0.7513, -0.0042, 0.0086, -0.0147, 0.0000, 0.0000, 0.0000, 0.0000
2, 9.5000, 950, -0.4962, -0.5711, -0.6471, -0.1446, -0.6020, 0.8408, 0.0000, 0.0000, 0.0000, 0.0000, 0.0000, 0.0000, -0.5172, 0.3977, 0.0998, 0.7513, 0.0019, 0.0099, -0.0167, 0.0000, 0.0000, 0.0000, 0.0000
3, 9.5000, 950, -0.2695, -0.9555, -0.0468, 1.5032, 1.4177, 1.1033, 0.0000, 0.0000, 0.0000, 0.0000, 0.0000, 0.0000, 0.5364, -0.6002, -0.3287, -0.4939, 0.0294, -0.0131, -0.0166, 0.0000, 0.0000, 0.0000, 0.0000
1, 9.5000, 950, 0.3221, -0.6133, -0.7288, 0.8010, -0.5253, 0.8327, 0.0000, 0.0000, 0.0000, 0.0000, 0.0000, 0.0000, -0.3791, 0.2839, -0.2436, -0.8463, -0.0262, -0.0144, 0.0088, 0.0000, 0.0000, 0.0000, 0.0000
2, 9.5100, 951, -0.5002, -0.5664, -0.6481, -0.3778, -0.5368, 0.9024, 0.0000, 0.0000, 0.0000, 0.0000, 0.0000, 0.0000, -0.5172, 0.3977, 0.0997, 0.7513, 0.0058, 0.0053, -0.0157, 0.0000, 0.0000, 0.0000, 0.0000
3, 9.5100, 951, -0.2714, -0.9541, -0.0472, 1.6469, 2.0245, 1.1179, 0.0000, 0.0000, 0.0000, 0.0000, 0.0000, 0.0000, 0.5362, -0.6003, -0.3289, -0.4940, 0.0311, -0.0145, -0.0159, 0.0000, 0.0000, 0.0000, 0.0000
2, 9.5200, 952, -0.4948, -0.5695, -0.6445, -0.4133, -0.4656, 0.7442, 0.0000, 0.0000, 0.0000, 0.0000, 0.0000, 0.0000, -0.5171, 0.3977, 0.0996, 0.7513, 0.0003, 0.0085, -0.0193, 0.0000, 0.0000, 0.0000, 0.0000
3, 9.5200, 952, -0.2716, -0.9569, -0.0480, 1.3981, 2.4922, 1.3745, 0.0000, 0.0000, 0.0000, 0.0000, 0.0000, 0.0000, 0.5357, -0.6006, -0.3287, -0.4943, 0.0309, -0.0116, -0.0149, 0.0000, 0.0000, 0.0000, 0.0000
1, 9.5100, 951, 0.3191, -0.6125, -0.7296, 0.8183, -0.5948, 0.9028, 0.0000, 0.0000, 0.0000, 0.0000, 0.0000, 0.0000, -0.3791, 0.2839, -0.2437, -0.8463, -0.0234, -0.0152, 0.0096, 0.0000, 0.0000, 0.0000, 0.0000
1, 9.5200, 952, 0.3139, -0.6112, -0.7286, 0.7998, -0.4924, 0.9024, 0.0000, 0.0000, 0.0000, 0.0000, 0.0000, 0.0000, -0.3792, 0.2839, -0.2438, -0.8463, -0.0183, -0.0167, 0.0087, 0.0000, 0.0000, 0.0000, 0.0000
3, 9.5300, 953, -0.2656, -0.9658, -0.0476, 1.1326, 2.8573, 1.5443, 0.0000, 0.0000, 0.0000, 0.0000, 0.0000, 0.0000, 0.5354, -0.6005, -0.3288, -0.4945, 0.0239, -0.0025, -0.0149, 0.0000, 0.0000, 0.0000, 0.0000
3, 9.5400, 954, -0.2609, -0.9653, -0.0479, 0.5685, 3.0020, 1.5908, 0.0000, 0.0000, 0.0000, 0.0000, 0.0000, 0.0000, 0.5353, -0.6005, -0.3289, -0.4947, 0.0190, -0.0030, -0.0146, 0.0000, 0.0000, 0.0000, 0.0000
3, 9.5500, 955, -0.2575, -0.9661, -0.0500, 0.5199, 3.4746, 1.4649, 0.0000, 0.0000, 0.0000, 0.0000, 0.0000, 0.0000, 0.5351, -0.6004, -0.3290, -0.4950, 0.0153, -0.0021, -0.0126, 0.0000, 0.0000, 0.0000, 0.0000
2, 9.5300, 953, -0.5032, -0.5660, -0.6408, -0.1841, -0.0847, 0.5260, 0.0000, 0.0000, 0.0000, 0.0000, 0.0000, 0.0000, -0.5171, 0.3977, 0.0996, 0.7513, 0.0086, 0.0050, -0.0230, 0.0000, 0.0000, 0.0000, 0.0000
2, 9.5400, 954, -0.5016, -0.5676, -0.6429, -0.2746, 0.1761, 0.2440, 0.0000, 0.0000, 0.0000, 0.0000, 0.0000, 0.0000, -0.5173, 0.3989, 0.0999, 0.7505, 0.0067, 0.0062, -0.0204, 0.0000, 0.0000, 0.0000, 0.0000
1, 9.5300, 953, 0.3143, -0.6118, -0.7282, 0.9397, -0.3709, 0.8838, 0.0000, 0.0000, 0.0000, 0.0000, 0.0000, 0.0000, -0.3792, 0.2838, -0.2439, -0.8462, -0.0188, -0.0162, 0.0083, 0.0000, 0.0000, 0.0000, 0.0000
3, 9.5600, 956, -0.2572, -0.9641, -0.0492, 0.5264, 4.0873, 1.2511, 0.0000, 0.0000, 0.0000, 0.0000, 0.0000, 0.0000, 0.5349, -0.6003, -0.3292, -0.4952, 0.0149, -0.0041, -0.0135, 0.0000, 0.0000, 0.0000, 0.0000
3, 9.5700, 957, -0.2545, -0.9593, -0.0492, 0.8637, 4.1726, 1.1312, 0.0000, 0.0000, 0.0000, 0.0000, 0.0000, 0.0000, 0.5345, -0.6004, -0.3293, -0.4954, 0.0119, -0.0089, -0.0134, 0.0000, 0.0000, 0.0000, 0.0000
1, 9.5400, 954, 0.3152, -0.6097, -0.7275, 1.1005, -0.3483, 0.6736, 0.0000, 0.0000, 0.0000, 0.0000, 0.0000, 0.0000, -0.3782, 0.2838, -0.2436, -0.8468, -0.0196, -0.0182, 0.0076, 0.0000, 0.0000, 0.0000, 0.0000
1, 9.5500, 955, 0.3159, -0.6126, -0.7258, 1.0299, -0.4187, 0.7440, 0.0000, 0.0000, 0.0000, 0.0000, 0.0000, 0.0000, -0.3782, 0.2838, -0.2437, -0.8468, -0.0197, -0.0147, 0.0056, 0.0000, 0.0000, 0.0000, 0.0000
2, 9.5500, 955, -0.4963, -0.5692, -0.6433, -0.2240, 0.6088, -0.0677, 0.0000, 0.0000, 0.0000, 0.0000, 0.0000, 0.0000, -0.5173, 0.3989, 0.0999, 0.7506, 0.0008, 0.0066, -0.0184, 0.0000, 0.0000, 0.0000, 0.0000
2, 9.5600, 956, -0.4949, -0.5698, -0.6489, -0.2771, 0.4860, 0.0873, 0.0000, 0.0000, 0.0000, 0.0000, 0.0000, 0.0000, -0.5173, 0.3989, 0.0999, 0.7506, -0.0005, 0.0073, -0.0130, 0.0000, 0.0000, 0.0000, 0.0000
3, 9.5800, 958, -0.2579, -0.9611, -0.0484, 1.2751, 4.2784, 0.8023, 0.0000, 0.0000, 0.0000, 0.0000, 0.0000, 0.0000, 0.5343, -0.6003, -0.3295, -0.4956, 0.0150, -0.0069, -0.0138, 0.0000, 0.0000, 0.0000, 0.0000
1, 9.5600, 956, 0.3183, -0.6112, -0.7280, 1.1527, -0.3832, 0.7434, 0.0000, 0.0000, 0.0000, 0.0000, 0.0000, 0.0000, -0.3783, 0.2838, -0.2438, -0.8467, -0.0222, -0.0163, 0.0079, 0.0000, 0.0000, 0.0000, 0.0000
1, 9.5700, 957, 0.3171, -0.6114, -0.7300, 0.9761, -0.2476, 0.7084, 0.0000, 0.0000, 0.0000, 0.0000, 0.0000, 0.0000, -0.3783, 0.2838, -0.2439, -0.8467, -0.0211, -0.0162, 0.0100, 0.0000, 0.0000, 0.0000, 0.0000
1, 9.5800, 958, 0.3158, -0.6124, -0.7331, 1.1695, -0.2456, 0.7077, 0.0000, 0.0000, 0.0000, 0.0000, 0.0000, 0.0000, -0.3783, 0.2838, -0.2440, -0.8466, -0.0199, -0.0155, 0.0132, 0.0000, 0.0000, 0.0000, 0.0000
2, 9.5700, 957, -0.4921, -0.5721, -0.6511, -0.2392, 0.3703, -0.0685, 0.0000, 0.0000, 0.0000, 0.0000, 0.0000, 0.0000, -0.5173, 0.3988, 0.0999, 0.7506, -0.0033, 0.0095, -0.0108, 0.0000, 0.0000, 0.0000, 0.0000
2, 9.5800, 958, -0.4937, -0.5732, -0.6506, -0.0239, 0.0921, 0.2702, 0.0000, 0.0000, 0.0000, 0.0000, 0.0000, 0.0000, -0.5173, 0.3988, 0.0999, 0.7506, -0.0016, 0.0106, -0.0114, 0.0000, 0.0000, 0.0000, 0.0000
1, 9.5900, 959, 0.3131, -0.6115, -0.7307, 1.4108, 0.0095, 0.9152, 0.0000, 0.0000, 0.0000, 0.0000, 0.0000, 0.0000, -0.3774, 0.2834, -0.2440, -0.8472, -0.0172, -0.0164, 0.0108, 0.0000, 0.0000, 0.0000, 0.0000
1, 9.6000, 960, 0.3177, -0.6100, -0.7282, 1.5881, 0.0307, 0.7922, 0.0000, 0.0000, 0.0000, 0.0000, 0.0000, 0.0000, -0.3774, 0.2835, -0.2442, -0.8471, -0.0216, -0.0176, 0.0081, 0.0000, 0.0000, 0.0000, 0.0000
3, 9.5900, 959, -0.2632, -0.9651, -0.0473, 1.0103, 4.4886, 0.8858, 0.0000, 0.0000, 0.0000, 0.0000, 0.0000, 0.0000, 0.5340, -0.6002, -0.3297, -0.4959, 0.0201, -0.0029, -0.0149, 0.0000, 0.0000, 0.0000, 0.0000
2, 9.5900, 959, -0.4941, -0.5731, -0.6486, -0.0954, 0.1091, 0.2503, 0.0000, 0.0000, 0.0000, 0.0000, 0.0000, 0.0000, -0.5177, 0.3997, 0.1002, 0.7497, -0.0013, 0.0101, -0.0130, 0.0000, 0.0000, 0.0000, 0.0000
2, 9.6000, 960, -0.4967, -0.5720, -0.6467, -0.1686, 0.1905, 0.4048, 0.0000, 0.0000, 0.0000, 0.0000, 0.0000, 0.0000, -0.5177, 0.3997, 0.1002, 0.7498, 0.0010, 0.0079, -0.0137, 0.0000, 0.0000, 0.0000, 0.0000
1, 9.6100, 961, 0.3152, -0.6095, -0.7257, 1.8002, 0.0171, 0.7217, 0.0000, 0.0000, 0.0000, 0.0000, 0.0000, 0.0000, -0.3774, 0.2835, -0.2443, -0.8470, -0.0192, -0.0183, 0.0058, 0.0000, 0.0000, 0.0000, 0.0000
3, 9.6000, 960, -0.2652, -0.9705, -0.0432, 0.8144, 4.7827, 1.0917, 0.0000, 0.0000, 0.0000, 0.0000, 0.0000, 0.0000, 0.5338, -0.6000, -0.3299, -0.4962, 0.0220, 0.0025, -0.0190, 0.0000, 0.0000, 0.0000, 0.0000
3, 9.6100, 961, -0.2676, -0.9719, -0.0440, 0.2726, 5.3132, 0.9611, 0.0000, 0.0000, 0.0000, 0.0000, 0.0000, 0.0000, 0.5336, -0.5999, -0.3301, -0.4965, 0.0243, 0.0040, -0.0183, 0.0000, 0.0000, 0.0000, 0.0000
2, 9.6100, 961, -0.4960, -0.5702, -0.6453, -0.3284, 0.1218, 0.3816, 0.0000, 0.0000, 0.0000, 0.0000, 0.0000, 0.0000, -0.5177, 0.3997, 0.1002, 0.7498, 0.0004, 0.0061, -0.0151, 0.0000, 0.0000, 0.0000, 0.0000
1, 9.6200, 962, 0.3169, -0.6132, -0.7259, 1.5905, 0.0169, 0.6176, 0.0000, 0.0000, 0.0000, 0.0000, 0.0000, 0.0000, -0.3774, 0.2836, -0.2445, -0.8470, -0.0210, -0.0148, 0.0062, 0.0000, 0.0000, 0.0000, 0.0000
2, 9.6200, 962, -0.4953, -0.5712, -0.6439, -0.3305, 0.3624, 0.2772, 0.0000, 0.0000, 0.0000, 0.0000, 0.0000, 0.0000, -0.5177, 0.3997, 0.1001, 0.7498, -0.0004, 0.0072, -0.0166, 0.0000, 0.0000, 0.0000, 0.0000
2, 9.6300, 963, -0.4965, -0.5691, -0.6457, -0.5265, 0.3623, 0.2179, 0.0000, 0.0000, 0.0000, 0.0000, 0.0000, 0.0000, -0.5177, 0.3996, 0.1001, 0.7499, 0.0008, 0.0052, -0.0148, 0.0000, 0.0000, 0.0000, 0.0000
1, 9.6300, 963, 0.3151, -0.6124, -0.7254, 1.3967, -0.0722, 0.7061, 0.0000, 0.0000, 0.0000, 0.0000, 0.0000, 0.0000, -0.3774, 0.2836, -0.2446, -0.8469, -0.0193, -0.0159, 0.0059, 0.0000, 0.0000, 0.0000, 0.0000
3, 9.6200, 962, -0.2668, -0.9675, -0.0482, -0.1673, 5.6304, 1.0074, 0.0000, 0.0000, 0.0000, 0.0000, 0.0000, 0.0000, 0.5332, -0.5999, -0.3302, -0.4969, 0.0232, -0.0004, -0.0143, 0.0000, 0.0000, 0.0000, 0.0000
1, 9.6400, 964, 0.3157, -0.6128, -0.7240, 1.3616, -0.0032, 0.6534, 0.0000, 0.0000, 0.0000, 0.0000, 0.0000, 0.0000, -0.3767, 0.2836, -0.2444, -0.8473, -0.0198, -0.0155, 0.0045, 0.0000, 0.0000, 0.0000, 0.0000
2, 9.6400, 964, -0.4969, -0.5667, -0.6475, -0.2760, 0.4722, -0.0697, 0.0000, 0.0000, 0.0000, 0.0000, 0.0000, 0.0000, -0.5176, 0.4001, 0.1002, 0.7497, 0.0012, 0.0027, -0.0129, 0.0000, 0.0000, 0.0000, 0.0000
3, 9.6300, 963, -0.2670, -0.9597, -0.0471, -0.8185, 5.6909, 0.9664, 0.0000, 0.0000, 0.0000, 0.0000, 0.0000, 0.0000, 0.5330, -0.5996, -0.3303, -0.4972, 0.0228, -0.0081, -0.0155, 0.0000, 0.0000, 0.0000, 0.0000
1, 9.6500, 965, 0.3146, -0.6127, -0.7279, 0.9943, -0.0040, 0.4976, 0.0000, 0.0000, 0.0000, 0.0000, 0.0000, 0.0000, -0.3768, 0.2836, -0.2444, -0.8473, -0.0181, -0.0151, 0.0083, 0.0000, 0.0000, 0.0000, 0.0000
2, 9.6500, 965, -0.4967, -0.5697, -0.6466, -0.2586, 0.5238, -0.0864, 0.0000, 0.0000, 0.0000, 0.0000, 0.0000, 0.0000, -0.5176, 0.4000, 0.1002, 0.7497, 0.0007, 0.0053, -0.0133, 0.0000, 0.0000, 0.0000, 0.0000
3, 9.6400, 964, -0.2637, -0.9521, -0.0516, -0.3061, 5.6691, 0.8837, 0.0000, 0.0000, 0.0000, 0.0000, 0.0000, 0.0000, 0.5328, -0.5994, -0.3305, -0.4976, 0.0194, -0.0156, -0.0114, 0.0000, 0.0000, 0.0000, 0.0000
1, 9.6600, 966, 0.3151, -0.6096, -0.7264, 0.9216, -0.0255, 0.6900, 0.0000, 0.0000, 0.0000, 0.0000, 0.0000, 0.0000, -0.3768, 0.2836, -0.2445, -0.8472, -0.0187, -0.0185, 0.0068, 0.0000, 0.0000, 0.0000, 0.0000
1, 9.6700, 967, 0.3138, -0.6133, -0.7259, 0.6974, -0.1600, 0.4470, 0.0000, 0.0000, 0.0000, 0.0000, 0.0000, 0.0000, -0.3768, 0.2836, -0.2446, -0.8472, -0.0175, -0.0148, 0.0065, 0.0000, 0.0000, 0.0000, 0.0000
3, 9.6500, 965, -0.2589, -0.9560, -0.0488, -0.8842, 5.8354, 0.7203, 0.0000, 0.0000, 0.0000, 0.0000, 0.0000, 0.0000, 0.5327, -0.5991, -0.3307, -0.4980, 0.0146, -0.0117, -0.0145, 0.0000, 0.0000, 0.0000, 0.0000
3, 9.6600, 966, -0.2568, -0.9572, -0.0461, -0.0905, 5.6194, 0.6239, 0.0000, 0.0000, 0.0000, 0.0000, 0.0000, 0.0000, 0.5325, -0.5989, -0.3310, -0.4983, 0.0125, -0.0104, -0.0175, 0.0000, 0.0000, 0.0000, 0.0000
3, 9.6700, 967, -0.2549, -0.9578, -0.0380, -0.0529, 5.7427, 0.5186, 0.0000, 0.0000, 0.0000, 0.0000, 0.0000, 0.0000, 0.5321, -0.5990, -0.3311, -0.4984, 0.0105, -0.0098, -0.0256, 0.0000, 0.0000, 0.0000, 0.0000
3, 9.6800, 968, -0.2545, -0.9624, -0.0362, 0.3358, 6.1199, 0.5718, 0.0000, 0.0000, 0.0000, 0.0000, 0.0000, 0.0000, 0.5319, -0.5988, -0.3314, -0.4988, 0.0098, -0.0052, -0.0271, 0.0000, 0.0000, 0.0000, 0.0000
2, 9.6600, 966, -0.4963, -0.5708, -0.6466, -0.0267, 0.5959, -0.2003, 0.0000, 0.0000, 0.0000, 0.0000, 0.0000, 0.0000, -0.5176, 0.4000, 0.1003, 0.7497, 0.0004, 0.0064, -0.0133, 0.0000, 0.0000, 0.0000, 0.0000
1, 9.6800, 968, 0.3170, -0.6117, -0.7266, 0.4851, -0.1812, 0.5526, 0.0000, 0.0000, 0.0000, 0.0000, 0.0000, 0.0000, -0.3768, 0.2836, -0.2447, -0.8472, -0.0208, -0.0165, 0.0071, 0.0000, 0.0000, 0.0000, 0.0000
3, 9.6900, 969, -0.2570, -0.9589, -0.0366, 0.2507, 5.8993, 0.3281, 0.0000, 0.0000, 0.0000, 0.0000, 0.0000, 0.0000, 0.5317, -0.5985, -0.3317, -0.4991, 0.0123, -0.0087, -0.0268, 0.0000, 0.0000, 0.0000, 0.0000
1, 9.6900, 969, 0.3168, -0.6119, -0.7296, 0.5390, -0.1271, 0.4299, 0.0000, 0.0000, 0.0000, 0.0000, 0.0000, 0.0000, -0.3755, 0.2835, -0.2442, -0.8479, -0.0204, -0.0161, 0.0101, 0.0000, 0.0000, 0.0000, 0.0000
1, 9.7000, 970, 0.3182, -0.6119, -0.7290, 0.7317, -0.2994, 0.6047, 0.0000, 0.0000, 0.0000, 0.0000, 0.0000, 0.0000, -0.3755, 0.2834, -0.2443, -0.8479, -0.0210, -0.0152, 0.0090, 0.0000, 0.0000, 0.0000, 0.0000
2, 9.6700, 967, -0.4928, -0.5718, -0.6501, 0.0632, 0.5809, -0.2669, 0.0000, 0.0000, 0.0000, 0.0000, 0.0000, 0.0000, -0.5176, 0.3999, 0.1003, 0.7497, -0.0030, 0.0074, -0.0099, 0.0000, 0.0000, 0.0000, 0.0000
3, 9.7000, 970, -0.2565, -0.9623, -0.0406, 0.2164, 5.6758, 0.2070, 0.0000, 0.0000, 0.0000, 0.0000, 0.0000, 0.0000, 0.5315, -0.5983, -0.3319, -0.4994, 0.0118, -0.0052, -0.0230, 0.0000, 0.0000, 0.0000, 0.0000
3, 9.7100, 971, -0.2543, -0.9643, -0.0418, 0.1471, 5.6261, 0.1194, 0.0000, 0.0000, 0.0000, 0.0000, 0.0000, 0.0000, 0.5313, -0.5980, -0.3322, -0.4997, 0.0097, -0.0032, -0.0221, 0.0000, 0.0000, 0.0000, 0.0000
2, 9.6800, 968, -0.4928, -0.5716, -0.6450, 0.2067, 0.4074, -0.0701, 0.0000, 0.0000, 0.0000, 0.0000, 0.0000, 0.0000, -0.5176, 0.3999, 0.1003, 0.7497, -0.0029, 0.0072, -0.0149, 0.0000, 0.0000, 0.0000, 0.0000
2, 9.6900, 969, -0.4943, -0.5742, -0.6466, -0.0109, 0.6239, 0.0969, 0.0000, 0.0000, 0.0000, 0.0000, 0.0000, 0.0000, -0.5181, 0.4005, 0.1006, 0.7491, -0.0014, 0.0095, -0.0132, 0.0000, 0.0000, 0.0000, 0.0000
1, 9.7100, 971, 0.3179, -0.6132, -0.7287, 0.5398, -0.2126, 0.4303, 0.0000, 0.0000, 0.0000, 0.0000, 0.0000, 0.0000, -0.3755, 0.2834, -0.2443, -0.8479, -0.0207, -0.0140, 0.0087, 0.0000, 0.0000, 0.0000, 0.0000
1, 9.7200, 972, 0.3171, -0.6118, -0.7278, 0.6789, -0.2999, 0.6049, 0.0000, 0.0000, 0.0000, 0.0000, 0.0000, 0.0000, -0.3756, 0.2834, -0.2444, -0.8479, -0.0200, -0.0155, 0.0079, 0.0000, 0.0000, 0.0000, 0.0000
1, 9.7300, 973, 0.3176, -0.6131, -0.7255, 0.6622, -0.3508, 0.5703, 0.0000, 0.0000, 0.0000, 0.0000, 0.0000, 0.0000, -0.3756, 0.2834, -0.2445, -0.8478, -0.0206, -0.0143, 0.0056, 0.0000, 0.0000, 0.0000, 0.0000
1, 9.7400, 974, 0.3138, -0.6128, -0.7246, 0.3659, -0.3154, 0.3441, 0.0000, 0.0000, 0.0000, 0.0000, 0.0000, 0.0000, -0.3745, 0.2834, -0.2439, -0.8485, -0.0166, -0.0144, 0.0046, 0.0000, 0.0000, 0.0000, 0.0000
3, 9.7200, 972, -0.2386, -0.9901, -0.0482, 0.0029, 5.6760, 0.3274, 0.0000, 0.0000, 0.0000, 0.0000, 0.0000, 0.0000, 0.5313, -0.5980, -0.3326, -0.4995, -0.0058, 0.0226, -0.0158, 0.0000, 0.0000, 0.0000, 0.0000
3, 9.7300, 973, -0.2376, -0.9808, -0.0452, -1.2682, 5.6019, 0.4216, 0.0000, 0.0000, 0.0000, 0.0000, 0.0000, 0.0000, 0.5312, -0.5977, -0.3328, -0.4999, -0.0064, 0.0132, -0.0187, 0.0000, 0.0000, 0.0000, 0.0000
3, 9.7400, 974, -0.2447, -0.9542, -0.0476, -3.0753, 5.3032, -0.1686, 0.0000, 0.0000, 0.0000, 0.0000, 0.0000, 0.0000, 0.5312, -0.5973, -0.3329, -0.5003, 0.0008, -0.0134, -0.0169, 0.0000, 0.0000, 0.0000, 0.0000
3, 9.7500, 975, -0.2410, -0.9525, -0.0402, -5.6736, 4.3239, -1.0755, 0.0000, 0.0000, 0.0000, 0.0000, 0.0000, 0.0000, 0.5314, -0.5968, -0.3329, -0.5006, -0.0028, -0.0151, -0.0253, 0.0000, 0.0000, 0.0000, 0.0000
3, 9.7600, 976, -0.2275, -0.9575, -0.0292, -6.5077, 3.8452, -1.9354, 0.0000, 0.0000, 0.0000, 0.0000, 0.0000, 0.0000, 0.5317, -0.5963, -0.3329, -0.5009, -0.0159, -0.0101, -0.0376, 0.0000, 0.0000, 0.0000, 0.0000
3, 9.7700, 977, -0.2131, -0.9732, -0.0240, -5.1810, 3.8527, -2.2207, 0.0000, 0.0000, 0.0000, 0.0000, 0.0000, 0.0000, 0.5320, -0.5960, -0.3332, -0.5007, -0.0298, 0.0055, -0.0437, 0.0000, 0.0000, 0.0000, 0.0000
1, 9.7500, 975, 0.3142, -0.6126, -0.7265, 0.2068, -0.3528, 0.4322, 0.0000, 0.0000, 0.0000, 0.0000, 0.0000, 0.0000, -0.3745, 0.2834, -0.2439, -0.8485, -0.0160, -0.0136, 0.0061, 0.0000, 0.0000, 0.0000, 0.0000
2, 9.7000, 970, -0.4931, -0.5752, -0.6462, -0.1546, 0.6023, 0.2662, 0.0000, 0.0000, 0.0000, 0.0000, 0.0000, 0.0000, -0.5180, 0.4004, 0.1006, 0.7491, -0.0027, 0.0095, -0.0128, 0.0000, 0.0000, 0.0000, 0.0000
1, 9.7600, 976, 0.3183, -0.6124, -0.7292, -0.6588, -0.2057, -0.1583, 0.0000, 0.0000, 0.0000, 0.0000, 0.0000, 0.0000, -0.3745, 0.2833, -0.2439, -0.8485, -0.0202, -0.0138, 0.0087, 0.0000, 0.0000, 0.0000, 0.0000
1, 9.7700, 977, 0.3182, -0.6109, -0.7299, -0.8350, -0.2524, -0.3609, 0.0000, 0.0000, 0.0000, 0.0000, 0.0000, 0.0000, -0.3745, 0.2833, -0.2438, -0.8486, -0.0200, -0.0151, 0.0094, 0.0000, 0.0000, 0.0000, 0.0000
1, 9.7800, 978, 0.3213, -0.6119, -0.7293, -0.8361, -0.2366, -0.2911, 0.0000, 0.0000, 0.0000, 0.0000, 0.0000, 0.0000, -0.3745, 0.2832, -0.2438, -0.8486, -0.0231, -0.0140, 0.0087, 0.0000, 0.0000, 0.0000, 0.0000
3, 9.7800, 978, -0.2122, -0.9694, -0.0221, -4.0952, 2.8462, -2.0820, 0.0000, 0.0000, 0.0000, 0.0000, 0.0000, 0.0000, 0.5323, -0.5956, -0.3332, -0.5008, -0.0299, 0.0016, -0.0459, 0.0000, 0.0000, 0.0000, 0.0000
2, 9.7100, 971, -0.4903, -0.5749, -0.6487, -0.6515, 0.2194, 0.4924, 0.0000, 0.0000, 0.0000, 0.0000, 0.0000, 0.0000, -0.5180, 0.4004, 0.1006, 0.7491, -0.0055, 0.0094, -0.0104, 0.0000, 0.0000, 0.0000, 0.0000
2, 9.7200, 972, -0.4917, -0.5748, -0.6484, -0.5818, 0.2318, 0.7391, 0.0000, 0.0000, 0.0000, 0.0000, 0.0000, 0.0000, -0.5180, 0.4004, 0.1005, 0.7492, -0.0040, 0.0094, -0.0108, 0.0000, 0.0000, 0.0000, 0.0000
2, 9.7300, 973, -0.4955, -0.5692, -0.6474, -0.7961, 0.1945, 0.8187, 0.0000, 0.0000, 0.0000, 0.0000, 0.0000, 0.0000, -0.5180, 0.4003, 0.1004, 0.7492, -0.0004, 0.0040, -0.0119, 0.0000, 0.0000, 0.0000, 0.0000
2, 9.7400, 974, -0.4984, -0.5701, -0.6476, -0.6529, 0.1258, 0.8935, 0.0000, 0.0000, 0.0000, 0.0000, 0.0000, 0.0000, -0.5177, 0.4006, 0.1004, 0.7493, 0.0024, 0.0049, -0.0117, 0.0000, 0.0000, 0.0000, 0.0000
1, 9.7900, 979, 0.3217, -0.6117, -0.7299, -0.4697, -0.1851, -0.1006, 0.0000, 0.0000, 0.0000, 0.0000, 0.0000, 0.0000, -0.3734, 0.2840, -0.2422, -0.8493, -0.0227, -0.0135, 0.0090, 0.0000, 0.0000, 0.0000, 0.0000
1, 9.8000, 980, 0.3172, -0.6117, -0.7316, -0.2074, -0.2193, 0.0384, 0.0000, 0.0000, 0.0000, 0.0000, 0.0000, 0.0000, -0.3734, 0.2840, -0.2422, -0.8493, -0.0158, -0.0117, 0.0102, 0.0000, 0.0000, 0.0000, 0.0000
2, 9.7500, 975, -0.4985, -0.5681, -0.6473, -0.5990, 0.2161, 0.6687, 0.0000, 0.0000, 0.0000, 0.0000, 0.0000, 0.0000, -0.5177, 0.4006, 0.1004, 0.7493, 0.0021, 0.0029, -0.0116, 0.0000, 0.0000, 0.0000, 0.0000
2, 9.7600, 976, -0.4939, -0.5735, -0.6457, -0.7211, 0.0660, 0.4723, 0.0000, 0.0000, 0.0000, 0.0000, 0.0000, 0.0000, -0.5177, 0.4005, 0.1003, 0.7493, -0.0026, 0.0084, -0.0133, 0.0000, 0.0000, 0.0000, 0.0000
2, 9.7700, 977, -0.4928, -0.5728, -0.6490, -0.3996, 0.0510, 0.4837, 0.0000, 0.0000, 0.0000, 0.0000, 0.0000, 0.0000, -0.5177, 0.4005, 0.1003, 0.7494, -0.0036, 0.0079, -0.0101, 0.0000, 0.0000, 0.0000, 0.0000
2, 9.7800, 978, -0.4903, -0.5731, -0.6508, -0.3799, -0.1903, 0.6236, 0.0000, 0.0000, 0.0000, 0.0000, 0.0000, 0.0000, -0.5176, 0.4005, 0.1002, 0.7494, -0.0063, 0.0082, -0.0082, 0.0000, 0.0000, 0.0000, 0.0000
3, 9.7900, 979, -0.2249, -0.9669, -0.0154, -0.2642, 2.3742, -1.5212, 0.0000, 0.0000, 0.0000, 0.0000, 0.0000, 0.0000, 0.5323, -0.5955, -0.3334, -0.5009, -0.0168, -0.0010, -0.0531, 0.0000, 0.0000, 0.0000, 0.0000
3, 9.8000, 980, -0.2510, -0.9658, -0.0319, 2.1297, 0.7663, -0.7207, 0.0000, 0.0000, 0.0000, 0.0000, 0.0000, 0.0000, 0.5322, -0.5955, -0.3336, -0.5009, 0.0095, -0.0022, -0.0364, 0.0000, 0.0000, 0.0000, 0.0000
2, 9.7900, 979, -0.4921, -0.5749, -0.6464, -0.4151, -0.4189, 0.9535, 0.0000, 0.0000, 0.0000, 0.0000, 0.0000, 0.0000, -0.5180, 0.4008, 0.1002, 0.7490, -0.0045, 0.0100, -0.0126, 0.0000, 0.0000, 0.0000, 0.0000
1, 9.8100, 981, 0.3153, -0.6095, -0.7316, -0.0328, -0.0461, 0.0194, 0.0000, 0.0000, 0.0000, 0.0000, 0.0000, 0.0000, -0.3734, 0.2840, -0.2422, -0.8493, -0.0139, -0.0139, 0.0102, 0.0000, 0.0000, 0.0000, 0.0000
2, 9.8000, 980, -0.4949, -0.5739, -0.6454, -0.3981, -0.4572, 1.1634, 0.0000, 0.0000, 0.0000, 0.0000, 0.0000, 0.0000, -0.5179, 0.4008, 0.1002, 0.7491, -0.0017, 0.0086, -0.0132, 0.0000, 0.0000, 0.0000, 0.0000
2, 9.8100, 981, -0.4990, -0.5733, -0.6433, -0.5956, -0.3740, 1.1914, 0.0000, 0.0000, 0.0000, 0.0000, 0.0000, 0.0000, -0.5178, 0.4008, 0.1001, 0.7491, 0.0022, 0.0082, -0.0153, 0.0000, 0.0000, 0.0000, 0.0000
2, 9.8200, 982, -0.4990, -0.5706, -0.6427, -0.5964, -0.2529, 1.1043, 0.0000, 0.0000, 0.0000, 0.0000, 0.0000, 0.0000, -0.5178, 0.4008, 0.1000, 0.7492, 0.0021, 0.0056, -0.0160, 0.0000, 0.0000, 0.0000, 0.0000
3, 9.8100, 981, -0.2697, -0.9664, -0.0401, 2.7428, -0.8218, 0.1165, 0.0000, 0.0000, 0.0000, 0.0000, 0.0000, 0.0000, 0.5321, -0.5957, -0.3337, -0.5007, 0.0282, -0.0016, -0.0277, 0.0000, 0.0000, 0.0000, 0.0000
1, 9.8200, 982, 0.3098, -0.6124, -0.7296, 0.1765, 0.1267, 0.0353, 0.0000, 0.0000, 0.0000, 0.0000, 0.0000, 0.0000, -0.3734, 0.2840, -0.2422, -0.8493, -0.0084, -0.0110, 0.0083, 0.0000, 0.0000, 0.0000, 0.0000
1, 9.8300, 983, 0.3162, -0.6118, -0.7257, 0.3896, 0.2703, -0.2106, 0.0000, 0.0000, 0.0000, 0.0000, 0.0000, 0.0000, -0.3733, 0.2840, -0.2422, -0.8493, -0.0147, -0.0117, 0.0043, 0.0000, 0.0000, 0.0000, 0.0000
3, 9.8200, 982, -0.2732, -0.9736, -0.0434, 2.9916, -1.1017, 0.9764, 0.0000, 0.0000, 0.0000, 0.0000, 0.0000, 0.0000, 0.5314, -0.5964, -0.3335, -0.5007, 0.0313, 0.0056, -0.0237, 0.0000, 0.0000, 0.0000, 0.0000
2, 9.8300, 983, -0.4943, -0.5698, -0.6449, -0.5788, -0.0767, 0.8261, 0.0000, 0.0000, 0.0000, 0.0000, 0.0000, 0.0000, -0.5178, 0.4008, 0.0999, 0.7492, -0.0028, 0.0050, -0.0138, 0.0000, 0.0000, 0.0000, 0.0000
1, 9.8400, 984, 0.3187, -0.6151, -0.7224, 0.1951, 0.2496, -0.1225, 0.0000, 0.0000, 0.0000, 0.0000, 0.0000, 0.0000, -0.3727, 0.2845, -0.2414, -0.8497, -0.0167, -0.0081, 0.0011, 0.0000, 0.0000, 0.0000, 0.0000
3, 9.8300, 983, -0.2734, -0.9712, -0.0459, 1.4892, -0.3798, 1.4299, 0.0000, 0.0000, 0.0000, 0.0000, 0.0000, 0.0000, 0.5313, -0.5965, -0.3334, -0.5007, 0.0304, 0.0034, -0.0202, 0.0000, 0.0000, 0.0000, 0.0000
2, 9.8400, 984, -0.4960, -0.5722, -0.6478, -0.7761, -0.0456, 0.9064, 0.0000, 0.0000, 0.0000, 0.0000, 0.0000, 0.0000, -0.5178, 0.4010, 0.0999, 0.7491, -0.0012, 0.0075, -0.0109, 0.0000, 0.0000, 0.0000, 0.0000
1, 9.8500, 985, 0.3140, -0.6148, -0.7255, -0.1383, 0.3165, -0.2265, 0.0000, 0.0000, 0.0000, 0.0000, 0.0000, 0.0000, -0.3727, 0.2845, -0.2414, -0.8497, -0.0104, -0.0074, 0.0039, 0.0000, 0.0000, 0.0000, 0.0000
3, 9.8400, 984, -0.2691, -0.9670, -0.0467, 0.4143, 0.2901, 1.6080, 0.0000, 0.0000, 0.0000, 0.0000, 0.0000, 0.0000, 0.5312, -0.5966, -0.3334, -0.5008, 0.0259, -0.0007, -0.0192, 0.0000, 0.0000, 0.0000, 0.0000
3, 9.8500, 985, -0.2635, -0.9622, -0.0418, -0.7085, 0.9836, 1.4886, 0.0000, 0.0000, 0.0000, 0.0000, 0.0000, 0.0000, 0.5311, -0.5965, -0.3333, -0.5009, 0.0201, -0.0055, -0.0243, 0.0000, 0.0000, 0.0000, 0.0000
1, 9.8600, 986, 0.3162, -0.6156, -0.7226, -0.3309, 0.2465, -0.2429, 0.0000, 0.0000, 0.0000, 0.0000, 0.0000, 0.0000, -0.3727, 0.2845, -0.2413, -0.8497, -0.0127, -0.0065, 0.0010, 0.0000, 0.0000, 0.0000, 0.0000
2, 9.8500, 985, -0.4957, -0.5719, -0.6482, -0.7579, -0.0622, 0.8895, 0.0000, 0.0000, 0.0000, 0.0000, 0.0000, 0.0000, -0.5178, 0.4010, 0.0998, 0.7491, -0.0016, 0.0071, -0.0103, 0.0000, 0.0000, 0.0000, 0.0000
3, 9.8600, 986, -0.2630, -0.9550, -0.0431, -1.3197, 1.5507, 1.3047, 0.0000, 0.0000, 0.0000, 0.0000, 0.0000, 0.0000, 0.5311, -0.5964, -0.3333, -0.5011, 0.0194, -0.0126, -0.0232, 0.0000, 0.0000, 0.0000, 0.0000
2, 9.8600, 986, -0.4949, -0.5728, -0.6464, -0.8646, -0.1147, 0.9206, 0.0000, 0.0000, 0.0000, 0.0000, 0.0000, 0.0000, -0.5178, 0.4009, 0.0997, 0.7492, -0.0026, 0.0081, -0.0121, 0.0000, 0.0000, 0.0000, 0.0000
1, 9.8700, 987, 0.3139, -0.6112, -0.7234, -0.5552, 0.1119, -0.4860, 0.0000, 0.0000, 0.0000, 0.0000, 0.0000, 0.0000, -0.3727, 0.2845, -0.2413, -0.8497, -0.0103, -0.0109, 0.0017, 0.0000, 0.0000, 0.0000, 0.0000
3, 9.8700, 987, -0.2621, -0.9533, -0.0408, -1.4036, 1.8158, 1.1275, 0.0000, 0.0000, 0.0000, 0.0000, 0.0000, 0.0000, 0.5307, -0.5969, -0.3331, -0.5012, 0.0181, -0.0141, -0.0255, 0.0000, 0.0000, 0.0000, 0.0000
3, 9.8800, 988, -0.2644, -0.9500, -0.0421, -0.9571, 2.1461, 0.8671, 0.0000, 0.0000, 0.0000, 0.0000, 0.0000, 0.0000, 0.5306, -0.5968, -0.3331, -0.5014, 0.0195, -0.0173, -0.0237, 0.0000, 0.0000, 0.0000, 0.0000
2, 9.8700, 987, -0.4999, -0.5703, -0.6442, -0.6335, -0.0277, 0.9114, 0.0000, 0.0000, 0.0000, 0.0000, 0.0000, 0.0000, -0.5177, 0.4009, 0.0996, 0.7492, 0.0023, 0.0058, -0.0144, 0.0000, 0.0000, 0.0000, 0.0000
1, 9.8800, 988, 0.3172, -0.6113, -0.7258, -0.7470, 0.0258, -0.5547, 0.0000, 0.0000, 0.0000, 0.0000, 0.0000, 0.0000, -0.3726, 0.2845, -0.2412, -0.8497, -0.0135, -0.0106, 0.0041, 0.0000, 0.0000, 0.0000, 0.0000
3, 9.8900, 989, -0.2707, -0.9472, -0.0488, -0.4915, 2.7026, 0.5880, 0.0000, 0.0000, 0.0000, 0.0000, 0.0000, 0.0000, 0.5305, -0.5966, -0.3332, -0.5015, 0.0257, -0.0201, -0.0172, 0.0000, 0.0000, 0.0000, 0.0000
2, 9.8800, 988, -0.4988, -0.5714, -0.6451, -0.5689, -0.0442, 0.4124, 0.0000, 0.0000, 0.0000, 0.0000, 0.0000, 0.0000, -0.5177, 0.4009, 0.0996, 0.7492, 0.0012, 0.0070, -0.0136, 0.0000, 0.0000, 0.0000, 0.0000
1, 9.8900, 989, 0.3202, -0.6108, -0.7281, -0.8363, -0.0291, -0.4144, 0.0000, 0.0000, 0.0000, 0.0000, 0.0000, 0.0000, -0.3712, 0.2840, -0.2409, -0.8506, -0.0163, -0.0107, 0.0061, 0.0000, 0.0000, 0.0000, 0.0000
3, 9.9000, 990, -0.2680, -0.9500, -0.0548, -0.0052, 3.7813, 0.2705, 0.0000, 0.0000, 0.0000, 0.0000, 0.0000, 0.0000, 0.5304, -0.5965, -0.3333, -0.5018, 0.0230, -0.0172, -0.0113, 0.0000, 0.0000, 0.0000, 0.0000
3, 9.9100, 991, -0.2730, -0.9543, -0.0562, 0.6390, 4.7709, -0.0276, 0.0000, 0.0000, 0.0000, 0.0000, 0.0000, 0.0000, 0.5302, -0.5963, -0.3336, -0.5020, 0.0281, -0.0129, -0.0100, 0.0000, 0.0000, 0.0000, 0.0000
1, 9.9000, 990, 0.3240, -0.6088, -0.7317, -0.4672, -0.0431, -0.3807, 0.0000, 0.0000, 0.0000, 0.0000, 0.0000, 0.0000, -0.3712, 0.2840, -0.2409, -0.8506, -0.0197, -0.0118, 0.0091, 0.0000, 0.0000, 0.0000, 0.0000
2, 9.8900, 989, -0.4963, -0.5715, -0.6516, -0.1648, -0.1283, -0.0049, 0.0000, 0.0000, 0.0000, 0.0000, 0.0000, 0.0000, -0.5201, 0.4015, 0.1000, 0.7472, -0.0009, 0.0065, -0.0068, 0.0000, 0.0000, 0.0000, 0.0000
3, 9.9200, 992, -0.2760, -0.9651, -0.0582, 1.2764, 5.5627, 0.0250, 0.0000, 0.0000, 0.0000, 0.0000, 0.0000, 0.0000, 0.5297, -0.5963, -0.3338, -0.5023, 0.0310, -0.0022, -0.0080, 0.0000, 0.0000, 0.0000, 0.0000
1, 9.9100, 991, 0.3197, -0.6118, -0.7330, -0.1905, -0.0122, -0.0500, 0.0000, 0.0000, 0.0000, 0.0000, 0.0000, 0.0000, -0.3712, 0.2840, -0.2408, -0.8506, -0.0153, -0.0087, 0.0103, 0.0000, 0.0000, 0.0000, 0.0000
2, 9.9000, 990, -0.4951, -0.5711, -0.6486, -0.0207, -0.1937, -0.0871, 0.0000, 0.0000, 0.0000, 0.0000, 0.0000, 0.0000, -0.5201, 0.4015, 0.1000, 0.7472, -0.0009, 0.0039, -0.0090, 0.0000, 0.0000, 0.0000, 0.0000
3, 9.9300, 993, -0.2751, -0.9700, -0.0559, 1.8553, 6.0201, 0.3239, 0.0000, 0.0000, 0.0000, 0.0000, 0.0000, 0.0000, 0.5295, -0.5962, -0.3341, -0.5026, 0.0296, 0.0028, -0.0100, 0.0000, 0.0000, 0.0000, 0.0000
1, 9.9200, 992, 0.3149, -0.6115, -0.7367, 0.0189, 0.1780, -0.0517, 0.0000, 0.0000, 0.0000, 0.0000, 0.0000, 0.0000, -0.3712, 0.2840, -0.2408, -0.8506, -0.0105, -0.0090, 0.0140, 0.0000, 0.0000, 0.0000, 0.0000
2, 9.9100, 991, -0.4976, -0.5709, -0.6505, 0.0876, -0.2419, -0.1880, 0.0000, 0.0000, 0.0000, 0.0000, 0.0000, 0.0000, -0.5201, 0.4015, 0.1000, 0.7472, 0.0017, 0.0037, -0.0071, 0.0000, 0.0000, 0.0000, 0.0000
3, 9.9400, 994, -0.2725, -0.9677, -0.0543, 2.1854, 6.2877, 0.6917, 0.0000, 0.0000, 0.0000, 0.0000, 0.0000, 0.0000, 0.5291, -0.5960, -0.3345, -0.5029, 0.0270, 0.0006, -0.0115, 0.0000, 0.0000, 0.0000, 0.0000
1, 9.9300, 993, 0.3169, -0.6112, -0.7304, 0.4573, 0.3019, -0.0364, 0.0000, 0.0000, 0.0000, 0.0000, 0.0000, 0.0000, -0.3712, 0.2841, -0.2409, -0.8506, -0.0125, -0.0094, 0.0078, 0.0000, 0.0000, 0.0000, 0.0000
2, 9.9200, 992, -0.4972, -0.5706, -0.6488, 0.2332, -0.5143, -0.1483, 0.0000, 0.0000, 0.0000, 0.0000, 0.0000, 0.0000, -0.5201, 0.4016, 0.1000, 0.7472, 0.0012, 0.0035, -0.0087, 0.0000, 0.0000, 0.0000, 0.0000
3, 9.9500, 995, -0.2674, -0.9646, -0.0508, 1.9527, 6.2691, 0.8994, 0.0000, 0.0000, 0.0000, 0.0000, 0.0000, 0.0000, 0.5288, -0.5959, -0.3348, -0.5032, 0.0218, -0.0025, -0.0150, 0.0000, 0.0000, 0.0000, 0.0000
2, 9.9300, 993, -0.4981, -0.5711, -0.6453, 0.2305, -0.1519, -0.3747, 0.0000, 0.0000, 0.0000, 0.0000, 0.0000, 0.0000, -0.5201, 0.4016, 0.1001, 0.7471, 0.0021, 0.0039, -0.0122, 0.0000, 0.0000, 0.0000, 0.0000
3, 9.9600, 996, -0.2608, -0.9592, -0.0465, 2.3924, 6.7300, 1.0922, 0.0000, 0.0000, 0.0000, 0.0000, 0.0000, 0.0000, 0.5284, -0.5957, -0.3351, -0.5036, 0.0151, -0.0079, -0.0191, 0.0000, 0.0000, 0.0000, 0.0000
2, 9.9400, 994, -0.4990, -0.5736, -0.6410, 0.1579, 0.0028, -0.4643, 0.0000, 0.0000, 0.0000, 0.0000, 0.0000, 0.0000, -0.5200, 0.4021, 0.1003, 0.7469, 0.0029, 0.0062, -0.0162, 0.0000, 0.0000, 0.0000, 0.0000
2, 9.9500, 995, -0.4971, -0.5693, -0.6419, 0.1547, 0.3279, -0.5338, 0.0000, 0.0000, 0.0000, 0.0000, 0.0000, 0.0000, -0.5201, 0.4020, 0.1003, 0.7469, 0.0008, 0.0013, -0.0147, 0.0000, 0.0000, 0.0000, 0.0000
2, 9.9600, 996, -0.4932, -0.5712, -0.6454, -0.0609, 0.5165, -0.6633, 0.0000, 0.0000, 0.0000, 0.0000, 0.0000, 0.0000, -0.5201, 0.4020, 0.1003, 0.7469, -0.0029, 0.0032, -0.0113, 0.0000, 0.0000, 0.0000, 0.0000
2, 9.9700, 997, -0.4936, -0.5739, -0.6487, -0.1320, 0.4816, -0.6484, 0.0000, 0.0000, 0.0000, 0.0000, 0.0000, 0.0000, -0.5201, 0.4019, 0.1004, 0.7469, -0.0024, 0.0058, -0.0080, 0.0000, 0.0000, 0.0000, 0.0000
3, 9.9700, 997, -0.2559, -0.9528, -0.0477, 2.2515, 6.9913, 1.1591, 0.0000, 0.0000, 0.0000, 0.0000, 0.0000, 0.0000, 0.5280, -0.5957, -0.3355, -0.5039, 0.0101, -0.0143, -0.0178, 0.0000, 0.0000, 0.0000, 0.0000
3, 9.9800, 998, -0.2507, -0.9543, -0.0472, 2.6904, 6.8286, 1.2164, 0.0000, 0.0000, 0.0000, 0.0000, 0.0000, 0.0000, 0.5276, -0.5955, -0.3358, -0.5042, 0.0046, -0.0128, -0.0179, 0.0000, 0.0000, 0.0000, 0.0000
3, 9.9900, 999, -0.2491, -0.9568, -0.0516, 2.5104, 6.0479, 1.2202, 0.0000, 0.0000, 0.0000, 0.0000, 0.0000, 0.0000, 0.5272, -0.5954, -0.3362, -0.5045, 0.0028, -0.0102, -0.0134, 0.0000, 0.0000, 0.0000, 0.0000
3, 10.0000, 1000, -0.2494, -0.9651, -0.0520, 2.1391, 5.4454, 1.1163, 0.0000, 0.0000, 0.0000, 0.0000, 0.0000, 0.0000, 0.5269, -0.5953, -0.3365, -0.5048, 0.0030, -0.0019, -0.0128, 0.0000, 0.0000, 0.0000, 0.0000
2, 9.9800, 998, -0.4985, -0.5703, -0.6489, -0.0601, 0.3422, -0.4716, 0.0000, 0.0000, 0.0000, 0.0000, 0.0000, 0.0000, -0.5202, 0.4019, 0.1004, 0.7469, 0.0025, 0.0022, -0.0079, 0.0000, 0.0000, 0.0000, 0.0000
3, 10.0100, 1001, -0.2459, -0.9697, -0.0541, 1.7682, 5.1720, 1.0799, 0.0000, 0.0000, 0.0000, 0.0000, 0.0000, 0.0000, 0.5266, -0.5952, -0.3367, -0.5050, -0.0005, 0.0028, -0.0106, 0.0000, 0.0000, 0.0000, 0.0000
3, 10.0200, 1002, -0.2434, -0.9718, -0.0506, 1.3510, 5.0449, 0.6929, 0.0000, 0.0000, 0.0000, 0.0000, 0.0000, 0.0000, 0.5264, -0.5952, -0.3370, -0.5051, -0.0031, 0.0048, -0.0140, 0.0000, 0.0000, 0.0000, 0.0000
